0
1
1.15252
1.29004
1.41757
1.53271
1.6261
1.7304
1.82376
1.9246
1.99083
2.07812
2.18504
2.23562
2.32215
2.37832
2.4684
2.52309
2.58211
2.65629
2.70627
2.79333
2.84867
2.89308
2.96997
3.0104
3.05393
3.17492
3.21381
3.26003
3.31724
3.3497
3.42178
3.46468
3.49691
3.5317
3.57378
3.6092
3.64446
3.70768
3.76749
3.83444
3.89018
3.9284
3.94585
3.99874
4.04613
4.06335
4.15373
4.15695
4.14296
4.23118
4.32611
4.32117
4.37132
4.41139
4.45644
4.44382
4.52961
4.57198
4.54724
4.55719
4.57587
4.72146
4.69207
4.80803
4.76021
4.81655
4.89935
4.97458
4.96
4.96147
5.0263
5.01559
5.03452
5.1032
5.12948
5.19229
5.2019
5.25896
5.26263
5.26273
5.38304
5.38031
5.37813
5.3847
5.42735
5.49586
5.50488
5.49035
5.54798
5.65028
5.70904
5.68775
5.74178
5.78864
5.77702
5.77201
5.84366
5.82337
