0
0
0.290953
0.33356
0.35179
0.363397
0.371156
0.377744
0.382325
0.382334
0.390353
0.391587
0.395266
0.396017
0.396318
0.397359
0.39778
0.401234
0.399711
0.397042
0.39639
0.398004
0.396769
0.398518
0.398527
0.400513
0.401955
0.40191
0.4021
0.402402
0.403749
0.402807
0.400208
0.400865
0.40258
0.403036
0.402152
0.400067
0.399295
0.400744
0.400779
0.400084
0.398665
0.397188
0.3981
0.398367
0.398744
0.399587
0.399857
0.399477
0.401567
0.402856
0.403234
0.402899
0.403531
0.403188
0.403535
0.405168
0.402907
0.402808
0.40115
0.402509
0.401288
0.401252
0.402616
0.402049
0.403261
0.403405
0.404922
0.405531
0.405528
0.406199
0.406855
0.406243
0.405841
0.405627
0.405862
0.405242
0.405204
0.405141
0.405569
0.405283
0.40456
0.404818
0.405323
0.405148
0.405708
0.404889
0.404278
0.40369
0.404
0.404567
0.405042
0.403853
0.404502
0.402718
0.402856
0.40275
0.401784
0.402589
0.401558
0.401064
0.402265
0.40282
0.402572
0.400873
0.400506
0.400584
0.400768
0.400461
0.400126
0.399813
0.400311
0.3994
0.398179
0.399038
0.398821
0.399067
0.398857
0.399126
0.398216
0.398909
0.399282
0.400332
0.400921
0.400804
0.401827
0.40145
0.401937
0.402185
0.402355
0.402594
0.40315
0.402302
0.402051
0.402438
0.4018
0.401446
0.401343
0.401568
0.402997
0.403993
0.403763
0.403494
0.40337
0.403026
0.403013
0.403392
0.404029
0.403775
0.403728
0.404528
0.404931
0.405696
0.405803
0.405114
0.403336
0.402264
0.402591
0.40309
0.402767
0.401937
0.402192
0.402661
0.403068
0.403264
0.4027
0.40189
0.401074
0.401097
0.400942
0.400754
0.401282
0.401405
0.40157
0.402231
0.401975
0.401716
0.402916
0.402819
0.402958
0.403753
0.403994
0.403728
0.403977
0.403762
0.403993
0.403652
0.403464
0.403744
0.40377
0.404303
0.404822
0.404422
0.404045
0.403947
0.403906
0.403259
0.403371
0.402598
0.402203
0.401315
0.401364
0.401986
0.402386
0.401994
0.402298
0.40276
0.402863
0.402707
0.40297
0.403529
0.403492
0.40349
0.402995
0.402725
0.402617
0.402106
0.403113
0.403761
0.403535
0.403534
0.403633
0.403453
0.40296
0.402309
0.402753
0.40355
0.403226
0.403475
0.403452
0.40339
0.404312
0.404557
0.404367
0.404659
0.40505
0.404726
0.404916
0.405299
0.405213
0.405115
0.404883
0.404417
0.405003
0.40409
0.404542
0.404661
0.404275
0.404141
0.403902
0.404178
0.404035
0.404264
0.403306
0.403846
0.403884
0.404147
0.404357
0.40435
0.404841
0.405471
0.406567
0.406387
0.407119
0.407027
0.407137
0.407806
0.407183
0.40775
0.407987
0.407847
0.407325
0.4069
0.407047
0.406869
0.406938
0.406894
0.407716
0.40831
0.408375
0.408225
0.409396
0.41006
0.409491
0.408711
0.408604
0.407868
0.408224
0.408231
0.407494
0.407187
0.407272
0.406329
0.406105
0.406107
0.405939
0.406902
0.406626
0.406565
0.405954
0.406399
0.406303
0.406324
0.405239
0.405271
0.40545
0.405904
0.405865
0.407007
0.406686
0.407094
0.407412
0.406879
0.406685
0.406596
0.406856
0.406191
0.406178
0.405563
0.405691
0.406376
0.40682
0.406707
0.407453
0.406878
0.407072
0.407205
0.406946
0.407325
0.407587
0.408079
0.408988
0.408763
0.408913
0.409129
0.408676
0.408113
0.408127
0.408504
0.409008
0.4084
0.409105
0.40922
0.409741
0.410337
0.410211
0.409559
0.409853
0.409688
0.409256
0.408728
0.408459
0.408143
0.408472
0.40852
0.408951
0.408928
0.408535
0.40872
0.408449
0.408475
0.408668
0.40876
0.408541
0.409063
0.409108
0.408894
0.408491
0.408859
0.40905
0.408865
0.409178
0.409174
0.409078
0.408829
0.408249
0.408114
0.407432
0.407269
0.408247
0.407793
0.407869
0.408007
0.40809
0.408008
0.408437
0.408013
0.407224
0.408135
0.408951
0.409369
0.408795
0.409067
0.408472
0.408511
0.40884
0.408984
0.409207
0.408772
0.408531
0.408386
0.408558
0.408863
0.408408
0.408214
0.408252
0.408445
0.408132
0.407744
0.407623
0.407854
0.407935
0.408038
0.407968
0.407464
0.407406
0.407359
0.407827
0.408128
0.40807
0.408582
0.408609
0.408784
0.408847
0.40894
0.408772
0.409499
0.409056
0.408747
0.40877
0.408615
0.408346
0.408926
0.408225
0.408197
0.408045
0.40804
0.408342
0.40739
0.407552
0.407348
0.406911
0.407186
0.406767
0.407372
0.406938
0.406919
0.406764
0.40679
0.406356
0.406102
0.406011
0.406088
0.406223
0.406122
0.406519
0.406034
0.405986
0.405545
0.405189
0.405445
0.40552
0.405316
0.405754
0.405681
0.405546
0.405389
0.405521
0.405321
0.405229
0.40509
0.405027
0.405169
0.405159
0.405487
0.405734
0.405971
0.405366
0.405816
0.405814
0.405979
0.405855
0.405915
0.405834
0.405497
0.405377
0.40493
0.405116
0.405129
0.405483
0.405034
0.405271
0.405276
0.404892
0.404931
0.405028
0.405514
0.404948
0.405434
0.405565
0.40585
0.405807
0.40577
0.405813
0.406361
0.406256
0.40589
0.405888
0.406072
0.405897
0.40578
0.406101
0.406277
0.406135
0.406925
0.406754
0.406837
0.406704
0.406868
0.406623
0.406246
0.406349
0.407095
0.407473
0.407044
0.407077
0.407071
0.407142
0.407089
0.407437
0.407631
0.407989
0.407751
0.407148
0.406858
0.406836
0.406767
0.406521
0.40574
0.4068
0.407007
0.407297
0.407313
0.407394
0.407754
0.408198
0.40764
0.407753
0.407564
0.40763
0.407596
0.407518
0.4074
0.407295
0.406822
0.406562
0.406769
0.40735
0.407275
0.407561
0.408048
0.408383
0.408367
0.407857
0.407679
0.408328
0.408465
0.408574
0.408535
0.408483
0.409001
0.408859
0.407847
0.407552
0.407115
0.407228
0.407455
0.407949
0.408149
0.408104
0.408455
0.409008
0.409382
0.409623
0.40902
0.408946
0.409222
0.409658
0.409466
0.409876
0.40991
0.409927
0.40941
0.409263
0.409123
0.408686
0.408267
0.408328
0.40794
0.407825
0.407789
0.408256
0.408375
0.407796
0.407418
0.407429
0.407555
0.40739
0.407826
0.407857
0.407987
0.407637
0.407653
0.407568
0.40727
0.406633
0.406575
0.40636
0.406604
0.406232
0.406728
0.406997
0.406763
0.406771
0.406337
0.405977
0.405885
0.405724
0.405785
0.405836
0.405885
0.405732
0.406034
0.406338
0.405919
0.405646
0.405394
0.405318
0.404686
0.40479
0.404678
0.404657
0.404654
0.404294
0.404059
0.403836
0.404178
0.404551
0.404411
0.404139
0.404298
0.404058
0.404175
0.404205
0.404364
0.404446
0.404623
0.40469
0.404567
0.404128
0.404431
0.404705
0.405422
0.405216
0.405404
0.405489
0.40522
0.405126
0.4051
0.40521
0.405188
0.405009
0.405123
0.405222
0.40532
0.405137
0.405048
0.404857
0.404689
0.404602
0.404577
0.404358
0.404417
0.404609
0.40498
0.404886
0.40468
0.405058
0.40493
0.405175
0.405032
0.405131
0.405043
0.404468
0.404582
0.404371
0.404134
0.404246
0.404351
0.404463
0.404603
0.404641
0.404866
0.404657
0.404497
0.404377
0.404348
0.404809
0.404582
0.404904
0.405223
0.404931
0.404382
0.404325
0.404089
0.404132
0.403845
0.404025
0.404143
0.404335
0.404381
0.404077
0.404188
0.404543
0.40495
0.405039
0.404291
0.404307
0.404929
0.405442
0.405254
0.405093
0.40487
0.405065
0.405181
0.405085
0.40547
0.405403
0.405559
0.405096
0.405048
0.404913
0.404555
0.404787
0.404709
0.404584
0.404445
0.404067
0.40385
0.40414
0.404391
0.404592
0.404591
0.404687
0.404823
0.404651
0.404253
0.404086
0.404106
0.403746
0.403541
0.403789
0.403809
0.403619
0.403426
0.403226
0.402597
0.402593
0.402599
0.402612
0.402804
0.40286
0.403513
0.403312
0.403355
0.40326
0.403072
0.403147
0.402975
0.402613
0.403033
0.403432
0.40361
0.403716
0.403666
0.403558
0.403831
0.404442
0.404576
0.404423
0.404341
0.40396
0.403928
0.403754
0.403825
0.403873
0.40386
0.403831
0.403827
0.404221
0.404276
0.404123
0.404063
0.404283
0.404335
0.404111
0.40404
0.404254
0.404052
0.404148
0.403639
0.403706
0.403329
0.403326
0.4035
0.403289
0.402838
0.402757
0.40298
0.402965
0.403526
0.403377
0.403449
0.403404
0.403754
0.40327
0.403251
0.402883
0.402596
0.402391
0.402626
0.402165
0.402092
0.402059
0.402018
0.401649
0.402029
0.401861
0.401847
0.40174
0.401494
0.401539
0.401361
0.40139
0.400947
0.400682
0.400755
0.400365
0.400858
0.401033
0.400704
0.400971
0.400577
0.400642
0.400403
0.400686
0.400413
0.400606
0.40015
0.400216
0.400232
0.399937
0.399774
0.400239
0.400048
0.400111
0.400528
0.400527
0.400611
0.400569
0.400267
0.400397
0.400327
0.400513
0.400792
0.401103
0.400961
0.401183
0.401855
0.401123
0.401233
0.401201
0.401306
0.400489
0.400688
0.400643
0.400837
0.401453
0.401313
0.401192
0.401164
0.40131
0.40172
0.401967
0.401847
0.402622
0.402747
0.403135
0.403366
0.403683
0.404283
0.404021
0.403699
0.403523
0.403592
0.403903
0.403768
0.404098
0.403964
0.404369
0.404276
0.404228
0.404346
0.404255
0.40411
0.404207
0.403935
0.40428
0.404206
0.403825
0.403938
0.4037
0.403415
0.403431
0.403355
0.403451
0.403361
0.403143
0.403409
0.4037
0.403745
0.40359
0.403472
0.403495
0.403549
0.403127
0.403363
0.403184
0.403176
0.403198
0.403037
0.403043
0.402992
0.403358
0.403742
0.403529
0.404037
0.404093
0.403721
0.403839
0.403989
0.403793
0.403561
0.403596
0.403908
0.40391
0.403898
0.404302
0.404403
0.404578
0.404831
0.404717
0.404732
0.4049
0.404797
0.404804
0.405286
0.405334
0.40532
0.405243
0.405107
0.405133
0.405318
0.405361
0.405276
0.405398
0.405135
0.40484
0.404506
0.404389
0.404368
0.404173
0.404107
0.404132
0.403874
0.403786
0.403495
0.403629
0.403586
0.403731
0.403573
0.403992
0.404107
0.404261
0.404516
0.404636
0.40472
0.404496
0.404084
