0
0
0.287664
0.331748
0.354615
0.363518
0.370047
0.378854
0.380323
0.381815
0.3826
0.38536
0.384518
0.384756
0.388276
0.389388
0.389983
0.389149
0.390921
0.393001
0.391695
0.392165
0.393531
0.39607
0.396185
0.394495
0.395987
0.399247
0.398618
0.398734
0.398592
0.397919
0.399404
0.40045
0.401289
0.400782
0.399914
0.398948
0.398848
0.399035
0.397781
0.399619
0.400463
0.403736
0.404323
0.405661
0.405154
0.404929
0.405011
0.404817
0.405343
0.404854
0.406165
0.406199
0.405376
0.404996
0.40506
0.405994
0.404494
0.405365
0.403606
0.402878
0.402786
0.401528
0.402267
0.401489
0.40222
0.400948
0.399812
0.397817
0.397972
0.397644
0.397489
0.398897
0.398312
0.399454
0.39847
0.399955
0.40024
0.400277
0.399202
0.399704
0.401106
0.401934
0.401105
0.40222
0.402798
0.402907
0.403609
0.405304
0.406573
0.405571
0.405944
0.406006
0.40498
0.404314
0.404828
0.403782
0.404492
0.403761
0.403273
0.405105
0.405396
0.40438
0.404073
0.403372
0.402585
0.402109
0.401724
0.40099
0.400955
0.4003
0.400292
0.40037
0.400946
0.400466
0.401695
0.402403
0.403156
0.404271
0.40557
0.407134
0.406342
0.405863
0.40605
0.406144
0.405648
0.405766
0.405434
0.406026
0.405974
0.405893
0.404382
0.403869
0.404007
0.403778
0.404764
0.405042
0.404846
0.404274
0.404394
0.405374
0.405171
0.405905
0.407397
0.407439
0.407722
0.408465
0.407544
0.408275
0.408683
0.408847
0.409029
0.409372
0.409825
0.409444
0.409442
0.409644
0.409372
0.40911
0.409112
0.40779
0.407893
0.407593
0.407682
0.407186
0.407361
0.408503
0.40782
0.407555
0.408152
0.409441
0.409876
0.409835
0.410142
0.410502
0.410217
0.409968
0.410239
0.410163
0.409415
0.408872
0.407986
0.406903
0.406386
0.40697
0.406898
0.406803
0.407906
0.408529
0.408805
0.409102
0.408946
0.408284
0.408257
0.40801
0.407764
0.407641
0.407632
0.407666
0.407054
0.407586
0.407345
0.407346
0.40732
0.406032
0.405155
0.404697
0.404834
0.405042
0.405874
0.406579
0.406872
0.405829
0.405685
0.405747
0.405918
0.405736
0.405102
0.405707
0.406252
0.40626
0.406144
0.406395
0.40621
0.406528
0.40677
0.407157
0.407421
0.407087
0.406774
0.406942
0.406886
0.407056
0.407585
0.40835
0.407701
0.407727
0.406939
0.407107
0.406792
0.40762
0.408177
0.407524
0.407284
0.407446
0.407564
0.408294
0.40829
0.407264
0.406784
0.406924
0.406766
0.406562
0.407258
0.407248
0.406958
0.407364
0.406928
0.406874
0.407282
0.4076
0.407069
0.407265
0.407521
0.407784
0.407643
0.408429
0.407806
0.407395
0.407287
0.407596
0.40673
0.406362
0.406446
0.406644
0.406469
0.406189
0.405642
0.405279
0.404584
0.40458
0.404781
0.404398
0.404415
0.404502
0.404287
0.405171
0.405122
0.405563
0.405294
0.404934
0.404567
0.404207
0.404256
0.403277
0.403291
0.403527
0.403609
0.403791
0.404045
0.403673
0.403362
0.402887
0.403118
0.403358
0.403345
0.402652
0.402072
0.401681
0.402165
0.402191
0.402011
0.40258
0.402731
0.402928
0.403264
0.403555
0.403808
0.404093
0.404433
0.404549
0.404867
0.40459
0.405267
0.405323
0.405293
0.405985
0.405022
0.405219
0.404775
0.404951
0.405016
0.404173
0.404927
0.404761
0.404716
0.404973
0.405574
0.405683
0.406094
0.406663
0.406934
0.407057
0.406388
0.405668
0.40548
0.405082
0.405075
0.404769
0.404315
0.404789
0.404244
0.404209
0.403631
0.404113
0.403679
0.403805
0.404289
0.404664
0.404939
0.404899
0.405767
0.406143
0.405893
0.406181
0.406445
0.406187
0.406134
0.405685
0.405828
0.405987
0.406398
0.406123
0.405545
0.406038
0.405795
0.405921
0.405329
0.405536
0.405473
0.405851
0.406615
0.406856
0.407069
0.406241
0.406755
0.40682
0.406654
0.407013
0.406939
0.407392
0.407589
0.407834
0.407934
0.407892
0.407527
0.407827
0.408049
0.408039
0.408333
0.408091
0.408421
0.409414
0.409481
0.409359
0.409883
0.409853
0.410315
0.410327
0.409756
0.408953
0.409699
0.409529
0.409547
0.409298
0.409028
0.409673
0.40989
0.410355
0.41004
0.40967
0.40942
0.410125
0.409532
0.40917
0.408853
0.408152
0.408615
0.408796
0.408112
0.407869
0.407719
0.407065
0.406695
0.407147
0.407568
0.407171
0.406884
0.407372
0.406782
0.406528
0.406886
0.40736
0.407853
0.408038
0.407632
0.408343
0.408678
0.408626
0.408939
0.409441
0.409002
0.409111
0.408699
0.408743
0.40898
0.409411
0.409717
0.409937
0.40994
0.410649
0.410639
0.410246
0.410555
0.410657
0.410841
0.410546
0.410479
0.410876
0.410623
0.410219
0.409997
0.409968
0.409702
0.409298
0.409489
0.409653
0.409495
0.408805
0.408505
0.408941
0.409316
0.408869
0.409665
0.409322
0.408816
0.408902
0.408446
0.408407
0.408222
0.408491
0.408461
0.408845
0.409369
0.4091
0.408722
0.408527
0.409194
0.408742
0.409019
0.4091
0.408794
0.408023
0.408127
0.408497
0.408417
0.40869
0.408725
0.408971
0.409202
0.409753
0.409786
0.409415
0.409815
0.410126
0.409867
0.409767
0.409771
0.409836
0.410139
0.410367
0.411373
0.411619
0.411763
0.412057
0.412062
0.411447
0.411243
0.411922
0.412123
0.412229
0.4123
0.412262
0.412709
0.413114
0.413588
0.413449
0.413503
0.412818
0.413264
0.413506
0.413478
0.413171
0.413073
0.413107
0.412853
0.41244
0.412129
0.412149
0.411987
0.41248
0.413138
0.41345
0.413463
0.413137
0.413221
0.413271
0.413122
0.413204
0.413826
0.414188
0.413466
0.413586
0.413101
0.412733
0.413111
0.412658
0.412595
0.412852
0.412653
0.412522
0.413031
0.412976
0.413009
0.413256
0.413318
0.413264
0.412754
0.412634
0.412759
0.413357
0.413065
0.412405
0.412073
0.411641
0.411988
0.412236
0.41223
0.412143
0.412002
0.412097
0.412155
0.412265
0.411945
0.411371
0.411667
0.412108
0.412074
0.411206
0.411099
0.411077
0.411179
0.411405
0.411364
0.411855
0.412028
0.41117
0.411165
0.411402
0.411681
0.411586
0.411328
0.411489
0.411693
0.411915
0.412072
0.411622
0.411305
0.411252
0.4113
0.411481
0.411253
0.411365
0.411618
0.411726
0.412394
0.412685
0.41245
0.412665
0.412178
0.412301
0.411321
0.411258
0.411308
0.411897
0.412364
0.412324
0.412197
0.411925
0.412698
0.412083
0.411518
0.411625
0.411671
0.411948
0.411224
0.411566
0.411271
0.411725
0.411435
0.411276
0.411449
0.41124
0.410723
0.410574
0.410291
0.410643
0.410773
0.410955
0.410961
0.411323
0.411709
0.411811
0.412204
0.412188
0.412382
0.412231
0.412401
0.4121
0.412028
0.412046
0.411894
0.411862
0.411203
0.410961
0.410439
0.41
0.410008
0.410091
0.41003
0.410082
0.410229
0.41049
0.410464
0.410806
0.41071
0.41121
0.411272
0.411366
0.411001
0.41062
0.410514
0.410505
0.410528
0.410249
0.410083
0.409945
0.409881
0.4098
0.409715
0.410065
0.410159
0.410195
0.410531
0.410565
0.410702
0.410102
0.410225
0.410302
0.410141
0.409811
0.40993
0.409469
0.409227
0.409561
0.409061
0.409518
0.409245
0.408867
0.408956
0.40921
0.409358
0.408824
0.408614
0.408541
0.408714
0.408819
0.4085
0.408802
0.408434
0.408388
0.408497
0.408771
0.408964
0.409195
0.409324
0.409679
0.409686
0.409718
0.409235
0.409249
0.409527
0.409702
0.40997
0.410058
0.409969
0.409775
0.409656
0.409499
0.409862
0.409497
0.409317
0.409419
0.409972
0.409751
0.409772
0.409197
0.409522
0.409406
0.409499
0.409156
0.409278
0.409443
0.409188
0.409383
0.40915
0.408817
0.408907
0.409004
0.4091
0.408683
0.40864
0.40869
0.408386
0.408115
0.407835
0.408437
0.408379
0.408529
0.40871
0.408213
0.408553
0.408162
0.407818
0.408248
0.408387
0.408411
0.408645
0.408798
0.408826
0.408929
0.40905
0.409087
0.409305
0.408966
0.408845
0.409098
0.409355
0.409976
0.409948
0.410281
0.409965
0.410733
0.410292
0.410091
0.410432
0.409992
0.410137
0.409262
0.409088
0.409045
0.409091
0.408745
0.408706
0.408806
0.408695
0.40855
0.408753
0.40853
0.408012
0.408176
0.408739
0.409085
0.408896
0.408891
0.408909
0.408796
0.409086
0.409131
0.409525
0.409506
0.409487
0.409903
0.410202
0.410379
0.410131
0.410313
0.410309
0.410036
0.410203
0.410057
0.410299
0.410684
0.411039
0.411237
0.411463
0.41142
0.411618
0.411357
0.41118
0.411145
0.411257
0.411079
0.410609
0.410312
0.410019
0.409698
0.410183
0.410328
0.410272
0.410321
0.409927
0.410131
0.410396
0.410521
0.410166
0.410265
0.409751
0.409853
0.410055
0.410156
0.410202
0.410256
0.410065
0.40999
0.409789
0.409494
0.409468
0.409765
0.40952
0.409543
0.409408
0.409408
0.409377
0.40901
0.408929
0.408886
0.408542
0.408205
0.408508
0.40837
0.408124
0.408259
0.408385
0.408083
0.407673
0.407351
0.406904
0.406871
0.407068
0.407242
0.407216
0.407306
0.407119
0.406965
0.40657
0.406396
0.406199
0.405945
0.405846
0.405702
0.405389
0.405306
0.405466
0.405467
0.405524
0.405311
0.40558
0.405485
0.405502
0.405054
0.405008
0.405034
0.405064
0.405071
0.405103
0.40491
0.40483
0.404921
0.405282
0.405609
0.405374
0.404722
0.404715
0.404795
0.404877
0.404708
0.40502
0.404746
0.404679
0.40473
0.404433
0.404529
0.404343
0.404178
0.403879
0.403603
0.403914
0.403884
0.403952
0.40394
0.40386
0.403694
0.40349
0.403321
0.40344
0.40325
0.4034
0.403405
0.403425
0.403701
0.403801
0.404001
0.404163
0.404463
0.404397
0.404442
0.404565
0.404524
0.404667
0.404775
0.40516
0.405072
0.405489
0.405615
0.405183
0.405065
0.404938
0.404792
0.404715
0.404703
0.404832
0.404879
0.40514
0.404989
0.405108
0.405425
0.405109
0.405411
0.405566
0.405392
0.405478
0.405766
0.405818
0.40551
0.405006
0.405322
0.405476
0.405325
