0.988977
0.988206
0.986385
1.00485
1.00512
1.00609
0.965732
0.99074
1.00788
1.0354
1.0155
0.99571
0.989774
1.00485
0.998877
0.946333
1.00187
0.994135
0.980574
1.004
1.00276
0.988731
1.02005
1.0162
0.993462
1.03394
1.00551
1.00547
1.00163
1.00447
1.01601
1.00394
1.00109
1.0001
0.967358
0.995974
0.995369
0.989332
1.00815
0.993248
0.97741
0.980256
0.984941
1.00164
1.01459
0.992342
0.996566
0.982644
1.00627
0.965124
0.997726
1.00375
1.00866
0.986817
1.0054
0.999533
0.963983
0.968112
0.990697
0.997839
0.985728
0.969077
0.989618
0.999647
0.990894
0.98817
0.981288
1.03032
1.00802
0.999767
0.996251
1.04732
1.00533
0.995082
0.994457
1.01351
0.991054
0.979179
0.995603
0.973063
1.00789
1.03631
1.00043
1.02154
1.01747
1.00048
0.9793
0.987433
1.00448
0.99366
0.983228
1.01889
0.988529
1.00332
1.0135
0.997389
0.971185
1.02714
0.963671
1.00468
1.00999
1.00616
1.01605
0.978984
0.996249
1.02624
1.00343
1.0182
0.999214
0.975478
0.991986
1.00701
1.00464
0.969478
1.00507
1.04971
1.00586
0.998527
0.98299
1.00587
0.997286
0.986456
0.990599
1.02883
0.980238
0.995029
0.987726
0.976127
0.970612
1.01798
0.987819
0.993087
0.989473
0.98083
1.00588
1.01692
1.02689
0.98967
1.01308
0.998578
0.988796
0.973698
1.00552
1.0093
0.995404
1.00644
1.00647
1.01703
0.996928
1.00366
1.02573
1.01594
0.993414
1.01725
1.01409
1.01903
1.0002
0.9944
1.00175
0.994801
0.973002
0.983341
1.01222
1.02141
0.999009
1.02184
0.997265
1.00643
0.977999
0.969368
1.01609
1.00325
1.01178
1.01706
0.9968
1.0077
1.00786
0.982333
0.991104
0.992536
0.984861
0.990145
1.0061
0.991241
1.01194
1.01175
0.974837
0.981668
1.00084
1.01222
0.989137
0.989032
0.995328
0.983746
0.999135
0.998157
0.972198
1.00208
1.0135
0.988478
1.01993
0.993734
0.980356
0.980021
1.01139
1.01591
0.970995
0.995064
0.997347
0.990693
0.985253
1.01719
1.0048
1.02439
1.00881
0.993029
0.986532
0.972788
0.996128
1.0144
1.03172
1.00508
0.998784
0.983731
1.00159
1.01373
0.994588
1.00694
1.01957
1.03439
0.986232
0.991518
1.00099
1.00274
1.00322
1.00123
1.02196
0.976731
0.991875
0.967554
0.996448
0.977678
1.01861
0.99162
0.987612
0.967473
1.00041
0.984785
0.998245
0.991232
0.978603
1.0101
0.992036
1.01312
1.00083
1.02935
1.01016
1.00128
0.993945
0.990846
0.975034
0.997634
0.991885
0.983084
0.986188
1.00818
0.961739
0.969881
0.999494
0.992165
1.01676
0.993217
0.96705
0.994557
0.968916
0.959064
1.0086
0.985858
0.994308
1.00681
1.00827
1.02403
1.01246
0.992897
0.972566
0.982529
0.980972
0.992533
1.01727
0.98608
0.997255
0.989998
1.01908
0.983402
0.973722
1.00487
0.977982
1.03744
1.00762
0.992837
1.02021
1.01035
0.99003
0.996404
0.979684
1.00221
1.00146
0.992418
1.00529
0.991859
0.980414
1.03549
0.97023
1.01045
1.04262
1.01037
1.00046
1.01822
0.979367
1.00543
1.00645
1.01183
1.01864
1.00649
1.0333
1.00051
0.983349
1.0142
1.00842
0.983632
1.00459
1.01671
1.00376
0.998337
0.999613
0.996112
1.00428
1.00124
1.01807
0.987077
1.00404
0.996957
1.01004
1.01071
1.01889
1.01285
0.976624
0.98846
1.01265
1.01924
0.984545
0.976748
0.98587
1.0022
1.00305
0.99682
0.996638
0.981107
1.00462
1.01254
1.00388
1.00396
0.988877
1.01456
0.989261
1.00029
1.01469
0.99506
0.976568
0.966418
0.978287
0.994306
1.01336
1.01926
0.998299
1.01055
0.983129
0.979838
1.02822
0.99714
0.992166
0.970054
0.97122
0.997731
0.998227
0.982758
0.995648
1.02394
1.01254
0.993851
0.980305
0.984674
0.997949
1.01631
0.978957
1.00631
1.01562
1.01237
1.01322
1.00807
0.977382
0.995079
0.993619
1.00277
1.00712
1.00749
0.98518
1.00189
0.993145
1.01104
0.987905
0.961531
1.01326
1.01684
1.00433
1.00479
0.989067
1.00341
0.985655
0.993745
0.992379
0.98851
0.999193
1.00299
1.00606
1.01742
0.998573
1.01376
0.987208
1.00487
1.01737
1.01385
1.00819
0.996003
1.01614
1.01779
0.990971
0.982626
1.00174
1.03211
0.974789
1.00784
0.979379
0.991822
0.991448
1.00736
0.990591
0.998558
0.978514
0.979726
0.98808
0.998286
1.00123
1.00856
0.983758
1.01407
1.04123
0.979963
1.01423
0.989856
1.02498
1.00708
1.00423
0.996495
0.998437
1.00474
1.00524
1.00692
1.04228
0.989036
1.00937
0.999063
1.01161
1.0325
1.00955
1.01697
0.989522
1.0227
1.0072
1.00597
1.02053
1.02273
1.01098
0.997837
1.00449
1.00472
0.975144
0.98714
0.999541
0.989476
0.990748
1.01629
0.97969
0.988994
0.984444
0.999615
0.999889
0.993652
0.99864
1.01673
1.02186
0.978466
1.03758
1.01142
0.98586
1.00633
0.994886
1.01003
1.01322
1.00197
1.00513
1.01299
0.985964
0.987526
0.991582
0.963502
0.999943
1.01543
1.01077
1.0035
1.0017
0.983352
0.985439
1.00198
1.0129
0.990059
1.01586
1.01052
0.999994
1.00472
1.01414
1.00395
1.01153
1.01188
0.991193
1.00906
1.00755
0.991241
1.02023
1.02852
1.00071
1.00548
1.00056
0.99729
0.969158
0.990967
1.00016
1.00963
0.981752
0.99188
0.989297
0.990733
0.984887
1.01723
0.986654
1.01678
0.991374
1.00376
0.983722
1.00676
1.00148
1.02016
0.994225
0.993402
0.99546
1.02613
0.991563
1.01179
0.97999
0.996703
1.01381
1.01659
0.992185
0.994354
0.990071
1.00346
0.993165
1.01024
1.00535
0.966206
1.01939
0.984156
1.00009
0.987639
0.985787
0.999332
1.00618
0.994281
1.02039
0.975266
0.980921
0.999229
0.993499
1.02397
1.00032
1.02141
1.02186
1.02236
0.979168
0.97622
0.998516
0.99149
1.00843
1.01655
0.988803
0.998561
1.01929
1.00544
1.00877
1.0105
1.00341
1.01319
0.966401
1.01695
1.00693
0.998758
1.03343
1.02404
0.984433
0.988623
1.0041
1.00043
1.00357
1.01115
1.00961
1.0101
0.994101
1.02393
1.00888
0.984424
1.01259
1.02115
1.00003
0.993921
0.993996
0.977817
0.998793
0.990604
1.01753
1.00602
0.995651
1.01296
0.996572
1.00044
1.01548
1.01344
1.00168
1.012
1.01887
0.981024
1.00171
0.99785
0.986343
1.02009
1.00202
0.998093
0.98564
1.00394
1.01346
0.9931
1.02467
1.00515
1.02244
0.991835
0.989034
1.00405
1.01171
0.995981
0.997114
0.987163
1.02432
0.980027
1.00471
0.977914
0.97576
0.983414
0.995619
1.00075
1.00495
0.988633
0.977463
1.01152
1.01811
1.01093
1.00754
0.997104
0.981568
1.00147
1.00734
1.01538
1.00815
0.9777
0.984173
0.954417
0.991465
0.981436
1.01965
0.991603
1.00953
1.00725
1.01137
0.999205
1.0192
0.991757
0.999062
0.987279
1.00425
0.997041
0.98716
0.993786
1.02238
0.980514
0.997006
0.994964
1.00892
0.999819
0.978194
0.99546
0.992876
1.00265
0.978343
1.00702
0.970191
1.01191
0.991221
1.00209
1.00661
1.01254
1.01034
1.0024
0.995534
1.00238
1.00606
0.982223
0.996213
1.00057
1.00349
1.01187
0.985002
0.994378
0.991764
1.00961
0.986265
1.00551
0.993049
1.01012
0.994289
0.998223
1.00534
0.992044
1.00966
0.976756
0.993577
0.97929
0.99853
0.997317
0.990822
1.00317
1.02132
1.0186
1.01421
1.00488
1.00899
1.00976
0.996218
0.985228
0.996593
0.991547
0.997484
1.00501
1.0223
0.979942
0.999042
0.993229
0.994688
1.00889
1.01401
1.01909
0.98185
1.01517
0.977536
1.01546
1.01988
0.983444
0.992946
1.02201
1.01771
1.02376
0.99692
1.00583
1.02465
0.987835
1.01005
0.963005
0.967566
0.997131
1.00593
1.02005
1.01918
0.987449
0.967941
1.00683
1.02826
1.01338
1.01862
1.00092
0.991514
0.990498
0.982461
0.993888
1.00123
1.00207
1.06385
1.01738
1.00611
0.994111
0.98792
0.990798
1.00165
0.985955
1.01238
0.996911
0.995793
1.00678
1.01274
1.01614
0.999272
1.01043
0.993437
0.990929
0.989589
1.0008
1.01813
1.00712
0.997012
1.02039
0.994695
1.03023
1.00277
0.992131
1.02325
1.00094
0.984404
0.978973
1.0214
0.981719
1.00244
1.0387
0.999667
1.03076
1.00547
0.982515
0.987918
1.01801
1.01316
1.02745
1.01878
0.992353
0.999929
0.992659
1.00611
1.01828
0.995172
0.980781
1.00404
0.982524
0.985219
0.995155
1.00136
0.992147
1.01183
1.0019
0.98737
0.98707
1.00388
0.98226
1.01972
0.998622
0.991966
0.992239
1.00862
1.00081
0.991108
0.992849
0.994261
0.987861
1.00227
0.989785
1.0061
1.00847
0.987038
1.01253
1.0074
1.02687
0.995658
1.00345
1.01451
0.990613
1.00457
1.01052
1.01471
1.00655
0.989044
0.985685
0.979956
0.973152
0.992228
0.99057
0.970319
0.999112
1.01742
0.993529
1.0093
0.99123
0.993653
1.00686
0.986883
1.00777
0.990558
0.989708
0.995972
1.01136
1.01733
0.991525
1.00829
1.02515
1.00791
1.02901
0.982297
0.991266
0.994887
1.00997
0.988866
0.997993
0.995236
0.996518
1.02206
0.998277
0.973864
1.00734
0.993849
0.978315
0.989626
0.994363
0.993274
1.00461
1.00481
0.991069
1.00871
1.01438
0.981427
1.01643
1.00948
0.972204
0.953798
0.989367
0.994623
0.991583
0.991357
1.00444
1.0168
0.978034
0.994345
1.01034
0.992762
1.00013
1.02314
1.01385
1.00625
1.00923
0.98812
0.978043
0.976272
1.02191
1.04443
0.981117
0.997615
1.00611
1.02624
0.966907
1.00351
0.991771
1.01486
1.00803
0.998159
0.98503
0.982842
1.0141
1.02169
1.01736
1.00057
1.00287
0.996175
0.990286
1.01199
1.01856
0.996449
0.994995
1.01723
0.982517
