1.00287
0.99494
1.00233
1.00106
1.00353
0.996571
0.997301
1.00414
1.01329
1.00106
0.997376
0.998516
0.990062
1.00154
0.994686
1.00104
1.00199
1.0023
0.993141
1.00966
1.00799
1.01426
0.997137
1.0034
0.985872
1.0013
0.997719
0.991602
1.00018
1.00712
1.00355
0.992713
1.0131
0.995309
0.99195
1.00707
1.00708
1.01045
1.00331
0.992782
1.0055
0.992546
0.994674
0.99612
0.995306
1.01492
1.00071
0.996485
1.00372
0.994195
1.00418
0.985911
0.996954
0.987719
0.990116
0.995983
0.984667
1.00716
0.986647
0.996929
0.996734
0.99281
0.998207
0.996213
1.01129
1.00467
0.999521
0.997075
0.988185
0.994407
0.991114
1.00012
1.00242
0.993857
0.998909
0.998754
1.00693
1.00694
1.00373
0.999853
0.998526
1.01113
0.999584
1.00118
1.00272
0.985979
1.01252
0.991675
1.00771
1.0059
0.9946
1.00593
0.999948
0.993427
1.00567
1.00714
1.00294
1.00374
1.00919
1.00401
0.989653
1.00944
1.00961
1.00004
0.998424
0.99587
1.00253
0.996508
0.996325
1.00185
1.00226
1.00781
1.00481
0.991171
1.00945
1.00357
0.998894
0.987846
1.00748
1.00254
1.0095
0.991648
1.00238
0.998421
1.00093
1.00347
0.99751
0.992685
1.00147
0.992965
1.01684
0.994476
1.00156
1.00461
1.00888
1.00264
1.00441
1.00205
1.00873
0.991699
0.996628
0.993039
0.985767
0.987669
0.989926
1.00518
0.996245
0.984557
0.99541
1.00027
0.99801
1.00331
0.994538
0.993718
0.992716
0.995113
0.997654
0.998907
1.00024
0.992668
0.997512
0.999033
0.997574
1.00333
1.00166
1.00122
0.999695
1.00754
1.00887
0.99138
1.0028
0.997906
0.998237
1.00292
0.995655
0.991422
1.00548
0.998519
0.999861
0.999103
1.01191
0.998578
0.990119
1.00161
0.995946
0.998588
1.00619
1.00355
0.997114
1.00139
0.988035
0.997478
0.993968
1.00407
0.988639
1.0095
0.995963
0.990177
0.997342
0.994982
0.998113
0.997189
1.00389
1.00441
0.995255
1.00174
0.996137
0.990682
0.995638
1.0046
1.00344
0.998731
1.00353
0.999973
1.00463
1.00801
0.994428
0.986374
0.992826
1.00543
0.987011
0.995996
0.999215
1.00181
1.00707
1.00352
0.994438
0.995972
0.994951
1.00169
0.999372
0.99033
1.00587
1.01635
1.0004
0.991056
1.00473
0.990532
0.998298
0.996317
1.00356
0.999366
1.00679
1.00225
1.00281
0.993637
1.00095
0.985143
1.01453
1.01201
1.01303
0.997855
0.997086
0.988265
0.998546
0.99941
1.01149
1.01834
0.993176
0.997111
1.00154
1.00331
0.99645
0.995589
0.990086
0.999209
0.996593
0.996403
0.998123
1.00537
0.999979
0.993187
0.996618
0.989463
0.996187
1.00324
1.00288
0.990658
0.999693
1.01379
1.01204
0.992689
0.995881
0.989449
1.00369
1.00076
1.00513
0.996371
0.992944
0.9993
0.999474
0.99812
0.986851
1.00207
0.981528
1.00036
0.994558
0.995217
0.995837
0.992858
1.00085
1.00414
1.00841
1.00177
1.00321
1.0007
1.00228
1.01147
1.00192
1.00315
1.00141
1.00849
0.995371
1.00799
1.01044
0.996433
0.99879
1.01243
0.990258
1.00417
1.00139
1.0072
1.0037
0.997349
0.993507
0.992859
0.990178
1.00803
1.00138
0.990634
1.00035
0.998103
0.994419
1.00252
1.00904
1.00573
0.996453
1.00688
0.991792
0.992186
1.00602
0.995144
0.994087
1.00527
0.996975
1.00301
0.999069
0.999545
1.01078
1.0149
1.00968
0.998543
0.988701
0.998233
0.99694
0.991695
0.990245
0.990885
0.992819
1.00174
0.997319
1.00564
0.998088
1.00346
1.00584
1.00121
1.0015
1.00393
0.997364
1.00669
0.987934
0.986601
1.01083
1.00394
0.99057
1.00046
0.985476
1.0062
0.997519
1.00448
0.998527
1.00606
1.00105
1.00273
1.00325
0.987437
1.00099
1.01143
1.00143
0.991566
0.992763
0.997721
1.0032
1.00249
1.00238
1.00004
0.995812
1.00014
0.995271
1.00962
1.00785
1.00251
0.990616
0.994823
0.99266
1.00707
1.00647
1.00395
1.00482
0.995796
1.00198
0.996325
0.9983
1.00693
0.992007
0.998286
0.99527
0.99755
1.00691
0.995316
0.98863
1.01438
1.00825
0.997954
1.00266
1.00651
0.99451
0.993181
1.0009
0.991265
1.00376
1.00329
0.997128
0.989124
0.992678
1.00557
1.00488
1.00554
1.00067
0.995403
0.997335
1.00748
1.00077
0.997586
1.01036
0.978984
0.989835
0.996517
1.00691
1.01082
1.00269
1.01227
0.992827
0.996854
0.999443
1.00327
1.00635
1.00353
1.00363
0.998427
0.982583
0.993202
1.00589
0.996381
1.00891
1.01416
1.00822
1.00038
0.991487
1.01065
1.00564
1.00767
1.00213
0.994747
1.00356
0.999451
1.0023
0.998473
1.00244
0.999921
0.987937
0.993401
1.0068
1.00731
1.00569
0.998968
0.99698
1.00401
1.00478
0.990727
1.00124
0.99877
0.993754
0.997877
0.987837
0.999562
0.993493
0.998765
0.994576
1.00803
1.01297
0.996272
0.997079
1.00522
1.00814
0.999968
0.996982
1.0041
0.999919
0.996146
1.0003
0.998067
1.01033
1.00464
1.00318
1.00584
1.00804
0.99516
1.00048
0.991462
1.00895
1.0028
0.999553
0.996194
0.996066
1.00118
1.0088
0.993835
0.991275
1.0067
1.00253
1.00233
0.993145
1.00365
0.997792
0.994611
0.991552
1.00828
1.00432
1.01444
1.0013
0.999376
1.00834
0.993059
0.993606
0.995321
0.993916
1.00271
0.991244
1.00398
1.00843
1.00555
0.986382
1.00528
1.00036
0.996834
1.00403
0.994736
0.994065
0.998653
0.995679
1.00135
1.0057
1.00516
0.99012
1.00314
1.00059
1.00344
1.00449
0.999808
1.00314
0.995533
1.00191
1.00255
1.0091
0.984582
0.994479
0.990792
0.993553
0.999565
0.992487
1.00826
0.999138
0.997689
0.995756
0.996073
1.00487
0.996969
1.00928
1.00217
1.00482
1.00979
0.996187
1.00579
0.990565
0.999405
0.99352
1.00776
0.994061
1.0098
0.997547
1.00241
0.993827
1.00349
1.00464
0.988501
1.01174
0.994434
1.00058
1
1.00678
0.992536
0.982858
1.00393
1.0031
0.99832
0.994542
1.01782
0.995708
1.01039
0.997936
1.0068
0.991795
1.00534
0.998445
1.00902
1.0055
1.00594
0.993569
1.00261
0.983682
0.998551
1.00736
1.00321
0.998371
0.997723
0.994494
0.991876
0.988092
1.00023
0.998238
1.00687
1.00637
0.999406
0.996612
0.989807
0.994881
0.989181
0.996426
0.995986
1.00234
0.995344
1.01035
1.00505
0.999216
1.00577
0.997984
0.996296
1.00576
1.00283
1.00204
1.00979
0.99721
0.998489
0.989885
1.00599
1.00044
0.996731
0.992853
0.999007
0.999611
1.00435
1.00608
1.01564
0.996267
1.00199
0.993518
0.99618
0.992432
0.99371
0.996309
0.988633
0.998761
0.993161
1.01086
1.01048
1.00414
0.995224
1.00003
0.994726
0.994804
0.996459
0.99193
0.997505
1.00396
1.00313
1.01397
1.00168
1.00073
0.999666
1.00256
1.00564
1.00387
1.00403
0.996451
1.0071
1.00579
1.00224
0.998886
0.989317
0.999742
1.01067
0.998413
0.994535
0.996733
1.00005
0.999363
1.02115
0.980882
1.00823
0.999451
1.00794
0.99659
1.00903
1.01183
0.997728
0.991095
1.0003
1.00692
0.995917
1.00845
1.01253
1.00165
0.987989
1.00013
0.988191
0.994407
0.999278
1.0096
0.998602
0.998317
0.995379
0.986211
0.991967
0.992045
0.993756
1.01178
0.99969
1.00931
0.9959
0.987115
0.99282
1.00552
0.992926
0.99831
1.00578
1.00819
1.0016
0.997946
0.994013
0.990526
1.0034
1.00079
0.999035
1.00742
1.00267
1.00067
0.993506
0.988944
1.00409
0.998001
1.00886
1.00035
0.995038
1.00626
0.995935
1.00765
0.999204
0.993342
1.00518
1.00315
0.991811
1.00945
1.00165
1.00081
0.990227
0.992723
1.00941
1.00119
0.997365
0.999577
0.991251
1.00073
0.988213
0.99047
0.990121
1.00554
1.00254
1.01714
0.999047
1.00148
0.996195
1.00795
1.00358
0.999348
0.99922
1.00513
0.999394
1.00628
1.0148
0.999437
1.00679
1.00784
1.00314
1.00198
0.993099
1.00808
0.987022
1.0026
1.00865
0.993749
1.00124
0.991934
0.989121
1.01197
1.01565
0.994349
1.00056
0.994977
1.00687
1.00312
0.994422
1.0012
1.00648
1.00342
1.00269
1.00938
0.998124
1.00078
1.00232
1.00176
1.00398
1.00266
0.994526
1.00844
1.00082
1.0013
0.9966
0.99199
0.996661
1.00015
0.99893
0.993618
0.990667
0.9863
1.00689
1.00272
1.0047
0.989402
1.00023
0.99807
0.995244
0.993789
1.00685
1.00961
1.00417
1.00723
0.995529
1.01932
0.988441
0.999171
1.00117
0.989449
0.999689
1.00198
1.00413
0.995759
1.00012
0.992938
1.00724
0.994674
0.993488
0.998545
1.00608
0.9985
0.989433
0.984153
0.999086
1.00425
1.00045
1.00057
1.00172
0.999508
1.00101
1.00456
1.00342
0.997164
0.984321
1.00211
1.00935
0.994395
1.00492
1.00573
0.996806
0.998805
0.99229
0.998852
0.997855
1.00852
0.996321
0.988195
0.9989
1.00835
1.00225
0.998053
0.993466
0.974588
0.9993
0.986483
1.0008
1.01164
0.999832
1.00206
1.00495
1.00477
1.00643
1.01135
0.996453
1.00259
0.995064
0.996421
1.00119
0.99563
1.00155
1.00402
0.998501
1.0005
1.01247
0.992889
1.00539
1.00336
0.997462
1.00422
0.997822
0.993646
1.00178
1.00371
1.00414
1.00054
0.999339
1.00161
1.00868
1.01384
1.00404
0.998544
0.989347
0.995894
0.992138
1.00018
1.00952
1.00245
0.995641
0.996775
0.99772
0.988691
1.00525
0.994201
1.01181
0.987924
1.00428
1.00261
0.999054
0.99335
1.00524
1.00307
0.994655
1.00483
1.00472
1.00853
1.0074
1.00865
1.00109
1.00232
0.995458
0.999012
1.00923
0.997352
0.996127
1.01104
1.01291
1.00403
1.0066
0.989944
0.988655
1.00459
0.999622
0.995033
1.00105
0.995709
0.998332
