0
-0.206106
0.541107
1.33209
1.63372
2.30137
1.94074
1.55568
2.08675
1.71326
1.88527
1.39576
0.501436
0.725702
0.427857
0.520222
0.565671
-0.389684
-0.230111
-0.48051
-0.514106
-0.241042
0.360066
0.640884
1.20641
1.26127
0.460236
-0.258105
-0.109104
-0.600799
-1.38362
-1.50232
-2.37452
-1.81151
-1.61045
-0.857242
-0.677952
-1.5377
-1.7276
-2.24667
-1.74793
-2.19654
-1.79451
-1.82841
-2.46327
-1.87827
-2.18724
-1.87457
-2.0938
-2.70289
-3.05978
-3.43071
-4.32009
-3.63165
-3.78117
-4.71839
-4.868
-4.42616
-4.39295
-5.30292
-6.05112
-6.42419
-6.55428
-5.59192
-6.53955
-6.65813
-7.13134
-6.83603
-5.92878
-6.85
-6.44658
-6.19264
-5.8167
-6.13771
-6.04623
-6.08635
-5.52629
-6.05995
-6.78356
-6.72279
-6.69034
-5.7702
-6.01289
-6.26608
-5.32285
-5.62528
-4.69507
-5.56728
-6.22357
-6.38284
-5.7561
-6.74468
-6.83178
-7.12898
-6.89329
-7.75799
-6.94939
-7.01451
-6.46262
-6.33586
-5.79033
-6.0314
-6.14544
-6.65312
-6.53263
-6.32886
-6.59599
-6.55385
-6.65682
-6.45623
-6.45727
-7.03009
-6.82218
-7.25761
-6.99878
-7.00325
-6.47486
-7.44859
-7.01687
-6.35066
-6.78763
-7.57755
-8.55808
-7.91754
-7.62908
-8.12516
-8.11388
-9.04469
-8.32596
-8.22104
-7.9032
-7.94227
-8.43433
-8.91069
-8.90547
-8.15072
-7.9465
-7.89984
-8.51526
-8.62657
-9.35224
-9.18093
-10.1397
-9.97431
-10.7902
-11.3618
-10.7959
-10.4356
-9.81782
-9.56112
-9.85391
-9.74502
-8.78904
-7.87564
-7.67564
-7.98498
-7.42892
-7.12309
-6.69215
-6.84981
-7.63743
-7.39919
-6.90215
-6.9794
-7.93324
-7.22877
-6.79511
-7.46505
-6.61239
-5.75587
-5.57348
-4.80103
-5.43655
-5.07141
-4.59722
-5.46829
-5.92671
-6.82065
-6.31566
-6.73394
-7.21247
-7.02434
-6.53672
-6.31836
-6.97704
-7.22466
-6.40561
-7.13026
-6.47995
-5.94888
-6.89
-7.13737
-7.88896
-7.47636
-7.52883
-7.79177
-8.12619
-7.72365
-7.95252
-7.25847
-6.7495
-7.1465
-6.36584
-6.94703
-7.20941
-7.2284
-8.09017
-8.61595
-8.95257
-8.28662
-7.66697
-7.48338
-8.45825
-7.5602
-6.59192
-7.16856
-7.61035
-7.33242
-6.87826
-7.47736
-6.8953
-6.57285
-6.32728
-7.31386
-6.50911
-6.14522
-6.08872
-6.63602
-5.76064
-5.02841
-4.99166
-5.68091
-5.44112
-6.3176
-6.78696
-6.53032
-7.12622
-6.47962
-7.04816
-7.04558
-6.40431
-7.11952
-6.42433
-6.45211
-6.34085
-6.65716
-6.54894
-7.11661
-6.81014
-7.20814
-8.19211
-8.8272
-8.74738
-9.34509
-8.78999
-8.03865
-9.01833
-8.122
-7.45712
-8.32727
-9.22042
-8.32076
-7.79056
-8.57895
-9.16873
-9.36437
-8.4915
-8.03612
-8.46846
-8.64373
-9.22661
-9.35693
-9.26739
-8.4889
-8.99706
-9.47999
-9.43518
-10.2695
-11.1369
-11.4553
-10.4665
-10.7845
-10.7088
-10.1343
-9.49095
-9.62809
-9.67139
-8.93426
-8.77855
-8.62137
-9.5882
-9.80544
-9.63501
-10.3534
-10.6665
-11.0446
-12.0298
-12.5194
-12.0213
-12.1359
-11.8046
-11.9412
-11.3105
-12.0811
-11.9441
-12.2496
-12.2081
-11.4106
-11.7327
-12.6998
-12.5699
-12.52
-12.0603
-11.6498
-11.082
-11.2459
-11.9606
-12.8421
-12.39
-12.7127
-13.3899
-13.1512
-12.9187
-13.4135
-13.133
-13.4947
-14.379
-14.4475
-14.3569
-13.8367
-13.7678
-13.5541
-13.6869
-14.2861
-14.7456
-14.788
-15.3355
-15.8343
-16.7445
-15.9349
-15.9447
-15.8462
-16.0728
-15.837
-16.8116
-16.2977
-17.2055
-18.015
-18.9187
-19.0526
-18.6623
-17.9911
-17.7903
-16.9638
-15.9795
-15.9765
-16.1774
-16.3061
-16.6447
-17.3284
-17.7924
-18.3148
-18.4726
-18.4182
-19.3976
-19.1104
-18.388
-17.7628
-17.3621
-18.0852
-17.4815
-18.1184
-17.7269
-17.349
-17.1326
-16.6798
-16.4825
-17.4449
-16.8494
-17.0972
-17.5082
-16.5451
-17.4659
-17.1714
-16.8964
-17.4196
-18.0589
-18.8388
-19.6847
-18.8994
-18.6085
-19.0757
-18.6102
-19.5665
-19.456
-20.2684
-20.2711
-20.089
-19.7232
-18.8761
-19.6874
-20.3643
-19.8001
-20.7872
-20.5915
-20.0994
-19.7723
-20.5978
-19.857
-19.9314
-20.7964
-20.727
-20.2666
-19.3919
-19.6983
-18.8914
-19.161
-19.4549
-19.1754
-19.2684
-19.4245
-19.6624
-20.3249
-20.5018
-19.551
-20.0437
-20.7444
-21.4027
-21.3099
-20.9267
-20.9855
-20.0837
-20.1217
-20.1976
-20.5907
-21.5181
-21.8225
-21.3454
-20.9525
-20.6605
-20.8063
-20.2229
-20.5062
-21.3176
-21.3529
-22.0885
-22.0157
-21.9829
-21.2553
-21.0039
-20.5025
-20.9258
-21.5262
-20.9601
-21.8781
-21.3248
-20.7135
-21.1765
-21.5922
-22.3919
-22.6701
-23.6415
-23.583
-23.7986
-24.3566
-23.8663
-23.318
-22.5669
-22.9473
-22.0158
-21.8461
-21.5258
-20.7278
-19.8932
-20.416
-20.9827
-21.7894
-22.4459
-22.3769
-21.9972
-21.3721
-20.5703
-20.7122
-21.2611
-20.4334
-20.2215
-20.4286
-20.0996
-21.0044
-21.2059
-20.8496
-21.1769
-21.512
-20.5284
-20.641
-19.7457
-18.9151
-19.6538
-18.6845
-19.3807
-20.3366
-21.0646
-20.3353
-21.0321
-21.6818
-21.546
-22.4522
-22.0616
-22.099
-21.8796
-21.4953
-21.2915
-21.4488
-20.6892
-21.0684
-20.7544
-19.9698
-19.8959
-19.5968
-18.7014
-18.3411
-17.8917
-17.2881
-18.1762
-17.556
-16.9782
-17.6086
-17.6583
-17.5784
-17.7422
-17.278
-18.1551
-18.7575
-18.5976
-19.4607
-20.3337
-20.9068
-20.176
-21.0787
-21.5104
-22.0884
-21.2349
-20.8879
-21.0361
-21.5022
-22.2866
-21.4771
-20.7578
-20.2582
-20.4821
-21.4628
-21.8314
-22.5176
-21.9531
-21.947
-21.9513
-22.8435
-23.7075
-23.7118
-23.3411
-23.7116
-23.2059
-24.1745
-23.5037
-24.3979
-24.1285
-23.3856
-23.9305
-23.5032
-23.983
-24.1135
-23.897
-23.3782
-24.233
-24.5638
-25.3704
-26.2034
-25.5157
-25.7771
-25.4198
-25.2296
-25.3245
-25.8092
-24.8638
-23.9285
-23.4559
-22.8986
-22.2508
-21.8049
-20.9005
-19.9537
-19.259
-19.9617
-19.5279
-19.3483
-18.3667
-17.5755
-17.378
-16.5708
-16.7971
-17.3426
-17.8651
-17.5947
-18.3997
-19.3677
-18.6967
-19.5294
-18.5855
-18.3646
-18.0083
-18.1127
-17.987
-17.3856
-17.8115
-18.7137
-18.8255
-18.2056
-17.3275
-17.2195
-18.0652
-17.9301
-18.8434
-19.713
-19.7314
-20.5576
-20.5342
-21.4321
-21.9986
-21.9023
-22.6338
-21.7311
-21.4118
-20.9714
-20.2191
-20.0813
-20.7959
-20.4998
-20.7005
-21.1519
-20.3429
-19.4294
-19.2023
-18.2927
-17.3106
-16.3327
-16.9012
-16.6264
-16.0121
-16.8167
-16.7618
-16.6337
-17.0788
-18.0316
-18.3229
-17.933
-18.5712
-18.4925
-18.5749
-19.0951
-18.5151
-18.738
-19.1651
-19.0158
-19.4847
-18.8562
-19.1934
-18.4777
-18.7821
-18.7116
-18.1811
-18.954
-19.0561
-18.3332
-18.6304
-17.9428
-18.2832
-17.312
-16.7657
-16.0578
-16.7797
-16.0766
-16.9715
-16.0632
-16.2749
-15.3101
-14.4597
-14.8531
-14.0471
-14.467
-13.6204
-14.1071
-14.9331
-15.5096
-15.7922
-15.1755
-14.4757
-15.4281
-15.933
-16.5412
-16.3681
-17.0664
-17.027
-16.7854
-17.6129
-18.5564
-18.1208
-17.2687
-17.9731
-17.2621
-17.8336
-17.7591
-17.2741
-16.2878
-15.5509
-15.0644
-15.6453
-15.5167
-15.5677
-15.5967
-15.6145
-16.1839
-15.4964
-16.2395
-16.4499
-16.3005
-15.3442
-14.878
-14.7195
-15.2913
-15.9944
-16.2661
-15.6384
-15.9745
-16.4089
-16.6404
-15.6414
-14.7064
-14.8206
-14.4375
-15.2697
-15.5523
-14.6448
-14.7768
-13.9339
-13.567
-13.4219
-13.6258
-14.0005
-13.6799
-13.6266
-13.1365
-13.2266
-13.5763
-14.2831
-14.4818
-15.0694
-15.7627
-15.7156
-15.5689
-14.9528
-14.8062
-14.6204
-15.323
-15.9434
-16.3922
-16.2041
-16.0799
-16.1748
-16.5766
-17.2635
-16.8478
-16.739
-17.4716
-17.5748
-18.0611
-17.1974
-17.8926
-17.0792
-17.1148
-17.8384
-17.6031
-17.5862
-16.7686
-16.9321
-16.3035
-15.7132
-15.9977
-15.1395
-15.9442
-15.7322
-15.6715
-16.2409
-15.4613
-15.3966
-16.0113
-15.8296
-14.9553
-14.9292
-14.0946
-13.7086
-14.6941
-13.761
-13.0229
-12.3847
-12.3981
-11.7662
-11.8062
-12.2902
-13.1206
-13.2494
-13.784
-13.2231
-12.5107
-13.0042
-13.0606
-13.7449
-14.1649
-14.2808
-14.4162
-15.1936
-16.0872
-16.8332
-17.7971
-18.1474
-17.4667
-16.9978
-17.5356
-17.3322
-18.1534
-18.6243
-18.1458
-18.5572
-18.8005
-18.3031
-17.9912
-17.0658
-17.4245
-17.3823
-18.3724
-18.251
-19.0073
-18.4282
-18.4701
-17.7299
-17.3843
-16.9729
-17.176
-18.0961
-18.6124
-18.6533
-19.1995
-19.487
-19.7788
-19.1031
-18.6356
-19.2035
-18.5446
-18.3679
-18.3339
-18.1108
-18.3911
-18.465
-18.295
-17.3337
-17.9813
-17.9253
-18.1793
-18.1167
-17.7395
-18.6983
-18.524
-17.994
-17.8462
-16.8773
-16.2648
-15.7948
-15.601
-16.5902
-16.8821
-17.7116
-17.2172
-16.3899
-17.2475
-16.7851
-17.6565
-17.2377
-16.483
-17.4188
-17.5124
-16.6228
-17.5276
-17.1705
-17.3599
-16.6595
-15.8543
-15.1365
-14.6916
-15.1809
-15.4539
-16.14
-16.6616
-17.5267
-17.189
-17.4609
-17.9056
-18.516
-18.1842
-17.7074
-18.2898
-18.6353
-18.4885
-19.2387
-18.981
-18.1774
-17.2652
-17.0241
-16.5647
-16.9134
-17.7206
-18.2766
-18.8512
-18.6822
-18.6397
-17.7645
-18.0504
-17.9527
-17.9889
-18.5208
-18.3455
-17.9106
-17.2638
-17.5752
-17.7077
-18.4781
-18.3669
-18.8732
-19.1666
-18.6402
-19.4724
-20.3073
-20.1769
-19.917
-20.6983
-19.7161
-18.7648
-19.3056
-19.1988
-19.2264
-19.4344
-18.9773
-18.1178
-17.7835
-17.299
-16.6761
-16.754
-15.8293
-15.6227
-16.1518
-16.7649
-16.4953
-16.7423
-17.1061
-18.0791
-18.8871
-18.4548
-17.479
-16.5838
-17.5056
-18.0282
-17.4005
-17.8919
-18.8016
-17.9074
-18.1319
-18.9642
-19.8555
-19.2453
-18.3014
-18.2905
-17.4174
-17.4937
-18.4286
-19.2774
-19.8044
-20.5305
-19.7265
-19.1393
-19.9719
-20.7435
-21.2289
-21.4337
-20.6277
-20.7805
-21.0922
-21.0847
-20.2762
-19.8925
-19.9431
-18.999
-18.6846
