0
0.970181
0.328424
-0.253049
-0.440318
-0.614509
0.197947
-0.33386
-0.254664
0.611689
1.42143
1.57738
1.25613
0.509806
0.732361
0.589459
-0.312198
-0.48197
-0.0881161
0.497215
-0.501756
-0.10772
0.450975
0.307436
0.724459
0.953197
0.843252
0.727091
1.54379
0.679426
0.727052
1.3727
0.895169
0.770985
-0.207181
-0.179324
0.802455
0.35992
-0.319949
-1.10821
-0.709791
0.0125584
-0.900772
-1.20274
-1.95059
-1.24548
-0.297067
-1.03092
-1.37201
-1.14222
-0.801929
-0.952268
-1.33622
-1.25238
-1.69503
-1.45312
-2.36951
-2.89135
-3.56668
-3.17892
-2.51635
-3.44236
-4.42362
-4.27739
-3.95873
-4.77943
-5.65582
-4.7761
-4.35562
-4.39597
-4.04914
-3.23779
-3.58548
-2.65521
-1.65956
-2.2484
-2.99022
-3.09857
-2.9998
-3.98032
-3.22672
-3.61569
-2.65899
-3.52957
-3.85895
-4.67135
-5.03149
-5.51289
-6.16695
-7.09998
-7.8079
-7.78231
-7.75449
-7.57769
-8.54952
-8.04741
-7.87638
-8.78871
-8.42723
-9.20522
-8.55582
-7.65128
-7.29975
-6.48631
-6.11489
-5.61161
-5.10083
-4.85536
-3.94864
-4.04817
-4.03114
-3.23267
-3.14394
-2.34465
-3.26417
-4.08336
-3.76097
-3.90498
-3.04343
-2.29767
-1.64188
-1.68289
-1.87927
-2.28129
-1.34942
-0.541755
-0.633889
-0.274509
0.325743
0.546679
0.389233
-0.362951
-0.25133
-0.566414
-0.743663
-0.493059
-1.38787
-0.404992
-1.0652
-2.0537
-2.27149
-2.31882
-2.08559
-2.44608
-2.2357
-2.45202
-1.74235
-0.962184
-1.63945
-1.06278
-0.555603
-1.52275
-1.73288
-1.7972
-2.05137
-2.47303
-2.34195
-2.30662
-3.03985
-3.66609
-4.28179
-4.74092
-5.46131
-6.44484
-6.27251
-6.37654
-7.26365
-6.52405
-6.76803
-7.11466
-6.56279
-6.9901
-6.24418
-6.02712
-6.35282
-6.15996
-6.83329
-6.89172
-6.03756
-6.64085
-7.24367
-6.68462
-7.55575
-8.26944
-8.73595
-9.6695
-10.0925
-10.092
-9.36309
-9.41803
-9.19236
-10.063
-9.78543
-9.2824
-8.3599
-8.31407
-8.35138
-7.43693
-7.079
-7.16073
-7.84695
-7.70154
-8.1423
-7.32961
-6.74182
-5.87829
-5.37372
-6.0212
-5.6383
-6.35773
-6.51009
-6.19707
-6.41031
-6.58036
-6.82664
-7.12053
-6.50692
-5.6971
-6.13679
-6.7578
-6.20631
-5.8711
-4.90328
-5.04436
-5.5846
-6.038
-7.03617
-7.85681
-8.24237
-8.71666
-8.95763
-8.24541
-7.82269
-8.29773
-7.43241
-8.2085
-7.43067
-7.29174
-6.46909
-6.31149
-6.78211
-6.51658
-5.97796
-6.88684
-6.34533
-5.43019
-6.35468
-5.67372
-6.49313
-7.37274
-7.29838
-7.98892
-7.00232
-7.52374
-7.6183
-6.95843
-6.84462
-6.40409
-6.08432
-5.67809
-6.0702
-5.63964
-6.37038
-5.95447
-5.40186
-4.42342
-4.69773
-4.44467
-5.32122
-4.35731
-4.65775
-5.53563
-6.44346
-6.3855
-5.52824
-6.04321
-5.82413
-5.41917
-5.10994
-5.90306
-5.79907
-4.87003
-4.30876
-3.8935
-3.88044
-2.9155
-3.89727
-3.7148
-2.83647
-3.12146
-3.1253
-2.45174
-2.85166
-3.34047
-4.15656
-4.24786
-4.08419
-4.31137
-3.92239
-3.69501
-3.1427
-2.1589
-2.06325
-2.36472
-3.322
-3.78398
-4.60839
-4.86671
-5.80449
-5.98883
-5.51241
-4.61788
-4.73406
-5.59891
-6.41345
-6.69714
-6.06155
-6.07395
-6.55796
-7.49772
-7.95273
-6.99339
-7.21766
-7.42736
-6.86791
-7.66631
-7.40816
-6.66386
-6.4931
-6.4827
-5.81281
-6.41051
-5.79833
-5.22613
-5.95305
-5.03833
-5.64816
-6.03519
-6.2786
-6.80468
-7.64926
-8.379
-8.88348
-7.95347
-8.17688
-9.03014
-8.64556
-9.03115
-8.78266
-9.03268
-9.86817
-9.47352
-9.81958
-10.2662
-10.2186
-9.23894
-8.37045
-8.44962
-8.36455
-7.94173
-8.73847
-9.46075
-10.4026
-9.6228
-9.70413
-8.90002
-8.8384
-9.61889
-9.43005
-9.73153
-9.20599
-9.05366
-8.18269
-9.00502
-9.74748
-8.86301
-8.82132
-8.81716
-8.78424
-9.74536
-9.96014
-9.84657
-9.45761
-9.40349
-10.2696
-9.76614
-10.3361
-10.5455
-10.3149
-10.92
-11.4297
-12.257
-12.9835
-13.2691
-12.3956
-12.9469
-12.4246
-11.8524
-11.0526
-11.5466
-11.0709
-11.3215
-12
-12.049
-12.4322
-12.9758
-12.5271
-12.3349
-11.681
-12.0985
-12.489
-12.2831
-12.1639
-11.8766
-12.8201
-13.1519
-12.6173
-11.7169
-12.6492
-13.0707
-13.9795
-13.137
-13.8299
-14.8141
-14.781
-15.536
-15.5228
-15.0291
-14.0335
-14.2883
-14.198
-14.1825
-14.3742
-13.7188
-12.8874
-13.2354
-12.329
-11.4999
-11.7243
-11.6716
-11.1697
-11.6398
-12.2257
-11.8014
-10.8647
-10.5993
-10.6053
-10.5964
-10.2326
-11.1169
-11.2506
-11.4408
-10.8402
-11.6136
-11.487
-12.0128
-11.4217
-10.7631
-11.6543
-11.8382
-11.7663
-11.8058
-12.7999
-13.4027
-12.6067
-13.0911
-13.5751
-13.9678
-13.295
-13.0073
-12.1308
-12.9249
-13.396
-12.8946
-13.0381
-13.4623
-12.9276
-12.7146
-12.8417
-12.3832
-12.8726
-13.177
-12.2691
-11.481
-11.438
-12.2906
-13.2467
-12.4905
-12.6844
-12.3389
-11.6865
-11.8394
-12.0489
-11.8739
-11.516
-11.0725
-10.5394
-9.9207
-9.95544
-9.45703
-9.58063
-9.31612
-9.257
-9.85633
-10.509
-11.1782
-11.5998
-12.2274
-12.2614
-13.2344
-12.4768
-12.7964
-13.0798
-13.6977
-14.0868
-13.3073
-12.9985
-13.9896
-13.9575
-13.7294
-12.7988
-12.1179
-12.4862
-12.6848
-13.3103
-13.3746
-13.0861
-13.289
-14.1282
-14.1157
-14.9032
-14.6077
-15.4052
-15.4891
-15.347
-15.1524
-14.4745
-14.1227
-13.8117
-14.7122
-15.2604
-15.0349
-14.5626
-14.1782
-15.0626
-14.7503
-14.4572
-14.2471
-14.9375
-15.1732
-15.3658
-14.5995
-13.9935
-13.3143
-13.2595
-13.0209
-13.446
-13.5254
-14.3334
-13.5871
-12.7336
-13.3359
-13.559
-14.296
-14.0541
-13.1252
-13.7835
-13.7688
-14.6113
-14.1255
-14.7491
-14.3597
-14.6346
-15.1034
-14.2671
-14.3138
-13.8679
-13.1749
-14.044
-13.7297
-13.5437
-14.3301
-14.3823
-14.371
-14.5454
-15.1919
-14.3838
-13.6559
-14.2529
-13.9315
-14.1178
-14.0405
-13.6482
-13.5264
-13.7212
-13.795
-14.0139
-13.4802
-13.4004
-12.7136
-12.5665
-13.2763
-13.6761
-13.1809
-12.9856
-13.2712
-12.7582
-13.0596
-13.0164
-13.8407
-12.9057
-13.6355
-13.2495
-13.9637
-13.8477
-12.8595
-12.4118
-12.0154
-11.2915
-11.2233
-10.2776
-10.0799
-9.77981
-9.5553
-10.0851
-10.9885
-10.6371
-9.8281
-9.55112
-9.54458
-9.47202
-10.2487
-10.4654
-9.85393
-10.3701
-11.0693
-11.8201
-12.7587
-13.5225
-13.9038
-13.5099
-14.4153
-14.7555
-14.6123
-14.8021
-15.0222
-15.8381
-15.102
-14.8176
-13.891
-14.0837
-13.1906
-12.9266
-13.812
-12.8916
-12.5063
-12.861
-13.6605
-13.2622
-13.8632
-13.9663
-13.8627
-14.634
-15.4565
-15.0143
-14.8582
-14.4114
-15.1446
-15.7035
-15.6991
-15.6637
-15.023
-15.5976
-15.0804
-15.8038
-15.5088
-15.3621
-16.1096
-16.7704
-17.2197
-17.5184
-17.2546
-16.8545
-17.2164
-17.4116
-17.7504
-17.1826
-17.5205
-17.5168
-17.0302
-17.4369
-17.773
-18.1716
-18.8132
-19.4936
-19.1134
-19.1936
-19.1071
-18.7136
-17.921
-18.4965
-17.5029
-18.3629
-18.8988
-19.1576
-20.0421
-19.5263
-18.8293
-18.2623
-18.4832
-19.4766
-18.7131
-18.8589
-19.4595
-19.6332
-18.8644
-19.7961
-18.7975
-17.8006
-17.5474
-16.9907
-16.4862
-15.8785
-16.2441
-15.3792
-15.0894
-15.7299
-15.2086
-14.6438
-14.5685
-14.8828
-14.4113
-15.3174
-16.1145
-16.8332
-16.8071
-16.4944
-16.2256
-16.3085
-15.7544
-16.6659
-16.2998
-15.483
-14.9606
-14.1365
-14.6508
-14.35
-13.823
-14.133
-14.8133
-15.1064
-14.3903
-13.5739
-14.2472
-14.6049
-14.0148
-14.5543
-13.6439
-12.88
-12.8498
-12.829
-13.2648
-13.0062
-13.3539
-14.0192
-13.599
-13.7952
-13.7291
-12.9051
-13.6272
-12.831
-11.9021
-11.7252
-11.613
-12.4846
-12.9693
-13.5393
-13.931
-13.4465
-13.6576
-12.7186
-11.7685
-11.6909
-11.1349
-10.8842
-11.6762
-12.6174
-12.6846
-12.1302
-12.8849
-13.529
-14.257
-14.7934
-14.7184
-13.9749
-14.8736
-14.4888
-15.126
-14.5804
-13.6591
-13.5103
-13.8435
-13.2452
-13.8961
-13.0849
-13.5385
-14.4871
-14.9706
-14.8316
-14.8718
-15.6087
-15.3286
-15.2021
-14.4651
-14.444
-15.0373
-14.1621
-14.644
-13.6532
-14.2669
-14.7155
-15.1651
-14.8994
-14.0864
-13.7922
-13.1349
-12.3365
-13.21
-13.7798
-13.0526
-13.6988
-13.7165
-14.5728
-15.0186
-15.4296
-15.0861
-16.006
-16.5286
-16.4476
-15.5082
-14.8812
-15.6312
-16.6211
-16.0253
-16.6316
-15.8614
-15.0731
-14.6921
-14.1012
-14.1769
-13.6096
-12.9014
-13.337
-13.907
-14.6872
-15.3853
-14.7648
-15.2854
-15.327
-14.7909
-15.4592
-14.5938
-15.3575
-15.2884
-15.9749
-15.9368
-16.1766
-16.103
-15.1793
-15.2894
-14.5839
-14.8663
-14.7665
-15.0029
-15.6129
-14.7347
-15.4628
-15.3907
-15.0542
-14.54
-14.0662
-13.5839
-13.0994
-13.7867
-14.1792
-14.5798
-15.1806
-15.3947
-16.3898
-16.4528
-16.103
-15.6589
-16.3983
-15.7059
-15.1759
-14.7201
-14.1541
-13.4745
-14.3032
-14.4751
-14.4458
-14.2597
-13.4762
-14.0426
-14.9292
-14.1825
-15.1242
-15.2908
-16.1035
-15.5508
-15.1284
-15.7218
-16.6485
-16.4855
-16.865
-17.8141
-18.18
-18.8169
-18.5961
-18.8517
-19.2847
-20.1622
-20.4342
-20.8322
-21.1764
-20.8723
-20.5509
-21.0347
-22.019
-21.5948
-22.0399
-22.6803
-23.3963
-22.9523
-23.8742
-23.4072
-22.5455
-23.0845
-23.2561
-23.6917
-23.5049
-22.5493
-22.8441
-22.7688
-23.0748
-23.9118
-24.9056
-24.2259
-24.6442
-25.3827
-24.9063
-25.4495
-25.7023
-25.0595
-24.0711
-23.9731
-23.0622
-22.2992
-21.5201
-20.7278
-20.8026
-21.6738
-21.7991
-21.2151
-21.4665
-21.6824
-21.3871
-20.9999
-20.8301
-20.1459
-20.6822
-20.5475
-20.8368
-21.2351
-21.0143
-21.2005
-20.4615
-20.406
-20.9574
-20.6104
-20.9205
-20.5704
-20.1038
-19.2543
-18.5943
-18.179
-17.7534
-18.3002
-18.9024
-18.5151
-19.442
-19.9628
-19.5322
-20.3921
-20.7758
-21.2778
-21.0881
-20.665
-20.7882
-21.0313
