0
-0.127548
0.0451395
0.235511
1.17036
1.89417
1.43607
2.19033
3.03395
2.70238
3.2634
4.12133
3.80991
4.43657
5.36487
4.37946
4.80951
5.05133
4.14611
4.91728
4.94777
4.07017
3.49875
4.44771
5.15924
6.13118
5.54275
6.22867
6.78617
6.68074
7.30117
8.05552
8.16147
8.97854
9.03114
8.37395
8.31098
8.05602
7.34771
7.67818
8.44793
7.92166
7.98649
7.03377
7.22787
7.62862
7.5575
8.16057
9.07468
8.31561
7.44565
6.52923
6.77739
7.49782
6.61368
6.86487
6.49361
7.22331
7.96008
7.81312
7.77833
7.72065
7.5785
7.80758
7.78645
8.34537
8.25588
7.88319
7.87426
7.48731
8.33405
7.80752
6.94858
7.12623
7.14415
7.95141
7.58258
8.42131
9.10441
9.29118
8.63465
8.58953
8.7502
8.32832
8.37094
8.86947
8.94019
9.02691
9.40305
9.08041
8.75476
8.60622
7.61041
6.6721
6.67111
6.6845
6.12154
5.7173
4.9658
4.35045
4.88023
4.52852
5.45773
5.74157
4.82096
3.9812
3.16405
4.13254
3.72355
4.69816
5.69801
5.88328
4.90917
4.495
4.79081
5.36432
4.57891
4.40253
4.66965
4.66684
5.28247
4.67063
4.67128
4.01698
4.237
3.91828
4.91397
4.84729
4.49638
3.52675
2.59177
1.93397
2.79735
1.97649
0.992341
0.386078
0.783081
0.604818
0.174256
0.0718398
0.724496
1.70857
1.87091
2.78889
3.32753
2.53609
2.1165
2.62791
2.22832
3.00391
3.81449
4.0442
3.83939
3.43743
2.49118
1.63883
0.818092
1.76952
2.29552
3.05904
3.08284
3.93867
4.4224
4.25898
4.50489
5.20695
5.04891
5.1135
4.65149
4.26909
5.08284
5.55265
5.75195
4.84665
4.02868
4.48039
3.90032
3.45597
3.58007
4.2591
4.89755
5.70505
5.6472
4.98164
5.57199
5.31282
4.9252
5.61432
5.40018
4.55463
4.3029
3.87778
3.2794
2.51998
2.90239
1.93867
2.88035
2.92209
3.82735
3.11208
3.63174
2.72551
2.28244
2.3242
1.55892
1.05498
1.10755
0.555897
1.41617
1.2189
0.448951
1.38078
1.31631
1.72202
1.76423
2.52655
1.87211
1.35544
2.1303
1.6249
2.22245
1.3372
1.39211
1.47431
1.72032
2.53396
2.55588
2.72023
3.01185
2.5231
3.49294
3.36
4.23397
4.15572
3.97988
3.40385
3.60356
2.85348
2.85714
1.86964
1.26359
0.61709
0.14107
0.557198
1.39049
1.14054
0.775038
1.23767
0.753282
1.01384
0.851804
0.505664
0.647931
1.25691
2.0833
2.07513
1.91001
1.85974
2.53478
2.25582
2.03555
2.10776
1.67776
1.22449
1.81337
1.7472
2.15075
3.00433
2.7928
2.99318
3.74816
3.28735
2.87769
3.50267
3.58566
2.87743
3.85211
4.22608
4.61598
4.09674
4.20378
4.01462
3.19045
2.48507
1.71963
1.49584
1.68093
1.03028
1.48227
0.536711
0.792108
1.49859
0.598031
1.09298
0.607191
-0.314055
-0.26421
-1.10605
-1.88101
-0.913971
-0.148981
-0.264971
0.505111
1.0666
0.812002
1.64463
2.2091
1.66392
1.53417
1.35887
0.489309
0.0450927
-0.835385
-1.12439
-1.00548
-1.95029
-1.6583
-2.13023
-1.38101
-1.49378
-0.91547
-1.06607
-0.11967
0.723646
-0.0562919
-0.53765
-0.148628
-0.812949
0.168184
1.02219
1.76145
2.53419
3.31368
2.75372
3.26405
2.86218
3.43522
4.21073
4.54579
4.80595
4.27061
3.59401
4.42715
4.1453
4.13259
4.04407
3.87689
3.43406
3.08557
4.0445
4.43125
3.80368
2.8872
2.5446
2.37471
2.17406
2.62724
1.63872
0.701648
0.106902
0.494191
0.0410161
0.337572
0.961182
1.14598
1.6665
2.35524
2.35649
3.25301
3.87445
4.47394
3.71813
3.42114
3.84648
4.48045
4.36776
3.38831
3.65985
2.85715
2.73519
3.62113
3.37717
3.34642
4.30055
4.7179
5.40546
5.92164
5.33186
4.85091
4.98174
4.17205
3.86013
3.35465
3.41809
2.94387
3.13375
3.98653
3.18694
2.71092
2.5149
2.85476
3.54694
3.07644
2.92391
2.02124
2.70125
3.53294
3.00237
2.84923
1.94362
1.62866
0.652565
-0.227132
-0.617473
-0.491565
-0.980221
-0.179269
0.141272
-0.0880265
0.814054
0.42707
0.910435
0.62574
0.62101
0.313104
-0.119648
0.593592
0.0252301
0.0159785
0.903815
1.898
1.46611
0.485383
-0.266109
0.126726
0.264094
0.556955
0.848283
1.74009
2.69507
3.54763
4.20998
3.4507
3.85274
4.20101
4.82427
5.8216
4.82218
4.2406
4.6342
3.77939
2.89359
2.36548
2.65074
3.02652
3.6726
3.14638
3.73966
3.92128
4.49285
5.45067
5.68484
5.77575
5.00755
5.24207
4.51755
5.19955
5.73028
6.36488
6.14264
6.59312
7.10955
6.73372
6.50574
5.66549
4.95914
4.70768
5.43135
6.42085
7.22435
7.83244
7.31827
6.92372
6.64535
6.08577
5.60809
5.81523
6.38086
6.76005
5.84351
6.51238
5.57991
4.6613
4.70551
3.77855
3.73571
3.89609
4.1636
4.40687
4.92341
4.65702
5.2895
4.6079
4.21382
4.60361
3.873
3.84032
3.16678
2.16806
2.23928
2.76694
1.84154
0.895537
1.0988
0.259262
-0.282792
0.254802
0.364959
-0.588706
-0.206255
-0.270994
-0.849299
-0.142198
-0.556908
-0.0834215
-0.897077
-0.17639
0.801537
1.33954
0.353114
0.758695
1.13723
1.17071
2.15426
2.63898
2.19183
2.65235
3.23741
3.53464
3.48205
4.08655
4.55643
5.36668
4.45549
4.43276
3.89685
3.38817
2.72593
3.2491
2.30341
2.3391
2.86537
2.46298
2.93202
1.93354
2.90466
2.75187
2.25457
2.84364
2.29081
2.65715
2.03947
2.14889
2.06682
2.44351
2.69757
2.81848
1.98012
1.65197
0.921332
1.69212
2.5874
1.77789
1.55536
1.11814
1.70735
2.03489
1.81862
1.39874
2.27826
3.24224
3.85267
2.97954
3.30508
2.99707
3.59593
3.40524
3.62971
2.96284
2.68214
2.94461
2.2295
2.82305
1.9303
0.966051
1.14207
1.71309
2.53537
3.12015
2.42941
3.25449
2.782
3.65778
3.33116
3.17335
2.48909
2.28086
2.41552
3.38984
2.94991
3.28882
2.61685
1.91724
1.36169
0.946411
1.05164
0.407223
0.139252
-0.542197
-1.07154
-0.775873
-0.419666
-0.811555
-1.78585
-1.97746
-2.40556
-2.67069
-2.51385
-1.55781
-0.876001
-0.451757
0.0912343
-0.780021
-1.02525
-0.179935
-0.157778
-0.748171
-0.467535
-0.928935
-0.481495
-0.583005
-0.224447
0.0140588
-0.108699
-0.196015
0.596688
0.0879307
0.372285
-0.149154
0.222851
-0.750025
-0.816557
-0.667026
-1.02931
-0.999268
-0.332782
0.598869
1.19382
1.94921
2.49908
3.46845
2.57021
1.95153
1.62958
2.26953
1.34114
1.87791
1.26982
2.09608
1.24841
1.8819
2.64283
3.02643
2.22383
2.16133
3.05413
3.24162
2.86373
3.11317
2.58688
3.23227
2.87232
2.99393
3.90177
4.07789
4.48036
5.20346
4.7175
5.62503
5.84044
6.61352
7.06613
7.77935
7.06626
7.46226
6.85748
6.56334
7.42219
6.73287
6.14827
6.5738
6.67926
7.12862
7.29589
7.50322
7.33593
7.24702
7.38177
6.96595
7.75627
7.84355
7.41703
7.49329
7.80364
8.65985
8.3924
8.73232
8.74594
8.6727
7.70545
7.10051
6.57827
6.29809
5.39141
4.91212
4.94993
5.56011
6.39864
5.8037
5.09656
6.00617
5.38671
5.64381
6.06307
6.71881
6.68381
6.51673
5.56035
4.64039
4.6206
4.32185
4.52771
5.08925
4.96021
4.52871
5.37391
6.30555
7.06834
6.17325
5.44229
4.62137
5.31358
5.7731
5.99022
6.90267
7.4563
6.97862
7.38963
6.76117
5.97408
6.96305
7.8437
7.18084
7.88386
7.28721
8.17495
9.14761
8.15432
7.75486
7.67237
8.1119
7.75789
7.10065
8.08896
8.15073
8.28888
8.72684
9.157
10.031
9.37394
9.62492
9.93631
10.5069
11.3218
10.5856
10.43
10.6118
10.103
10.3153
9.69443
8.93189
9.31373
9.63697
10.632
10.3688
10.7677
11.0635
10.2933
10.2179
10.2647
10.1833
10.3185
10.0066
10.4178
11.0025
11.631
11.9452
12.6746
12.1351
11.1442
11.5581
12.3371
13.0274
12.5658
13.5639
13.9879
13.7478
12.8793
12.8805
12.7429
12.7579
13.2491
13.228
13.6931
13.0223
12.4322
12.7028
12.2605
12.2918
12.7912
13.3856
12.4744
12.93
12.1857
13.0423
12.8825
12.724
11.8725
11.758
11.4372
11.2504
11.5701
11.4349
11.7466
11.0304
10.5431
9.96217
10.0527
9.43285
10.4291
11.0454
11.6902
12.5417
12.0743
11.6587
12.0947
12.5199
13.3552
14.3538
15.1679
15.857
16.3527
15.7298
15.4633
15.794
14.7963
15.7333
14.738
14.6702
14.9321
15.6192
16.4187
15.4348
15.3628
15.8656
15.9541
16.6116
16.4842
15.5889
15.3707
16.0995
16.3876
16.5603
17.1206
16.8262
16.0113
16.2752
15.9951
15.9632
16.4156
16.1728
16.9946
17.6406
17.814
17.548
18.0743
17.3802
17.9268
17.4381
18.1451
17.2924
16.8266
16.3048
17.0829
16.956
17.2202
17.1648
16.3018
16.3208
15.5624
16.4568
16.1652
16.4387
17.0111
16.8571
16.6542
15.8449
16.5325
15.9852
16.7761
17.4706
17.9195
16.9582
16.6833
17.5776
16.63
17.5762
16.8813
16.8586
17.6529
17.0335
17.7356
17.0502
16.5926
16.9637
16.2388
16.6528
17.3104
17.8376
18.1743
19.148
19.2868
18.7367
18.9088
18.9452
18.8618
18.8317
19.5647
18.6805
19.1762
18.9913
19.7615
18.924
18.4782
18.3474
17.9797
18.3367
17.9654
17.8344
18.3818
19.348
19.0185
19.2123
19.1332
19.9992
20.0349
20.3687
20.3904
21.2259
21.5971
22.2833
22.676
23.0175
23.9069
24.4153
24.8287
25.1145
24.789
23.9548
23.6123
22.6646
22.6066
22.8555
22.8788
23.0715
22.646
23.3345
23.4225
23.6274
24.4112
24.0967
23.8155
22.926
23.3303
22.4068
22.0996
23.0034
22.0987
21.7929
22.7105
