16.0226
15.5115
15.3556
14.8429
14.9855
15.5976
15.3635
15.4493
15.4108
15.5281
15.5253
15.5235
15.6398
15.7698
15.4566
15.3327
15.3557
15.3588
15.2982
15.1939
15.1961
15.1448
15.186
15.0954
14.9988
14.8492
14.8261
14.7539
14.7863
14.7172
14.7444
14.8455
14.8573
14.9048
14.8658
14.8601
14.8817
15.0228
15.0463
15.0428
15.0496
15.1471
15.0978
15.033
15.042
15.0368
14.9678
14.985
14.957
14.9133
14.8917
14.8913
14.856
14.8233
14.9107
14.9135
14.9627
14.971
15.0172
15.0285
15.0167
15.0413
15.0118
15.0074
14.9923
14.9831
14.9778
14.9833
14.9647
14.9515
14.9284
14.8961
14.8878
14.9375
14.8993
14.9009
14.9097
14.9308
14.9552
14.9602
14.9516
14.9214
14.9236
14.9732
14.9605
14.96
14.9875
14.9552
14.9396
14.964
14.9598
14.9867
14.9997
14.9673
14.9266
14.9319
14.924
14.938
14.9166
14.937
