15.4994
16.7885
16.265
15.0404
14.7813
14.6713
14.8795
14.897
14.9615
14.8212
14.4455
14.5605
14.4753
14.4456
14.3077
14.4145
14.455
14.4322
14.6938
14.6101
14.6503
14.6803
14.8182
14.81
14.7693
14.8317
14.849
14.8831
14.9603
14.9534
15.0025
14.9694
14.9797
15.0141
14.9852
15.0326
15.0269
15.0168
15.0961
15.0961
15.1318
15.1093
15.1083
15.0488
15.0093
14.9991
14.9886
15.0019
15.0165
15.0653
15.0698
15.0486
15.1207
15.0967
15.0262
15.021
14.9736
14.9783
14.9362
14.9658
14.9676
14.9725
14.9289
14.9324
14.8969
14.9516
14.935
14.916
14.9054
14.9017
14.9083
14.9128
14.9231
14.9462
14.8939
14.9003
14.9181
14.912
14.8833
14.8821
14.8731
14.8532
14.8764
14.8658
14.8557
14.8778
14.8872
14.8545
14.8538
14.8519
14.8696
14.8569
14.8305
14.8236
14.8286
14.8273
14.8273
14.8339
14.8771
14.8756
