0
0.511021
0.333688
0.564426
0.459877
0.718111
0.650527
0.569867
0.504044
0.465842
0.421379
0.384669
0.372467
0.368532
0.464534
0.451864
0.425073
0.400775
0.383899
0.378835
0.36035
0.347387
0.33448
0.332785
0.33351
0.353608
0.341048
0.336472
0.326278
0.322702
0.313302
0.319742
0.310129
0.304588
0.298311
0.289962
0.282838
0.309362
0.302237
0.294605
0.287409
0.296962
0.294134
0.294605
0.288124
0.281839
0.284285
0.278836
0.274525
0.272493
0.267972
0.262768
0.260169
0.257397
0.267358
0.262555
0.262561
0.258128
0.257885
0.253804
0.249886
0.247051
0.244881
0.241065
0.23781
0.234359
0.230895
0.227543
0.224989
0.222145
0.220216
0.219518
0.216651
0.219406
0.219799
0.216893
0.21424
0.212529
0.211232
0.208636
0.206224
0.205921
0.203436
0.207031
0.204974
0.202577
0.202105
0.202387
0.200704
0.199956
0.197791
0.197466
0.195766
0.196374
0.198514
0.196509
0.194632
0.193144
0.19238
0.191534
