6.60011
5.33521
5.53466
5.95662
6.2356
6.12404
6.01067
5.99785
5.79915
5.80369
5.84762
5.73918
5.79557
5.67999
5.73046
5.77002
5.76003
5.64862
5.58924
5.59996
5.57236
5.5186
5.45678
5.51953
5.54003
5.53743
5.51165
5.48662
5.45796
5.47882
5.43132
5.45847
5.45471
5.48775
5.46283
5.4609
5.47171
5.47441
5.44856
5.43291
5.42003
5.43558
5.4436
5.46153
5.51592
5.54002
5.54135
5.52939
5.52836
5.50221
5.50468
5.51069
5.48172
5.45373
5.45554
5.4379
5.47662
5.46847
5.4744
5.4501
5.43246
5.44102
5.43697
5.44476
5.45569
5.43678
5.45678
5.44722
5.45828
5.45761
5.46432
5.4606
5.4548
5.44403
5.45475
5.4638
5.44441
5.44475
5.45507
5.43498
5.42636
5.44144
5.42302
5.41644
5.42916
5.42187
5.42006
5.43609
5.43815
5.43174
5.44284
5.44706
5.46511
5.47689
5.47518
5.47909
5.48142
5.47297
5.46117
5.47057
