3.59005
5.01664
5.44541
5.7038
5.72086
5.45831
5.51824
5.45092
5.42808
5.47091
5.38846
5.36683
5.3534
5.30322
5.31833
5.35946
5.39677
5.42234
5.45522
5.47254
5.47685
5.58019
5.56763
5.60621
5.65961
5.6195
5.60844
5.62634
5.66873
5.71242
5.67773
5.67498
5.67225
5.6568
5.67216
5.65793
5.64626
5.59571
5.57877
5.61048
5.60975
5.57286
5.54179
5.53489
5.52917
5.53479
5.53254
5.54542
5.54391
5.55788
5.53623
5.54231
5.54306
5.55192
5.54825
5.57948
5.57407
5.57585
5.53729
5.52739
5.52316
5.52097
5.52262
5.50999
5.52067
5.49918
5.5103
5.51152
5.51828
5.52288
5.53438
5.54098
5.54186
5.52866
5.5277
5.52568
5.52304
5.51863
5.51484
5.49883
5.50315
5.49218
5.48431
5.46117
5.45442
5.43662
5.43561
5.43371
5.43232
5.433
5.42013
5.42711
5.4014
5.42262
5.42443
5.41163
5.39763
5.39341
5.40596
5.41021
