0
1.2649
0.757037
0.681614
0.59715
0.50017
0.43766
0.379242
0.38903
0.347988
0.317818
0.309729
0.290436
0.292679
0.277104
0.262208
0.246504
0.257729
0.250914
0.238279
0.228323
0.224237
0.223007
0.222544
0.214439
0.206043
0.199933
0.19428
0.18964
0.184393
0.184561
0.180751
0.175228
0.173178
0.169993
0.165215
0.161051
0.156779
0.154877
0.151765
0.148576
0.145827
0.142621
0.140491
0.147713
0.146462
0.143319
0.14081
0.137911
0.13763
0.134927
0.132444
0.133113
0.133589
0.13115
0.129989
0.13343
0.131363
0.129253
0.129383
0.128461
0.126662
0.124701
0.122985
0.12157
0.121197
0.121038
0.119628
0.118399
0.116698
0.115237
0.113686
0.112268
0.111264
0.110293
0.109207
0.109509
0.108097
0.107217
0.107757
0.106767
0.10653
0.106839
0.105764
0.105284
0.104307
0.103117
0.103192
0.102046
0.101109
0.100607
0.0995968
0.100161
0.0997864
0.0987453
0.0977895
0.0968042
0.096183
0.0959352
0.095435
