0
0
0
0
0
0
0
0
0
0
0
0
0
0
0
0
0
0
0
0
0
0
0
0
0
0
0
0
0
0
0
0
0
0
0
0
0
0
0
0
0
0
0
0
0
0
0
0
0
0
0
0
0
0
0
0
0
0
0
0
0
0
0
0
0
0
0
0
0
0
0
0
0
0
0
0
0
0
0
0
0
0
0
0
0
0
0
0
0
0
0
0
0
0
0
0
0
0
0
0
0
-1.12367
-1.12367
-1.12367
-3.74464
-4.31627
-4.31627
-2.46186
-2.46186
-2.46186
-2.46186
0.0465219
0.505864
0.505864
0.505864
1.3727
2.06308
2.06308
4.22167
4.42892
4.42892
6.75734
6.75734
8.71237
8.11057
8.11383
8.68122
8.68122
8.68122
8.11904
7.12148
8.4896
8.4896
8.4896
8.4896
8.61099
8.42383
8.42383
9.30886
8.15647
8.34565
8.34565
8.34565
8.34565
7.27942
7.27942
9.38484
7.00956
6.08657
3.91323
3.91323
3.91323
5.39766
5.39766
5.59423
5.59423
3.06743
3.06743
5.21604
5.21604
5.21604
2.80276
2.80276
0.902002
0.902002
0.902002
0.902002
0.902002
1.45988
1.45849
0.826515
0.826515
0.826515
-1.87225
-2.04869
-0.151086
-0.151086
2.4591
0.10773
2.7803
2.7803
2.87015
2.87015
2.87015
2.92609
2.92609
0.610084
-1.19313
-1.19313
-1.19313
-1.19313
1.10525
1.10525
1.10525
0.660629
0.794369
-1.89952
-0.875716
-0.875716
-3.252
-2.32841
-1.96646
-1.96646
0.665443
-2.01252
-1.41389
-1.91085
-0.669139
0.933611
0.933611
0.933611
0.933611
0.933611
0.933611
0.933611
-0.338103
-0.338103
-2.12169
-0.249848
-0.249848
-2.70236
-2.70236
-3.36686
-3.36686
-5.32757
-5.32757
-4.46014
-4.46014
-2.68369
-3.90354
-4.29892
-4.92515
-4.92515
-2.97897
-4.3179
-4.3179
-4.3179
-4.3179
-4.3179
-4.3179
-3.70145
-3.70145
-3.70145
-3.70145
-2.62988
-2.62988
-2.62988
-2.62988
-4.13006
-2.74392
-4.37701
-3.9924
-1.83154
-2.26073
-2.26073
-2.26073
-2.26073
-2.26073
-2.26073
-0.902615
-0.902615
-0.725867
-3.21109
-3.21109
-2.72518
-2.72518
-0.438735
-0.438735
-0.604985
-0.604985
-0.604985
-0.604985
-0.604985
-0.604985
-1.49455
-1.49455
-0.172705
-0.172705
-0.172705
-0.172705
-2.45659
-0.862719
-0.862719
-0.862719
-0.862719
-1.57633
-3.54837
-3.5931
-0.954567
-1.52786
-1.52786
0.146839
0.945945
0.945945
1.20892
-1.48359
0.509591
-2.01251
0.0483839
-1.42791
0.00876572
2.00329
0.992964
2.30508
2.30508
2.30508
3.40273
1.03234
1.03234
-0.820661
-0.663963
-0.663963
-0.663963
-0.86145
-1.56728
0.978833
0.0605811
-1.08587
-1.08587
-2.07869
-2.07869
0.507546
0.507546
0.507546
0.507546
0.507546
0.0443603
0.0443603
1.14105
1.48121
-1.16826
1.48245
3.69069
1.38987
1.38987
2.37366
2.37366
2.37366
2.37366
2.37366
0.98399
-0.00374272
2.62437
2.74754
3.0544
4.73965
3.7633
2.44165
2.44165
2.44165
2.44165
3.11686
3.11686
3.64862
3.64862
1.77775
1.77775
1.91991
3.73671
3.73671
1.13511
-0.0591397
-0.0591397
1.24551
-0.658351
-0.658351
-0.658351
-2.852
-1.70604
-1.70604
-1.70604
-0.955073
-2.04519
-0.458393
-0.458393
1.64369
1.64369
1.64369
3.69427
3.69427
1.14184
1.02108
1.02108
1.02108
1.02108
1.02108
1.02108
1.02108
1.02108
1.02108
1.02108
-1.31156
-1.31156
-0.916435
-0.916435
1.64542
1.64542
1.64542
3.68345
3.68345
2.45273
0.109236
-0.0205279
-0.0205279
-0.0205279
0.396205
0.396205
-1.57289
-1.57289
-0.690507
-2.81699
-3.89418
-2.62435
-4.54875
-3.88111
-5.7493
-5.7493
-4.87624
-2.96141
-2.601
-3.27855
-2.68159
-3.95889
-3.95889
-3.95889
-3.95889
-3.95889
-2.27
-2.27
-1.33031
-1.33031
0.770529
0.83451
2.06133
2.6401
3.4339
3.4339
3.4339
1.99404
2.11838
2.11838
-0.184623
1.7067
1.56269
3.60305
2.4842
1.37741
3.84038
4.92393
4.24397
2.05014
0.18708
-1.13004
-1.13004
0.698271
0.698271
-0.0719999
-0.0719999
-0.135814
-2.64014
-2.64014
-2.64014
-0.664678
-2.59659
-2.25273
-0.283489
0.728512
0.728512
0.728512
0.728512
0.728512
-1.80915
-1.80915
-1.04097
-2.74156
-4.40284
-2.31609
-4.48293
-4.26166
-4.26166
-4.26166
-1.69927
-1.69927
-1.69927
-1.0662
-1.27918
-1.27918
-1.98544
0.55361
0.55361
-0.951952
-3.60576
-3.645
-1.13485
-0.69867
1.02043
1.18646
0.396308
0.396308
0.396308
0.396308
0.126069
-0.978323
-0.978323
-1.35724
-1.35724
-2.05333
-1.61372
-2.21663
-3.56378
-5.66179
-4.40655
-3.98369
-2.92383
-4.34066
-5.01468
-5.01468
-5.01468
-3.1837
-3.1837
-3.1837
-3.1837
-3.1837
-5.61608
-4.30867
-3.58632
-3.58632
-0.9662
0.253749
0.253749
-0.66582
1.9111
4.49812
3.77783
1.34748
0.3084
0.3084
-1.14471
1.36139
1.36139
1.36139
1.36139
0.617331
0.617331
0.617331
0.617331
-1.67926
-0.542615
-2.89554
-2.89554
-0.744431
-0.686888
-0.686888
-0.686888
-0.686888
-0.686888
0.381378
0.185344
-1.13675
0.27122
0.27122
0.27122
-2.35503
-2.35503
-2.91663
-1.65851
-1.73968
-2.2138
0.211766
0.211766
0.211766
0.49022
2.36285
2.36285
2.56809
2.56809
2.56809
0.62811
0.777759
0.777759
0.777759
0.195284
-0.98299
-0.98299
-0.98299
-0.98299
-0.98299
-0.98299
-0.98299
-0.533939
1.62612
1.56475
-0.27816
-0.27816
-0.0957988
-0.124461
-0.124461
2.18899
2.18899
0.22094
2.08884
2.08884
0.772516
0.772516
1.07353
2.83021
4.56828
2.69518
2.69518
2.69518
2.69518
2.69518
2.69518
2.34653
0.410437
0.545805
0.240884
0.240884
-2.31411
-2.31411
-2.31411
-2.31411
-2.31411
-2.93885
-4.76082
-4.76082
-6.2268
-5.38051
-5.38051
-5.15304
-5.15304
-2.92922
-2.81226
-2.81226
-3.42431
-2.6601
-0.118454
-0.118454
-2.54272
-0.434695
-0.100809
-0.100809
1.92167
1.92167
1.92167
3.3583
3.3583
3.3583
3.65758
3.65758
1.74888
3.65884
3.65884
3.65884
1.11961
1.11961
1.76237
2.43001
-0.217853
-0.217853
-0.217853
-0.217853
-0.686365
-1.29154
-0.516023
-0.516023
-0.516023
-0.516023
-0.516023
-0.516023
0.465931
2.12192
2.12192
0.867858
0.867858
-0.904423
-0.904423
1.78219
1.78219
2.95241
0.63014
0.63014
0.63014
-0.676089
-0.676089
-0.676089
-0.676089
0.221574
0.221574
0.221574
0.221574
-0.703759
-0.703759
-0.703759
-0.703759
-2.98353
-2.98353
-1.31583
1.27092
2.47797
2.47797
0.416908
1.48438
1.48438
0.803751
1.46134
0.0466563
0.0466563
-1.94192
-1.56513
-1.56513
-1.56513
-0.845944
-2.65114
-0.0315733
1.48901
1.48901
1.84384
1.39099
1.39099
1.39099
1.39099
1.39099
3.5875
3.5875
3.24699
1.19352
1.19352
0.0152865
0.574481
-1.81278
-1.81278
-1.81278
-0.925357
0.396703
0.181276
1.74264
2.52141
0.593484
0.593484
0.593484
0.593484
0.593484
0.593484
0.593484
0.564893
0.564893
0.564893
0.672709
0.672709
0.672709
0.672709
0.713017
0.713017
-0.874861
-0.874861
-0.874861
-0.874861
-2.73644
-2.45342
-2.45342
-2.40124
-2.40124
0.107522
0.107522
0.107522
0.107522
-2.48981
-3.10516
-3.10516
-2.24525
-2.24525
-1.76698
-1.76698
-2.2355
-2.2355
-2.2355
-2.2355
-2.29532
-2.29532
-2.21133
-2.01442
-0.583233
-0.583233
-1.0433
-0.494147
-1.42826
-1.42826
-1.42826
-1.50053
-1.23409
-1.55603
-1.55603
-1.55603
-3.32802
-3.32802
-3.32802
-1.24751
-1.24751
-1.24751
-0.248888
-0.248888
-0.248888
-0.248888
-0.248888
-0.248888
-0.248888
-1.91532
-1.91532
-0.782639
-0.782639
-1.30861
-1.54406
-1.54406
-1.54406
-1.54406
-1.54406
0.043411
0.043411
0.043411
0.043411
-1.49128
-1.49128
-4.08961
-1.4674
0.387369
0.517261
0.517261
0.517261
0.627876
0.627876
-0.219507
0.325018
0.325018
-1.7779
-3.16239
-3.16239
-1.44471
-1.44471
-1.44471
-0.0276558
0.985259
1.51613
1.51613
1.51613
2.9485
2.9485
2.71576
2.71576
2.71576
1.35157
-1.31883
-1.31883
-1.31883
-1.31883
-1.31883
-3.79574
-2.05714
-0.855163
-0.855163
-2.17828
-2.17828
-1.80032
-3.80522
-3.80522
-4.72232
-4.39866
-4.8309
-4.8309
-3.15251
-3.15251
-2.8116
-2.8116
-2.30148
-2.30148
-0.472729
-1.87523
-1.24055
0.467056
0.467056
0.467056
0.467056
2.49393
2.56276
0.254561
-1.69673
-2.44323
-2.44323
-4.07344
-4.50748
-4.50748
-2.09493
-2.09493
-0.979611
-0.979611
-0.979611
-0.979611
-1.04355
0.595621
0.216635
0.419813
-0.428
0.94312
3.55578
4.27085
4.36604
4.36604
4.36604
4.36604
4.36604
4.36604
2.26811
2.26811
2.72788
2.52568
-0.106749
-0.106749
-0.106749
-0.521253
-0.521253
0.554466
0.554466
0.554466
0.554466
0.554466
0.554466
0.554466
0.554466
0.554466
0.554466
1.9145
1.9145
1.08987
1.08987
2.93632
2.93632
4.32368
4.80928
4.80928
4.80928
4.40086
2.94644
3.16007
3.16007
2.71331
1.68193
2.18669
2.18669
2.18669
2.18669
0.495021
0.309995
-0.864645
1.26221
1.26221
-1.17259
-1.17259
-1.17259
-1.17259
0.529133
0.529133
0.529133
0.529133
0.295095
-2.17559
-2.17559
-0.725054
0.304153
0.304153
0.304153
0.304153
2.61122
0.317226
-1.50082
0.759653
-0.572886
-0.749174
-2.13914
-2.13914
-2.13914
-0.0867964
-0.0867964
-0.0867964
-0.220039
2.08388
2.08388
2.08388
0.934671
0.934671
0.934671
0.934671
0.934671
0.934671
0.934671
0.72611
0.72611
-1.14584
-1.14584
-0.793562
0.252221
-0.600232
-0.600232
-0.600232
-2.82211
-2.82211
-0.367839
1.16785
1.16785
1.16785
-0.893165
-1.57021
0.0271078
-1.16022
-3.81109
-1.98366
-4.59923
-2.90284
-2.90284
-1.58352
-0.381653
-3.05929
-3.05929
-0.564735
-0.867323
-0.867323
-0.867323
0.184477
0.184477
0.184477
-0.188788
0.293453
1.15057
1.15057
1.15057
1.15057
-0.478813
-1.67912
-1.67912
-1.67912
0.0139813
1.99571
1.99571
0.335509
0.335509
0.335509
0.335509
0.335509
0.335509
2.18449
2.42549
2.42549
3.3345
4.59875
2.45215
2.45215
2.45215
2.45215
2.53855
4.31499
4.84896
7.41341
7.41341
7.41341
5.7578
5.7578
5.7578
6.65235
5.59963
5.59963
5.59963
5.59963
5.57804
5.57804
3.78071
2.12086
0.163662
2.27987
2.6309
2.6309
3.25188
5.23622
5.8835
4.59145
2.73538
3.89578
3.89578
3.55829
4.52976
1.86865
1.86865
-0.415726
-0.415726
-0.415726
-0.415726
2.2742
2.14484
2.14484
2.14484
0.636364
0.636364
-0.444434
-0.444434
1.407
-0.345809
2.11299
2.11299
2.11299
2.11299
1.13258
1.13258
1.13258
-0.500196
-0.500196
-0.500196
-0.500196
-0.500196
-0.500196
0.158815
2.50702
-0.178984
-0.178984
-0.178984
1.09284
1.09284
1.09284
1.09284
1.60741
-0.724013
-0.724013
-0.724013
1.82845
1.82845
0.225802
0.696619
-0.101145
0.219361
0.219361
0.219361
0.219361
0.219361
0.219361
2.81339
2.00725
1.7477
3.05567
3.05567
3.05567
4.17141
3.73099
1.81062
1.81062
4.32698
4.32698
4.32698
3.43655
3.43655
2.14183
2.14183
0.688141
0.688141
-0.202202
-1.27646
-2.72907
-2.72907
-1.61169
-1.61169
-1.8363
-1.65963
-2.11015
-0.0854541
-2.4871
-2.4871
-2.4871
-1.0166
-1.0166
-1.0166
-1.0166
-1.0166
-1.0166
-1.0166
-1.0166
-1.0166
-1.0166
-1.0166
-1.0166
0.793675
0.793675
2.95795
2.76087
5.22496
4.6826
3.29086
3.29086
3.29086
2.61374
2.33275
2.33275
2.33275
3.36837
3.36432
3.36432
4.42006
4.40888
1.78688
1.78688
1.23482
1.23482
1.23482
1.23482
0.330607
-0.957486
-0.957486
-0.957486
-1.91007
-1.91007
0.16806
0.16806
-0.510814
-0.510814
0.141251
-1.50169
-1.50169
0.130918
-0.0123724
-0.0123724
-0.0123724
-0.0123724
-0.0123724
-0.0123724
-0.0123724
-0.0123724
0.795122
0.795122
-1.87489
-1.84399
0.373333
1.68188
2.77566
2.77566
2.77566
0.817895
3.19252
3.19252
3.19252
3.19252
3.8501
3.8501
2.38129
2.38129
1.87124
1.65976
1.65976
0.654553
0.654553
0.654553
2.76703
0.181888
0.181888
0.181888
0.181888
0.549823
2.82662
0.331959
0.331959
0.904793
1.89091
1.89091
1.89091
1.89091
1.89091
1.43907
1.43907
1.43907
1.43907
1.43907
1.43907
-0.560214
-0.560214
1.18727
3.27955
2.23496
2.23496
0.655179
0.806458
0.806458
-1.4495
-1.62312
-2.63524
-2.63524
-2.63524
0.0307587
-0.58409
-0.58409
1.45501
0.0165497
0.0165497
-0.876117
1.29337
1.29337
1.29337
-1.0766
-1.0766
-1.0766
-2.21658
-2.21658
0.363278
-0.203092
-0.203092
0.0748151
-0.129178
1.94418
1.94418
0.476379
0.476379
0.875878
0.875878
0.875878
0.875878
-1.48662
0.0533262
0.0533262
0.0533262
-1.43897
0.618892
0.618892
-1.51276
-1.51276
-1.51276
-1.51276
-3.45596
-4.9182
-2.79473
-0.220558
-0.220558
1.34793
-1.0863
-1.0863
-1.0863
-0.457419
-2.00328
-4.51569
-3.01953
-2.01499
-0.351029
0.677573
2.71586
3.72569
3.72569
3.72569
3.49219
4.01215
3.89485
3.89485
3.89485
3.89485
2.62758
1.58012
0.654703
-1.72565
-1.72565
-1.72565
-2.18851
-3.42599
-2.68357
-3.54286
-3.54286
-4.06352
-4.56586
-4.27171
-3.43938
-3.43938
-2.17757
-2.89477
-0.725808
1.07817
0.686318
0.686318
-1.07011
-3.51053
-3.51053
-3.51053
-2.19038
-2.49092
-4.81154
-4.81154
-2.34857
-2.34857
0.130943
-1.88113
-1.88113
-1.36707
-2.06728
-2.06728
-0.15149
-0.15149
0.431045
0.639103
-0.55776
-2.45425
-2.45425
-1.43982
-2.93308
-2.93308
-1.83462
0.601906
-1.9887
0.317159
0.317159
-0.984698
0.40208
-2.02615
-2.02615
-2.02615
-3.83004
-3.83004
-4.20378
-4.20378
-4.20378
-1.5743
0.0115502
1.55329
1.55329
1.55329
1.55329
2.21045
2.21045
2.21045
0.289661
0.289661
0.289661
0.289661
0.0297517
-0.206936
0.175817
0.175817
0.175817
0.175817
0.175817
0.175817
-0.195525
-0.195525
-0.195525
-0.195525
-0.195525
-0.195525
-0.195525
-0.195525
-0.537705
-0.537705
2.13514
1.70825
0.565389
-1.56637
-1.56637
-1.56637
-0.816477
-0.816477
-0.816477
-0.816477
-0.816477
-0.816477
-0.816477
-0.816477
1.25353
1.31284
0.706403
-0.624878
-0.624878
-1.37802
-3.46151
-5.02849
-5.02849
-4.90245
-2.52875
0.0530914
-0.238944
-0.67699
1.89039
1.89039
2.00032
4.13213
2.64634
2.25558
-0.0550187
-0.0550187
-0.0550187
-0.308981
0.59382
0.999611
2.22294
2.22294
-0.389561
-0.389561
-0.935869
-1.91463
-1.91463
-1.91463
-1.91463
-1.91463
-0.444521
-0.535697
-0.535697
1.81999
2.49716
2.49716
2.49716
1.16043
1.16043
3.48215
4.06167
2.01043
-0.509528
-2.46037
-2.46037
-2.46037
-3.39099
-3.39099
-3.39099
-3.36898
-3.36898
-0.801509
-0.801509
1.40503
1.40503
0.963188
-0.547091
-0.547091
-1.95636
-1.64815
-1.64815
-1.64815
-0.523719
-1.0264
-1.0264
-1.0264
-1.0264
-1.0264
-1.48117
-1.48117
-1.48117
-1.48117
-1.6097
-0.257364
-1.22874
0.508769
2.21125
2.21125
2.21125
0.680015
0.680015
0.680015
0.680015
0.680015
-0.272517
-0.653318
-1.25123
-1.25123
-1.25123
-0.432016
-1.45856
-1.45856
-0.791804
-0.791804
-0.791804
0.392704
0.572707
0.586707
0.586707
-2.02494
-4.07233
-4.22352
-3.37842
-1.44886
-1.44886
-1.44886
-1.44886
-3.1663
-1.79669
-1.79669
-1.79669
-1.79669
-1.79669
-3.72851
-3.72851
-3.72851
-3.72851
-4.42218
-4.7748
-4.7748
-5.08922
-5.08922
-5.08922
-5.08922
-5.08922
-4.96712
-4.96712
-4.22506
-2.24269
-2.99998
-2.99998
-2.70703
-2.70703
-1.35383
-1.35383
-1.53158
-1.53158
-1.53158
-3.252
-3.55844
-1.47687
-0.00290676
-2.2597
-1.99503
-1.24768
0.780824
0.780824
0.780824
2.53918
1.45404
1.45404
0.721052
2.64005
2.64005
2.84758
3.8354
5.07484
5.07484
2.64254
2.64254
0.369901
0.907401
-1.72155
-2.00825
-2.73504
-2.73504
-0.81092
-0.81092
-0.166788
-0.166788
-1.59565
-1.59565
-1.59565
-1.09392
-2.71276
-4.02565
-4.02565
-6.62661
-6.62661
-4.47104
-3.23581
-1.48213
0.353072
0.277644
-1.28614
-1.28614
-0.756262
-2.15206
-3.09206
-1.83621
-1.83621
-2.92802
-2.92802
-2.92802
-2.92802
-3.66406
-1.39789
-0.582464
-0.226551
2.04979
2.92486
2.92486
2.92486
4.02171
4.23922
2.24241
0.809369
0.809369
3.43995
5.12676
6.34579
6.34579
7.03652
7.03652
7.03652
6.12998
8.33429
6.15129
4.66085
4.66085
4.66085
4.66085
2.16934
3.10332
0.778628
1.52742
1.52742
1.52742
1.52742
2.12093
2.12093
2.12093
2.12093
2.12093
0.295141
0.295141
2.78972
2.78972
2.09529
2.09529
0.785127
0.785127
0.785127
3.23172
3.23172
0.574514
2.63195
2.63195
3.27024
2.11876
0.0770078
0.0770078
0.557926
0.599839
0.599839
0.599839
0.403622
0.403622
0.605981
-1.83432
0.208515
0.208515
0.208515
-1.94025
-1.94025
-4.53689
-5.86251
-5.86251
-7.61576
-10.2449
-10.2449
-10.2449
-7.57995
-6.03505
-6.78553
-6.78553
-6.78553
-6.78553
-5.26318
-5.5628
-5.5628
-3.85509
-3.90053
-3.90053
-4.02008
-1.86292
-1.04202
-1.04202
0.186409
-0.284601
-0.284601
1.98111
1.98111
0.827645
0.0282831
1.13764
1.13764
1.41938
2.10096
1.63719
0.43483
-1.48497
-3.04497
-3.04497
-0.98534
-0.98534
-1.05506
-1.05506
1.50134
1.50134
2.48659
3.84597
3.84597
3.84597
2.44344
3.29491
3.29491
1.67468
2.51471
2.51471
2.51471
2.51471
1.4971
4.09521
4.09521
4.73288
4.73288
3.48427
2.0486
1.3
1.3
-0.399257
2.12749
2.12749
2.98736
2.98736
2.98736
2.98736
3.81597
3.81597
1.70837
1.96355
1.96355
1.96355
2.91435
2.91435
4.7559
6.24903
6.24903
6.63604
5.25296
5.25296
5.25296
2.6926
2.6926
4.09359
3.76139
3.76139
4.49576
4.14162
4.14162
4.14162
4.14162
4.14162
2.80634
1.35671
2.2106
0.400875
-0.757019
-1.43858
0.312988
-0.71387
-0.71387
-1.46195
-1.46195
-1.46195
-1.46195
-1.46195
-1.46195
-1.46195
1.07989
1.07989
1.79598
0.808172
0.808172
1.63662
0.155678
2.74567
3.38643
1.11683
1.11683
1.11683
2.22036
2.22036
0.457576
0.457576
1.13132
1.13132
1.13132
1.13132
1.84296
2.73033
2.73033
2.73033
2.25038
0.025723
0.025723
0.025723
-2.41976
-1.29441
-1.20615
0.907107
0.907107
0.907107
0.974748
0.892633
-0.784735
-0.784735
0.584158
-1.33779
-1.33779
-0.0693207
-0.0693207
-0.0693207
-1.41048
-1.2637
-0.693547
-2.05173
-4.4765
-2.06157
-2.06157
-2.06157
-2.06157
-2.06157
-0.684965
-0.684965
-1.62168
-1.62168
-1.62168
-0.354804
2.11395
2.11395
0.654534
0.654534
0.654534
2.03411
-0.571776
1.24114
1.24114
1.24114
1.24114
1.24114
1.24114
0.391886
2.55109
0.426028
0.426028
0.426028
0.426028
0.426028
0.426028
0.426028
0.426028
0.426028
0.426028
0.426028
0.426028
0.426028
0.426028
2.38788
0.752873
0.752873
-0.0278299
-0.0278299
0.204024
0.955893
-0.87887
-0.96284
-0.019322
-0.019322
-1.66085
-1.66085
-1.66085
-2.40396
0.122472
-0.214734
-2.06474
-0.543692
-0.543692
-0.543692
0.957436
2.68088
2.68088
0.46571
-0.0798818
-0.950844
-0.950844
-0.017481
-1.9551
-1.9551
0.126552
-1.27046
-1.27046
-3.82432
-3.82432
-3.82432
-3.0205
-0.521685
0.378038
0.378038
0.378038
0.378038
1.17821
0.519514
-0.47843
1.47949
1.47949
2.15214
1.34895
1.34895
-0.169616
-2.44304
0.227591
0.227591
0.227591
1.09179
-0.327062
-2.19745
-2.19745
-0.352751
0.907778
0.907778
2.02136
2.02136
1.11501
1.11501
1.11501
1.11501
1.11501
1.11501
1.97817
3.94472
2.47025
2.47025
2.47025
2.47025
2.47025
2.47025
-0.22526
0.938286
0.938286
1.97966
1.97966
1.97966
1.97966
1.97966
1.97966
1.97966
2.43671
2.43671
2.43671
0.292217
-2.0247
-4.2899
-4.2899
-4.2899
-5.1576
-5.1576
-3.81768
-2.86183
-2.70911
-0.602557
-0.602557
-2.06997
-2.06997
0.372596
0.38729
0.38729
0.38729
2.031
2.031
3.2614
1.6454
0.506706
-0.555625
-0.243308
-0.243308
0.205449
0.205449
0.205449
-1.72403
-1.72403
-4.02701
-4.02701
-1.60198
-2.06581
-0.344781
-0.344781
-1.32294
-1.32294
-1.32294
0.71881
0.71881
1.81178
0.864936
1.06128
-0.766799
-0.35127
-0.35127
1.65084
3.29971
3.29971
3.29971
3.29971
1.16021
0.402727
0.402727
1.75908
1.75908
1.75908
1.75908
1.75908
2.65803
2.95266
2.95266
2.95266
2.95266
1.93549
1.93549
2.99293
2.99293
2.99293
2.99293
2.99293
1.90278
1.90278
-0.214816
-0.214816
-0.214816
0.445277
0.445277
-1.48114
-2.69765
-1.24817
-1.24817
-1.24817
1.00729
3.63101
3.63101
0.941583
-1.20117
-1.20117
-0.612116
-3.03067
-2.42927
-2.60037
-2.72486
-2.72486
-3.11817
-5.72528
-5.72528
-5.72528
-5.72528
-5.72528
-5.72528
-5.32453
-3.12572
-2.0545
-2.63468
-4.50544
-5.10907
-6.62359
-6.03224
-5.41372
-4.15537
-3.59707
-1.09734
-3.64346
-2.02803
0.618678
0.618678
0.618678
-1.52936
-1.03788
0.672286
-0.677696
-0.347801
-0.300895
-0.300895
-0.300895
-1.80241
-1.80241
-1.38766
-2.15422
-0.557665
-0.557665
-1.63177
-2.49835
-3.9584
-3.9584
-3.9584
-2.11319
-2.11319
-2.11319
-3.10516
-1.96566
-1.97328
-1.97328
0.196592
-2.18536
-2.18536
-3.26567
-4.2708
-3.08359
-3.08359
-2.75824
-1.31824
-2.70851
-2.48476
-0.0469944
-0.0469944
-0.0469944
-0.0469944
2.37963
-0.231805
-0.231805
-0.231805
-0.88872
-0.88872
-2.19148
-2.19148
-2.19148
-2.19148
-3.64111
-3.64111
-3.64111
-3.64111
-2.39833
-2.4182
-2.4182
-3.68798
-3.68798
-4.57959
-1.96113
-0.947503
-2.03376
-2.03376
-2.03376
-0.742408
-0.742408
-0.742408
-0.742408
-0.355095
-0.355095
-0.355095
-0.355095
-0.355095
-0.355095
2.09187
3.31961
3.31961
1.0255
0.756425
-0.623417
-0.623417
-0.956392
1.6557
1.6557
1.6557
2.7827
0.847442
-0.227193
-1.39004
0.376595
0.376595
0.376595
0.376595
0.376595
0.376595
0.376595
1.80395
1.80395
1.80395
1.80395
1.80395
0.674037
1.17552
1.17552
1.17552
1.17552
-1.12866
-1.12866
-1.12866
-1.12866
-1.12866
1.25446
2.39765
2.39765
2.39765
1.51572
-0.870174
-1.97241
-1.97241
-0.918142
-1.16779
-1.16779
-2.15768
-1.28489
-1.28489
-1.28489
-2.28369
-2.28369
-2.28369
-1.18068
1.4096
1.4096
1.4096
-1.16627
-1.16627
-1.19578
-1.19578
-1.19578
-1.19578
-1.19578
-0.90313
-0.90313
-0.90313
-3.37639
-1.62317
0.566076
0.566076
-1.00964
-1.00964
-1.00964
-2.03426
-2.36946
-1.93265
-1.31138
-1.31138
-1.31138
-1.31138
0.861791
0.861791
0.861791
0.861791
0.861791
0.861791
-0.204584
-0.204584
-0.204584
-0.204584
-0.204584
-0.204584
-1.43432
-0.928152
1.08067
-1.30201
0.750445
0.750445
-1.53824
0.593082
-1.48081
-1.48081
-1.48081
0.857427
-0.0893132
-1.79981
-1.79981
-1.79981
-0.102207
-2.33911
0.0572457
0.0572457
2.39116
4.43916
2.80338
2.80338
2.80338
2.80338
3.71853
3.71853
5.01328
2.53891
0.437657
0.437657
0.437657
0.437657
0.437657
-0.0359698
0.652193
0.652193
3.22112
5.87249
5.87249
5.87249
3.87387
5.41439
6.79304
7.02136
5.69329
3.90034
1.71179
3.65985
2.64105
1.38808
1.38808
1.38808
1.72032
1.0515
1.0515
0.749719
0.749719
0.749719
0.749719
-0.571833
-0.571833
-0.571833
-0.571833
1.29119
1.29119
1.29119
1.29119
1.29119
1.29119
-1.28927
-0.256986
-1.71784
-4.18041
-5.91392
-3.27639
-1.61197
-1.61197
0.624737
0.624737
0.624737
0.624737
0.624737
0.624737
0.624737
0.624737
2.28642
4.31895
3.76101
3.76101
3.2881
3.2881
0.664638
0.664638
0.664638
0.664638
0.727126
-1.05773
-1.05773
-1.05773
-1.05773
-2.22697
-4.89236
-4.89236
-4.02444
-3.77651
-5.58397
-6.00378
-3.48542
-4.66781
-4.66781
-4.66781
-4.66781
-2.48161
-2.48161
-1.66737
-1.66737
-1.66737
0.801696
0.801696
0.801696
0.735995
0.735995
0.735995
-0.228761
-0.228761
-0.228761
-0.228761
0.448058
0.540844
-0.515862
-0.515862
-0.515862
-0.515862
-0.515862
-0.515862
-0.515821
-3.17365
-3.17365
-3.17365
-3.17365
-3.17365
-2.01084
0.589125
0.589125
0.589125
1.51044
0.476141
1.74911
1.74911
2.18617
2.65521
4.20742
1.59162
1.59162
-0.259931
-0.908346
-0.247289
-2.00934
-1.26132
-1.26132
-1.26132
-1.26132
-1.26132
-1.26132
-1.06741
-1.06741
-1.06741
-1.06741
0.495285
2.54699
2.54699
2.54699
2.54699
2.54699
2.54699
0.594699
1.46853
1.46853
0.40702
0.40702
-1.34283
-1.34283
-1.34283
-0.882751
1.00594
-0.170632
-0.170632
-0.170632
-2.5098
-2.5098
-2.5098
-3.22946
-3.22946
-3.22946
-3.22946
-3.22946
-1.58071
-1.58071
-0.918006
-0.368019
-0.368019
-0.368019
-2.2042
-1.30414
0.705548
1.04021
1.04021
1.04021
-1.49117
-0.650179
-0.650179
-1.0802
-1.0802
-0.634146
-0.634146
1.91047
-0.664156
1.4729
1.4729
1.4729
1.4729
0.551996
-0.50021
-0.50021
-1.14107
-1.14107
-1.14107
-1.14107
0.583542
-0.421242
-0.421242
-0.421242
-0.201377
-0.201377
-0.201377
1.67527
1.67527
-0.329207
0.823794
1.71097
1.82272
-0.356657
-2.8426
-3.11865
-3.11865
-3.54539
-3.54539
-2.38359
-0.873938
-0.873938
-0.873938
-0.0812526
-2.40032
-0.154862
-2.19244
-2.19244
-2.19244
-2.19244
0.15817
0.329347
1.04273
1.04273
1.04273
-1.38465
-1.38465
-1.38465
1.20466
3.35138
3.35138
1.86885
-0.702202
-0.702202
0.995453
0.720475
-1.59547
-1.59547
-1.59547
-1.59547
-0.173767
-0.173767
0.693023
0.693023
-0.145421
-0.145421
-0.145421
-0.145421
-1.10764
-1.10764
-1.10764
-1.10764
-1.10764
-1.10764
1.12441
1.40635
-0.253844
-0.253844
-0.253844
-1.87827
-1.87827
-3.55889
-4.36333
-2.89306
-2.37046
-2.37046
-2.07393
-0.466513
-1.41063
-1.41063
-0.148391
-1.11964
-0.577629
-0.577629
-2.26779
0.00553298
-0.27888
-0.574486
0.322321
0.322321
2.42386
4.28529
4.28529
4.28529
4.28529
4.28529
3.48296
4.64327
4.64327
6.154
6.154
3.61659
3.61659
3.61659
3.61659
3.61659
3.61659
3.61659
3.97782
3.02164
1.1316
0.390714
0.390714
0.390714
-2.30898
-0.81359
-2.21952
-2.21952
-2.21952
-2.21952
-2.90222
-2.90222
-0.668187
1.95391
4.58468
4.58468
5.33697
5.33697
5.33697
5.33697
5.33697
5.33697
6.09178
5.83226
6.21529
6.21529
6.21529
5.92009
5.92009
4.00444
4.00444
4.00444
4.00444
5.22165
5.22165
5.22165
5.22165
5.22165
4.79601
3.36002
1.27717
1.27717
-1.18917
-0.105359
-0.105359
0.351592
-2.05534
-2.07829
-0.238976
-1.75337
-3.92268
-3.9206
-5.73327
-5.73327
-6.62742
-5.39257
-3.39629
-3.39629
-1.26662
-0.644788
-0.644788
-0.644788
-0.475517
-0.475517
-2.32212
-2.32212
-2.32212
-0.306376
-1.49783
-1.49783
-1.57683
-1.57683
-1.57683
0.355809
0.617351
0.617351
0.617351
0.527034
2.54489
1.52008
-1.10249
-1.10249
-1.10249
-1.96589
-1.96589
-3.64307
-3.64307
-3.64307
-3.21602
-3.21602
-1.57399
-1.57399
-1.57399
-1.14001
-1.14001
-0.248942
-0.248942
1.09716
1.09716
0.447515
0.447515
0.447515
0.41428
0.55066
0.55066
0.55066
0.55066
0.55066
0.55066
0.55066
0.55066
0.55066
0.55066
0.55066
0.55066
0.766947
-1.91617
-1.17677
-1.17677
-1.17677
-1.17677
-1.17677
-1.17677
-1.68131
-1.72792
-2.85283
-4.37474
-4.10928
-4.10928
-4.10928
-4.10928
-3.59052
-3.59052
-1.39968
0.514188
0.869108
0.869108
0.786879
-1.85537
-1.85537
-1.85537
-1.85537
-0.186285
-2.66263
-2.66263
-2.66263
-4.59803
-4.59803
-6.2737
-5.13641
-5.13641
-5.13641
-3.2887
-3.2887
-3.2887
-0.807105
-0.807105
-0.807105
-0.807105
-0.807105
-0.967832
-0.0700215
-0.0700215
-0.0700215
-2.38282
-2.38282
-4.33077
-4.33077
-3.44835
-0.825283
-0.825283
-0.825283
-0.825283
-1.00427
-1.00427
-1.00427
-1.00427
-1.00427
-1.00427
-1.00427
-1.00427
0.478535
0.478535
2.45472
0.858655
0.858655
0.0609019
1.36621
1.01987
1.01987
3.62693
3.46085
3.46085
3.46085
3.46085
0.761293
0.761293
0.761293
-0.859064
1.77714
1.77714
1.77714
1.77714
1.77714
1.77714
1.77714
0.668179
0.668179
0.668179
0.668179
1.52201
1.52201
2.55385
2.55385
0.448008
0.448008
0.238351
0.238351
0.238351
-1.89755
-1.89755
-1.89755
-0.641605
-1.53096
-2.51651
-2.97939
-2.97939
-0.884582
0.561618
2.48155
2.48155
0.0891699
0.0891699
0.026373
0.026373
0.026373
0.026373
0.026373
0.026373
0.026373
0.026373
0.0934781
0.0934781
0.0934781
-0.488609
-2.81627
-2.81627
-2.81627
-2.81627
-3.21128
-3.21128
-3.62436
-3.62436
-2.89146
-2.89146
-2.89146
-1.62666
0.852842
0.852842
-0.799978
-0.171287
-0.171287
-0.171287
-0.171287
-0.171287
-0.171287
-0.171287
-0.171287
-0.171287
-0.171287
-1.54362
-3.60834
-3.60834
-3.60834
-3.60834
-3.60834
-3.37622
-3.37622
-3.37622
-3.37622
-1.89625
-1.89625
-3.23814
-1.48322
-1.48322
-1.82347
-1.82347
-3.11268
-1.33276
1.26954
-1.35299
-1.35299
0.644083
2.06652
2.06652
-0.520328
0.706877
-1.24411
-1.24411
1.38322
2.45578
1.71567
1.71567
1.71567
-0.382212
-0.382212
-0.382212
-0.382212
-1.76014
-0.649636
-0.649636
-1.69396
-0.905426
0.802259
0.802259
-1.57277
-1.57277
0.624021
0.227232
0.227232
1.19912
0.721646
0.721646
-1.56184
-3.23353
-0.634694
-0.634694
-0.191785
0.197524
0.197524
-1.72673
-3.65257
-3.01365
-4.94574
-5.50692
-5.50692
-4.45749
-2.80638
-2.80638
-2.80638
-2.80638
-4.36274
-3.39961
-3.39961
-1.71392
-1.71392
-1.71392
-1.71392
-0.477902
-0.477902
1.21014
1.21014
0.315314
0.315314
-1.6451
-2.31123
-3.53516
-2.67576
-2.67576
-2.67576
-2.67576
-2.97128
-2.97128
-2.97128
-1.4807
-1.4807
-1.4807
-3.65148
-4.2707
-4.2707
-4.2707
-4.2707
-4.2707
-4.2707
-3.26927
-3.26927
-3.26927
-3.26927
-3.26927
-1.11466
-1.11466
-1.11466
-1.11466
-1.11466
-1.11466
-3.22277
-0.585374
-0.585374
-3.27794
-3.86544
-1.87733
-1.87733
-1.87733
-1.87733
0.579866
1.55953
1.55953
1.55953
0.440164
0.440164
-2.14344
-2.29476
-2.29476
-2.29476
-0.34743
0.0118285
-2.04118
-2.48982
-2.48982
-2.63667
-5.32151
-5.26661
-4.01659
-1.76313
-1.76313
-1.76313
-2.56671
-2.56671
-2.56671
-0.631859
-0.631859
-0.631859
-0.264621
2.30739
2.30739
0.139787
0.139787
0.139787
0.139787
0.139787
0.139787
1.84451
1.84451
2.28195
2.28195
1.1399
-0.229993
-0.229993
-0.902178
-1.37612
-1.83851
-1.83851
-1.83851
-1.83851
-1.72406
-3.0617
-3.0617
-3.0617
-3.0617
-3.0617
-1.18742
1.09653
-0.0333398
1.24457
1.24457
0.806972
-1.10978
-2.25284
-0.0141785
-0.468195
-0.468195
-0.468195
-1.03869
-1.03869
-1.03869
-1.03869
-1.03869
-1.03869
-1.03869
-1.03869
-1.03869
-1.03869
-1.03869
-1.03869
-2.6826
-2.6826
-2.6826
-0.2256
-0.2256
1.57532
-0.679805
-0.679805
-0.679805
0.599004
2.53762
0.316755
0.316755
-0.789981
-0.223275
-0.223275
-2.1735
-2.1735
0.410622
0.410622
1.29868
1.29868
3.34225
3.34225
3.34225
1.08452
2.51076
2.51076
2.51076
3.5353
4.10688
2.52362
2.52362
2.52362
2.52362
1.32829
1.32829
1.32829
-0.282462
2.36396
2.36396
2.26996
-0.128761
0.6639
0.6639
-0.632586
0.652527
2.28452
0.718141
1.21792
-1.42328
-0.782975
-0.782975
-0.782975
-0.782975
1.39307
3.99748
3.99748
2.46523
1.02399
1.02399
-1.1745
0.56791
0.56791
0.56791
0.56791
0.56791
-0.398072
-0.398072
-1.01872
0.537831
0.537831
0.537831
0.537831
0.537831
0.537831
-1.33323
1.10559
1.10559
2.53204
4.46147
4.46147
4.46147
2.49804
3.31651
2.12899
4.33996
4.33996
2.78001
5.45217
5.45217
5.45217
6.61372
6.61372
6.61372
6.61372
6.61372
6.61372
6.61372
6.61372
6.61372
5.18699
5.18699
5.18699
5.18699
3.30428
3.30428
3.30428
3.30428
2.3912
1.7026
1.7026
2.29127
0.824551
-1.38875
0.950176
0.950176
0.622599
0.622599
0.686939
0.686939
1.00359
1.00359
1.00359
1.00359
1.00359
1.11799
-0.287111
-0.287111
-1.41952
-3.41614
-3.41614
-3.41614
-1.53284
-1.53284
0.493761
0.493761
0.493761
-0.421837
-0.421837
-0.421837
-0.421837
-0.421837
-2.53233
-4.2766
-5.96738
-4.15503
-2.11858
-2.11858
-2.11858
0.433512
2.12126
1.73684
1.73684
1.73684
2.80051
2.80051
0.853565
0.853565
2.88372
2.88372
2.88372
3.73674
1.17632
1.17632
1.17632
1.17632
1.17632
1.79472
1.79472
2.42402
2.42402
2.42402
2.42402
2.42402
4.19879
5.80977
5.80977
5.39513
5.39513
3.09138
5.77625
5.77625
8.40577
8.40577
8.40577
8.44668
8.44668
6.77295
6.77295
6.77295
4.43356
4.43356
4.43356
4.40714
4.55051
4.55051
4.82253
4.51525
3.09999
2.22687
1.5193
1.5193
1.5193
1.5193
1.27595
1.27595
1.27595
0.150749
-1.98608
-1.98608
-1.98608
-1.98608
-2.57453
-0.882483
-0.882483
-0.128823
1.09169
1.09169
1.09169
-0.0308391
0.637954
0.637954
0.637954
0.637954
-0.342257
0.863603
2.39663
2.39663
2.39663
1.48816
3.75664
3.75664
3.25983
3.25983
3.25983
1.90902
2.54709
0.326225
0.326225
-1.46065
-0.218091
-0.218091
-1.18946
-1.18946
-1.18946
0.598993
0.598993
-1.92042
-1.92042
-3.07372
-1.28332
0.0181522
-1.21139
0.78265
0.78265
-1.12257
-2.60546
-0.377978
-2.70253
-2.70253
-1.17456
-1.67624
-1.67624
-1.67624
-1.67624
-0.305544
-0.305544
-0.305544
-0.305544
-0.488687
0.365035
0.365035
0.365035
2.75501
3.42613
2.13562
4.13617
1.76663
-0.624983
-0.624983
1.08029
-1.46167
-0.72383
-0.72383
0.93205
2.67257
2.41013
2.41013
2.41013
0.179052
-2.2692
-1.5606
-3.79346
-3.74565
-3.74565
-3.74565
-3.74565
-2.19539
-2.19539
-2.19539
-1.5695
-1.5695
-3.4381
-4.81526
-4.3668
-4.3668
-1.94075
-1.94075
-1.39128
0.659838
0.217807
0.217807
0.217807
0.217807
0.200875
-0.910727
1.24246
1.24246
0.206304
-0.964374
1.71071
-0.236231
-0.516744
-0.208544
-0.208544
2.29969
2.29969
2.29969
0.323237
-2.20713
-1.60638
-0.994372
-0.994372
-3.15795
-3.15795
-0.785898
1.12023
1.12023
1.12023
1.12023
1.12023
-0.815505
-0.815505
-2.1364
-2.1364
-0.870364
1.40138
1.40138
2.94401
2.94401
2.94401
2.94401
0.328961
1.05652
-1.07869
-1.07869
-1.07869
-1.07869
-3.2392
-4.06032
-6.17026
-6.17026
-5.38638
-5.38638
-5.38638
-2.69592
-3.79438
-1.41398
-1.41398
0.384711
-1.15177
1.28091
1.28091
-0.409663
1.56561
-0.928886
-0.928886
-1.76827
0.496772
-0.977101
0.0545311
0.0545311
0.0545311
-2.16019
-1.21614
-1.98841
-1.14531
-1.7558
-0.421392
-0.421392
-2.42112
-2.42112
-2.42112
0.144402
0.144402
1.13512
0.0264633
-1.05714
-1.05714
-1.05714
-1.05714
-1.05714
-1.05714
-1.57039
-1.57039
-1.57039
-1.57039
-0.537449
1.81653
0.315307
2.42814
1.05945
-0.339315
-0.339315
-0.339315
-0.339315
-2.71034
-0.650166
0.180785
0.617028
0.617028
0.617028
0.617028
0.617028
0.617028
0.617028
0.617028
0.617028
3.28252
3.28252
0.950679
3.07656
3.23981
0.813656
3.02607
1.53506
-0.787489
-0.787489
-0.787489
-2.87918
-3.01858
-2.74622
-2.74622
-1.68462
0.9927
0.9927
3.28018
4.1135
2.28461
2.28461
0.429289
-0.774134
-1.51831
-1.51831
0.866487
0.866487
0.866487
0.866487
-0.535908
-0.535908
-0.535908
-0.535908
-3.1926
-4.32596
-2.14596
-0.918094
1.75407
4.4329
4.4329
3.54208
3.54208
1.27556
1.44543
1.44543
1.44543
1.04
1.04
0.0824388
-1.18856
-1.18856
-1.18856
-1.18856
-1.18856
-1.18856
-1.18856
1.40136
1.40136
1.40136
1.40136
1.40136
1.40136
-0.542685
-0.894766
-0.894766
-0.894766
1.70095
1.70095
1.09028
-1.0503
-1.0503
-1.0503
-1.0503
0.1118
0.1118
0.1118
0.1118
0.1118
0.1118
0.1118
-0.990072
-0.990072
-2.69661
-1.67681
-1.67681
-3.56201
-2.85522
-2.85522
-2.85522
-2.85522
-1.14656
-1.14656
-1.14656
-0.956363
-0.956363
-0.956363
-1.29897
0.430304
-0.64591
-0.64591
-3.23481
-3.23481
-1.01667
-1.01667
-1.90811
-1.90811
-1.90811
-2.70448
-2.38859
-2.38859
-2.38859
-1.8326
-1.8326
-1.8326
-1.8326
-3.88851
-3.4594
-3.4594
-3.72588
-2.68315
-2.68315
-2.68315
-0.210597
-1.13071
-2.04183
0.606583
-1.14192
-3.41998
-3.41998
-3.41998
-3.41998
-3.41998
-3.41998
-3.41998
-3.41998
-3.41998
-3.41998
-3.41998
-3.41998
-2.07826
-4.23917
-4.23917
-1.57399
-1.57399
-1.57399
-1.98765
0.177351
-2.47109
-2.47109
-2.57813
-2.57813
-1.36806
-0.0883996
0.792849
2.19503
2.19503
2.19503
2.47095
2.47095
0.0569984
0.24958
-0.391777
-0.391777
-0.391777
-0.391777
-0.391777
-0.391777
-1.29301
-1.29301
-1.29301
1.12736
1.12736
3.16984
2.64597
2.97216
2.17943
-0.0744553
2.23891
2.23891
3.56054
2.92901
1.74624
4.04866
4.04866
3.07344
3.07344
3.07344
3.07344
3.07344
3.07344
0.811919
0.365007
-0.662484
-0.662484
-0.505887
-0.505887
-0.184709
-0.184709
-0.184709
0.420328
0.420328
0.420328
1.31312
2.87431
0.22957
0.22957
1.2419
0.476712
-0.488938
-0.488938
0.67005
2.53464
2.53464
0.308644
-0.28425
-0.28425
-2.82835
-1.95793
-2.00529
-2.00529
-2.00529
-2.00529
-1.4379
-1.4379
-1.4379
-1.4379
-2.54281
-0.366833
-0.366833
-0.0722407
-0.0722407
-0.0722407
1.1752
3.31035
1.03735
1.03735
1.24259
1.24259
1.97285
1.97285
1.97285
1.34478
-1.16022
-1.50302
-1.50302
-0.303785
0.171587
0.171587
0.171587
0.171587
0.171587
-0.582498
-0.582498
-0.686466
-0.686466
-0.46846
-0.46846
-0.46846
-0.46846
1.73484
1.73484
1.73484
1.73484
1.73484
1.73484
1.73484
4.02341
2.38426
2.38426
2.38426
0.14479
-0.274204
-2.6159
-4.26922
-6.22172
-6.22172
-6.22172
-6.22172
-6.22172
-6.22172
-4.68428
-4.68428
-4.68428
-4.68428
-2.98376
-2.98376
-0.652246
-0.652246
-0.652246
1.44753
1.44753
2.40265
2.40265
2.40265
2.40265
0.0692568
1.67313
1.67313
0.430604
1.15722
1.15722
-1.53433
0.39772
-1.23856
-1.23856
-1.23856
-1.23856
-1.23856
-1.23856
-2.66353
-1.1841
0.728782
0.0277781
-0.323354
-0.0226756
2.04907
3.98604
3.98604
4.06378
4.06378
4.43006
1.81608
-0.303263
-0.303263
-1.67739
-1.67739
-1.67739
-1.24985
-1.24985
-0.880326
1.07333
2.06831
4.33928
3.02915
0.568763
0.568763
0.568763
0.568763
2.65844
2.65844
2.65844
0.438291
0.438291
-1.00738
-1.00738
-1.00738
0.219821
0.219821
0.219821
-0.213419
-0.213419
-1.46761
0.237504
0.237504
-2.08618
-2.08618
-0.282204
-0.839299
-0.839299
-0.839299
-0.839299
0.759012
0.759012
-1.21197
0.261266
2.1196
-0.5122
0.637145
0.545377
-1.2611
0.758385
-1.49723
-0.558324
-2.88796
-2.88796
-2.88796
-2.22836
-2.22836
-2.84211
-2.84211
-2.84211
-2.84211
-3.02709
-2.58683
-0.30576
-0.30576
-0.30576
-0.30576
0.909388
0.909388
0.909388
-0.664554
-0.664554
-0.664554
1.9475
0.166104
-1.66598
-1.66598
-2.32739
-2.32739
-1.76597
-0.389636
-0.389636
0.625998
0.625998
0.625998
-1.88705
-0.0876413
-0.0876413
-0.0876413
0.0686853
0.0686853
1.61361
1.61361
1.61361
1.61361
1.61361
1.61361
2.09059
2.09059
2.09059
-0.102816
-2.083
-2.083
-2.083
-2.083
-3.74144
-4.1179
-4.89641
-6.11258
-6.11258
-4.28428
-4.28428
-2.75291
-3.84446
-4.56904
-4.56904
-4.9729
-2.61665
-2.01352
-2.01352
-2.01352
-3.70673
-3.70823
-3.70823
-3.70823
-3.70823
-3.70823
-2.67895
-2.67895
-2.32734
-2.32734
-2.32734
-2.68179
-2.40598
-2.5858
0.0391344
0.0391344
0.0391344
0.0391344
0.0391344
0.0391344
1.93612
1.93612
1.6456
2.64984
2.64984
1.30164
-1.24575
-1.24575
-1.24575
1.3778
1.3778
1.11353
1.11353
1.11353
-0.572126
1.34883
0.358176
0.358176
0.358176
0.358176
0.358176
0.181073
1.27438
1.27438
2.97608
2.97608
3.00524
0.919461
0.919461
0.919461
0.919461
0.919461
0.919461
1.76091
1.76091
1.76091
0.0144062
-0.929939
-0.929939
-0.278619
-1.66005
-2.28624
-1.89956
-2.76015
-2.76015
-2.76015
-2.76015
-1.00096
-1.00096
-1.00096
-1.00096
-1.00096
-1.00096
-1.00096
-1.00096
-1.83002
-1.82613
-3.68677
-3.68677
-3.08665
-0.900694
-0.900694
0.363326
0.363326
0.0048311
0.39727
2.28527
2.28527
2.28527
1.81131
1.81131
1.102
0.788731
-0.177078
-0.0130944
-0.0130944
-2.13797
-0.467983
0.818141
-1.80329
-2.08761
-2.08761
-2.08761
-1.65696
0.500228
0.500228
0.500228
-1.64445
0.0281393
0.0281393
0.0281393
0.0281393
-2.38052
-2.57838
-2.8373
-3.74665
-3.74665
-1.87859
-2.96498
-2.96498
-4.68405
-4.68405
-4.79249
-4.79249
-6.21683
-5.62005
-5.59711
-5.59711
-5.59711
-5.3609
-3.08699
-3.18374
-3.18374
-3.18374
-5.7344
-5.36692
-5.16521
-5.16521
-3.31022
-3.31022
-3.31022
-3.92125
-4.99639
-3.64892
-3.64892
-3.64892
-5.55456
-6.16734
-6.16734
-3.49917
-3.06432
-1.56751
-0.637235
-2.5886
-2.5886
-2.97528
-5.31675
-5.31675
-5.31675
-4.62844
-4.62844
-4.62844
-2.68655
-2.68655
-2.68655
-2.68655
-3.64412
-3.64412
-2.02547
-0.522162
-1.71014
-0.878673
-0.878673
-0.878673
-0.878673
-0.878673
-0.878673
-0.878673
-0.878673
-0.878673
0.947217
2.56454
2.56454
2.56454
-0.0811948
-0.0811948
-0.0811948
-0.0618385
-0.0618385
-0.0618385
-2.16725
0.468396
0.468396
0.468396
0.468396
-1.35809
-1.35809
0.217665
0.217665
0.217665
0.217665
-2.32192
-2.32192
-2.32192
-0.686159
-2.36056
0.252122
1.07564
1.07564
0.236877
0.236877
0.236877
1.34624
1.65924
1.65924
1.65924
1.65924
3.69997
3.69997
3.69997
3.69997
3.69997
3.69997
3.69997
1.11694
1.11694
3.54014
2.52254
3.2285
4.23392
1.61701
1.61701
1.61701
1.61701
1.61701
1.61701
1.61701
1.61701
1.61701
1.61701
1.61701
1.61701
1.21339
1.21339
-1.03316
-1.03316
-1.23516
-1.23516
-1.23516
-1.23516
-1.23516
-1.07159
-1.07159
-0.684383
2.00408
1.96325
-0.406319
-0.970803
-2.71557
-2.71557
-3.17876
-3.17876
-4.30332
-3.34912
-0.733252
1.40706
1.40706
1.40706
0.402239
0.402239
-2.16684
-0.797119
-0.556027
1.99574
1.99574
2.12128
-0.23746
-0.23746
-0.23746
-0.23746
-1.51749
-2.5605
-2.5605
-2.5605
-1.02003
1.46762
1.46762
0.414389
2.19647
2.23317
1.12217
0.757797
2.70926
2.70926
2.70926
0.640255
-1.79877
-1.79877
-3.74522
-3.74522
-1.79648
-4.10521
-1.58696
-1.58696
0.483077
0.483077
0.483077
0.483077
0.483077
0.483077
0.483077
0.483077
-0.648141
-0.648141
1.65417
0.0732579
-1.89464
-1.89464
0.783073
1.74669
0.606526
0.606526
0.606526
0.606526
0.606526
0.606526
0.606526
0.606526
0.606526
0.606526
0.606526
0.222028
0.222028
-0.20944
-0.20944
-0.20944
0.0666933
1.19882
3.28275
3.28275
4.5805
3.57584
1.74281
-0.393628
-0.0460819
2.39459
2.39459
3.62839
3.28921
3.28921
3.28921
3.28921
2.55102
2.55102
2.55102
4.43157
4.43157
4.43157
6.82622
5.67398
5.67398
5.67398
6.84233
6.84233
6.84233
6.14465
6.14465
3.91365
2.28647
3.90791
1.47272
-0.487916
1.67455
1.67455
1.67455
0.804757
-0.601112
-0.601112
-2.29758
-2.29758
-2.29758
-2.29758
-2.29758
-2.29758
-2.29758
-2.29758
-2.29758
-0.744701
-3.22443
-1.11727
-1.11727
-2.01921
-1.78615
-1.80339
-1.80339
-1.80339
-1.80339
-3.48573
-2.17811
-2.24916
-3.7123
-5.59794
-5.59794
-2.94036
-2.94036
-2.94036
-2.94036
-1.90184
-1.05099
-1.05099
-1.05099
-3.60483
-3.60483
-3.60483
-3.15199
-1.75448
-1.75448
0.171226
0.171226
0.171226
0.158075
1.26926
2.81
2.81
0.485505
0.394789
-0.563677
-1.64549
-1.64549
-0.280037
-0.280037
-1.95495
-0.00101054
-0.00101054
-0.00101054
-1.48274
-1.48274
1.00748
2.41626
2.41626
2.41626
2.41626
0.713542
0.713542
-0.689414
-0.689414
0.896438
0.896438
0.896438
0.896438
-0.724581
0.451269
0.451269
0.451269
0.451269
0.451269
2.9367
2.9367
2.9367
2.9367
2.9367
2.9367
1.61425
2.65356
2.65356
2.65356
2.65356
2.65356
2.65356
2.65356
0.878017
-1.34981
-1.34981
-3.66191
-3.66191
-5.72172
-5.72172
-5.72172
-7.55077
-5.37545
-4.76613
-2.08245
-1.10377
-1.10377
-0.689257
-0.99384
-0.99384
-0.99384
-1.50415
-1.50415
-1.90833
0.525706
0.525706
-0.503893
-0.503893
0.819852
0.449149
1.56757
1.56757
2.1201
4.09227
4.09227
4.09227
4.09227
4.09227
3.76968
2.37516
4.48008
2.37575
2.37575
2.37575
4.64319
3.55722
5.66062
7.87217
6.93078
8.44803
10.5155
11.2216
8.94527
8.94527
7.38843
5.77675
5.77675
5.77675
5.77675
5.47759
5.47759
3.69448
3.69448
3.69448
5.06645
3.32401
3.32401
3.32401
4.61205
2.17584
2.17584
2.51303
0.0265847
0.0265847
2.02171
2.02171
3.27337
3.21983
1.21124
-0.160643
-0.160643
-0.160643
-0.26378
-0.26378
-1.83757
-1.83757
-2.7306
-2.70542
-0.964067
-2.6113
-2.6113
-2.6113
-4.96108
-3.56872
-3.56872
-3.56872
-3.56872
-3.56872
-3.56872
-2.71701
-2.71701
-2.71701
-2.71701
-2.71701
-2.71701
-0.627806
1.87912
3.13237
3.13237
3.13237
3.13237
3.13237
3.13237
0.679491
1.11539
-0.525943
-0.525943
-0.525943
-0.525943
-0.525943
-0.525943
-3.18326
-2.98892
-1.41987
-3.78771
-3.78771
-3.78771
-2.98198
-2.98198
-2.98198
-1.2062
-0.842543
1.13338
1.13338
1.13338
-0.435138
-0.426548
-0.426548
-0.426548
-2.70743
-1.47786
-3.84067
-2.92477
-2.92477
-2.79872
-1.38775
-0.214011
-0.214011
-0.214011
-0.214011
-0.214011
-1.03382
0.110626
0.463277
-1.93753
-4.40597
-5.81952
-5.81952
-4.98943
-2.51339
-3.43844
-2.51421
-0.691122
-0.691122
-0.691122
-0.691122
-0.691122
-0.691122
-0.691122
0.104614
-0.0950055
-1.49062
-0.0093957
2.572
0.16504
0.16504
0.16504
0.16504
0.16504
0.16504
0.16504
0.534441
0.293153
0.293153
0.996626
-1.6822
-1.6822
-1.6822
-3.77606
-2.32072
-2.32072
-0.750222
-1.42707
0.356623
0.356623
0.356623
0.356623
0.356623
0.356623
0.356623
-0.117959
-0.117959
-0.117959
-0.117959
1.5043
1.5043
-1.19517
-1.19517
-1.19517
1.09044
1.09044
1.09044
0.648975
0.648975
0.648975
3.05746
3.05746
1.46747
1.46747
1.46747
1.46747
1.46747
4.13738
3.93087
3.93087
3.93087
3.93087
3.93087
3.27775
3.27775
2.97649
2.97649
2.97649
2.97649
2.97649
2.90049
1.18348
1.18348
1.18348
1.18348
-1.24242
-1.24242
-0.041811
-1.08666
-2.94347
-2.52088
-2.95006
-2.95006
-1.41134
-3.00922
-1.1203
-3.14713
-4.03161
-4.03161
-1.53901
-1.53901
-1.96225
0.292224
0.292224
0.292224
0.292224
-1.61286
-1.61286
-0.532397
0.868207
0.868207
1.21793
1.01545
1.01545
1.01545
0.274843
-2.00794
-2.14509
-0.718629
-0.718629
0.142177
0.142177
0.94731
-0.0200524
-1.01051
-1.01051
-1.01051
-1.01051
-1.01051
-1.01051
-1.01051
-3.05998
-3.05998
-2.74792
-2.74792
-2.74792
-2.74792
-0.941366
-0.941366
-3.52012
-0.93214
-1.66305
-1.19822
0.0230822
0.0230822
0.0230822
0.0230822
0.0230822
0.0230822
0.0230822
-0.730703
0.551237
2.70655
0.0280602
0.0280602
0.582253
-1.80624
-2.94776
-3.32019
-3.32019
-3.32019
-2.41192
-3.89031
-3.14082
-3.14082
-2.42451
-3.64486
-3.64486
-3.64486
-3.64486
-2.42986
-2.42986
-2.19801
-2.19801
-1.61959
-1.61959
-1.61959
-1.61959
-1.61959
-1.61959
-1.61959
-0.135327
1.10238
3.06893
3.06893
2.19168
2.19168
3.05121
3.05121
1.93521
1.93521
1.93521
1.93521
1.93521
-0.312461
-0.312461
-0.312461
-0.312461
-0.312461
0.439086
0.460862
0.0255023
0.593242
1.00187
-0.846133
1.34097
0.399176
0.399176
-1.75844
-2.41585
-2.41585
-0.53316
0.121612
-0.735729
-3.11018
-3.13882
-3.13882
-2.48431
-2.48431
-2.48431
-2.48431
-2.48431
-2.48431
0.198863
0.747588
-1.58675
-0.633784
-0.633784
-0.633784
-0.633784
-0.633784
-0.633784
-0.633784
-0.633784
-0.633784
-0.633784
-0.83303
-0.83303
-0.83303
-0.83303
-2.06024
-2.06024
-2.06024
-2.06024
-2.06024
0.266532
0.266532
-1.28939
-3.74117
-3.74117
-2.12621
-3.72779
-3.72779
-3.72779
-3.72779
-3.72779
-3.72779
-2.00752
-1.12007
-1.12007
1.52054
1.52054
2.05954
2.05954
1.28727
1.28727
1.28727
0.849865
0.849865
-1.0988
-1.0988
-1.0988
-1.0988
-1.52048
-1.52048
-1.52048
-3.62713
-2.02994
-2.38336
-0.80016
-2.65309
-1.67146
-0.903611
-0.903611
-0.903611
1.59922
0.78093
0.78093
0.913426
0.913426
2.70781
2.70781
4.7276
4.7276
4.7276
5.3151
5.3151
3.29175
3.29175
3.29175
1.87776
0.917064
2.45431
2.30167
2.30167
2.30167
2.30167
1.23764
1.23764
1.23764
1.23764
1.23764
-0.758564
-0.758564
1.8684
-0.788794
-0.788794
-0.235978
-0.210146
-0.576393
-0.576393
0.998012
0.998012
0.61372
0.61372
0.61372
0.373191
0.558875
0.717694
0.618072
1.93378
1.93378
0.48094
-0.688895
0.527513
2.94392
2.05272
1.7526
1.7526
1.7526
1.7526
1.7526
2.59075
1.54076
-0.512948
-0.512948
-0.512948
-0.0841956
-0.0841956
-0.0841956
-0.303331
-0.303331
-0.303331
-0.303331
0.9127
0.9127
-1.59441
-1.59441
-1.63747
-1.63747
-1.63747
0.121828
1.4392
1.4392
1.5293
1.5293
0.278886
-0.243516
2.28788
2.21909
2.21909
0.345935
0.345935
0.345935
0.345935
0.345935
1.06312
1.06312
1.06312
1.06312
-1.4624
-1.4624
-1.4624
0.489336
0.0854456
-0.89375
-0.89375
1.33577
1.33577
1.33577
1.93573
-0.715483
-2.57036
-4.75747
-4.75747
-4.75747
-2.30117
-3.78921
-2.218
-2.218
-2.65878
-2.65878
-2.07071
-0.422141
-0.422141
-0.422141
-0.422141
-0.422141
1.89491
-0.398141
1.0046
-1.67947
-1.67947
-2.38358
-3.95957
-1.38942
1.29427
1.86122
1.86122
0.789444
2.99256
2.99256
2.99256
2.99256
2.99256
2.99256
3.19152
3.19152
3.64681
3.64681
2.58642
1.73711
1.73711
0.430565
2.68545
2.68545
2.68545
2.70739
2.70739
1.91695
2.06171
2.06171
2.06171
1.43387
0.490968
0.490968
0.490968
0.490968
0.490968
0.490968
0.490968
0.490968
-1.27407
-1.27407
-1.27407
-1.27407
-0.0907124
-2.22356
-0.381616
-0.381616
-0.408675
-0.408675
-0.408675
0.457727
0.457727
0.457727
0.457727
-0.567363
-0.567363
-0.567363
-2.52193
-0.0576692
-0.0576692
0.111197
0.111197
0.111197
-1.45488
0.5284
0.5284
0.5284
0.5284
1.53438
2.93083
1.85156
1.85156
1.85156
2.57309
2.57309
2.57309
0.72447
0.72447
0.72447
0.72447
0.72447
0.72447
0.764428
2.52613
1.04282
0.45317
0.45317
1.05356
1.05356
1.05356
1.05356
-1.25894
-1.50529
-1.50529
-1.50529
-1.50529
-1.50529
-0.102362
-1.27741
-1.27741
-1.27741
-1.27741
-1.27741
0.535234
0.535234
0.535234
0.535234
2.97588
2.48752
3.44624
2.03268
2.03268
2.03268
2.03268
2.03268
2.29715
2.29715
2.29715
2.29715
1.64092
1.64092
1.64092
-0.385297
-0.555125
-0.555125
-0.555125
-0.555125
-0.555125
-0.555125
-0.555125
-0.555125
-0.555125
-2.54792
-2.54792
-1.14204
-1.14204
-0.0307894
-0.0307894
-0.0307894
-0.386569
-0.386569
-0.216361
0.889836
0.889836
0.889836
0.889836
0.889836
0.889836
0.889836
0.889836
0.889836
0.889836
0.889836
0.174846
0.174846
2.5327
2.5327
2.5327
2.5327
0.390415
0.390415
0.390415
0.637654
0.637654
0.637654
0.637654
0.637654
0.637654
1.59789
-0.234254
-0.234254
-0.234254
-1.77847
-1.77847
-3.39617
-1.04995
-1.04995
-1.04995
-1.04995
-2.46279
-2.46279
-2.46279
-2.46279
-2.32149
-2.32149
-2.32149
-0.270312
-0.270312
1.76073
-0.194438
2.32672
-0.314863
-0.314863
-0.314863
-0.314863
-0.314863
0.669328
0.669328
3.29953
3.29953
3.29953
3.29953
3.29953
3.29953
3.29953
2.55095
2.44949
2.44949
2.44949
3.05275
1.98742
1.98742
1.98742
1.98742
1.98742
1.98742
0.548287
-1.99339
-1.99339
-4.37521
-5.18824
-4.40531
-3.02686
-2.94887
-3.02227
-3.02227
-3.02227
-0.914856
1.67969
1.67969
1.67969
0.145903
-0.488498
-1.53043
-2.31823
-3.4793
-3.4793
-2.00638
0.437449
0.437449
0.437449
0.180505
0.180505
-1.17818
-2.95123
-2.09739
-2.09739
-0.0122549
-0.974564
-3.47708
-3.4271
-2.45969
-2.45969
-2.45969
-0.0793143
-1.39838
-1.45382
-3.28506
-3.28506
-0.80686
-0.80686
-0.80686
-0.678532
-0.403104
-0.403104
-2.86725
-0.522645
-0.522645
-0.522645
0.195701
2.2628
2.2628
1.33489
1.11385
1.11385
1.11385
2.09052
2.09052
2.09052
1.30338
0.89398
-1.71966
0.089386
0.089386
-1.12806
-2.01855
-1.62374
-1.62374
-1.62374
-1.49955
-1.49955
-1.49955
-1.49955
-0.841174
-0.841174
0.518215
0.518215
0.518215
0.443538
0.443538
-1.50286
-1.50286
-1.50286
0.668825
-1.87594
-0.433261
-0.433261
1.86795
1.92532
3.423
3.423
1.24252
2.22283
0.171789
-1.21851
-3.22025
-4.92824
-4.92824
-4.92824
-5.25193
-5.25193
-2.79273
-1.58273
-0.455142
-0.455142
-0.455142
-0.455142
-0.455142
-0.455142
-3.006
-1.65617
-1.65617
-0.355143
-0.452229
-0.744284
-0.744284
-0.744284
1.93396
-0.340057
-2.21707
0.167419
0.167419
0.167419
0.167419
0.167419
0.167419
-0.685979
-2.18501
-2.18501
-2.18501
-2.18501
-3.80311
-4.62089
-2.58202
-2.58202
-2.76667
-2.69376
-2.40322
-2.56816
-2.56816
-4.65818
-4.65818
-3.15674
-1.7464
0.28471
0.28471
1.41082
1.41082
-0.324784
-0.844595
1.38447
3.58897
3.2277
3.2277
3.2277
5.70913
5.70913
5.70913
4.88649
4.88649
2.87719
4.20016
1.50756
1.32436
3.01977
0.402596
0.555561
0.0723768
0.0723768
2.47063
2.47063
2.17338
3.54662
5.62392
5.62392
3.69923
3.69923
1.5109
0.824317
1.82703
2.28142
-0.0951759
-0.814106
-2.57738
-2.57738
-2.57738
-2.57738
-1.64721
-0.145798
-0.145798
-0.145798
-0.145798
-0.145798
0.648095
0.648095
-0.572126
-0.572126
-0.572126
0.789898
0.789898
0.789898
3.0886
3.0886
3.0886
3.0886
3.0886
3.0886
3.0886
4.67491
2.49832
2.49832
5.00827
5.00827
4.09227
1.80831
-0.528932
0.723557
-1.90446
-0.447114
-2.89992
-1.20418
0.68125
-1.03592
0.25127
2.82396
2.82396
5.22617
5.22617
4.54841
2.08614
2.43627
2.43627
2.43627
3.57274
3.97398
2.3629
2.3629
0.211446
0.331794
0.331794
0.331794
0.331794
0.331794
0.331794
0.331794
0.331794
0.331794
0.331794
0.331794
0.331794
0.331794
0.331794
0.331794
0.331794
0.331794
0.331794
0.331794
0.331794
0.331794
0.331794
0.331794
-1.23162
-0.0728746
-1.72878
-2.97157
-2.97157
-2.97157
-2.97157
-0.604581
0.734239
-0.859137
-0.859137
-0.859137
-2.2283
-2.2283
-2.2283
-2.93459
-2.58719
-4.64014
-4.64014
-3.13151
-1.85552
-3.41525
-3.57436
-2.37999
-3.31336
-3.31336
-3.31336
-3.31336
-3.31336
-2.52906
-3.01211
-3.13281
-0.693169
-0.693169
-0.693169
0.509811
1.36732
1.36732
1.76845
1.76845
3.95947
5.64746
5.64746
5.64746
3.28867
3.28867
3.28867
1.24225
1.24225
1.24225
1.24225
-0.851982
-1.06083
-1.06083
-1.06083
-2.24497
0.118082
-0.851137
-0.851137
-0.851137
-0.851137
-0.851137
-0.851137
-0.851137
0.48318
1.40979
-0.166573
-0.166573
-0.166573
1.65205
1.65205
1.65205
1.65205
1.65205
1.65205
2.43121
2.43121
3.57714
3.57714
3.57714
3.57714
2.46203
2.46203
1.22293
1.22293
1.22293
1.24254
3.79431
3.09902
2.62943
5.07776
6.39165
6.02485
4.24419
4.24419
1.74696
1.74696
3.48835
1.56461
0.901818
0.901818
1.62815
-0.86817
1.74963
3.4911
2.80684
1.6198
1.6198
0.884321
0.884321
2.66479
2.66479
2.66479
3.31466
1.19865
2.61777
2.15794
0.319465
-0.718641
-0.718641
-0.718641
-0.718641
-0.718641
-0.475524
-0.830596
-0.830596
1.33082
1.33082
-0.473681
-1.78813
-1.74363
-1.74363
-1.74363
-1.74363
-1.74363
-1.74363
-3.02114
-3.02114
-3.02114
-0.352941
-0.352941
0.744379
-0.98805
-0.98805
1.30494
1.30494
0.192552
1.52915
-0.679287
1.96545
-0.496212
-0.75428
-1.19948
-1.19948
0.543107
0.543107
0.282614
-1.96671
-1.96671
-1.79105
-1.51689
0.440914
0.440914
0.440914
0.455524
0.455524
-0.263643
-0.263643
-0.263643
-0.263643
-0.263643
-0.263643
-0.263643
-0.37654
-0.37654
2.29767
0.406203
0.537572
0.537572
-0.602505
-0.031454
-0.031454
-0.651317
-0.586212
-2.64993
-5.19103
-6.28197
-6.28197
-3.89176
-3.89176
-3.89176
-4.08151
-4.18732
-4.18732
-6.13782
-3.86004
-1.17641
-0.840728
-0.840728
-0.850223
-2.52804
-2.52804
-2.52804
-2.52804
-0.948144
-0.948144
-0.948144
-0.948144
-3.42829
-3.22962
-2.92518
-5.49504
-5.49504
-4.85131
-3.38686
-2.34074
-1.11236
-0.90246
-1.15352
-1.37297
-1.37297
0.882423
3.08658
3.08658
5.71089
5.89039
3.94748
3.94748
4.46961
2.44494
0.280005
0.280005
0.280005
2.03382
2.03382
0.237262
2.22368
2.95661
2.95661
3.25089
3.25089
3.25089
0.904096
0.904096
0.904096
0.904096
0.904096
0.0569037
0.117235
-2.10838
0.485778
0.485778
-1.61807
-1.39817
-1.39817
1.26893
1.26893
1.26893
1.26893
1.26893
1.26893
0.759957
0.759957
0.365562
0.365562
0.365562
0.0231297
0.129698
0.788116
0.830521
0.830521
0.830521
1.64732
1.64732
0.0943314
1.34141
0.265654
-1.55022
-0.852105
-1.73712
-1.73712
-2.52076
-2.52076
-2.52076
-2.52076
-0.750764
-0.750764
-0.750764
0.219791
-0.121989
0.921218
0.921218
1.43293
0.0867123
1.07402
2.68518
2.68518
1.96046
2.51379
2.55547
2.55547
2.55547
2.55547
1.16412
0.49242
0.773169
0.773169
1.37994
0.439024
0.439024
-1.38914
-1.38914
-3.95371
-3.95371
-3.95371
-3.39506
-0.98684
-0.98684
-0.98684
1.5883
1.5883
-0.327222
2.07496
0.210583
0.210583
0.210583
0.210583
0.210583
0.210583
0.210583
0.817559
0.817559
0.817559
-0.886784
-0.886784
-0.886784
-0.886784
1.47937
2.3798
2.3798
2.3798
1.40544
1.40544
1.40544
0.265151
0.265151
0.426788
-1.71629
-3.87078
-2.21141
-2.21141
-2.21141
-3.14363
-2.1331
-3.18174
-3.18174
-4.13806
-4.13806
-2.80157
-4.36242
-1.69209
-1.69209
0.92937
2.63046
2.63046
0.472918
-0.119362
-1.14546
-1.14546
-0.56621
-0.56621
-0.56621
-1.56018
-0.781545
-0.566429
-2.78502
-4.70219
-3.57901
-1.57533
-1.57533
-0.0149362
-0.0149362
-0.0149362
-0.0149362
-0.0149362
-1.31477
-1.31477
-2.52712
-3.28074
-4.3925
-4.3925
-4.3925
-1.93421
-1.93421
-2.95561
-2.95561
-1.42757
-1.91338
-1.20748
-1.20748
-1.20748
-1.20748
1.39537
1.39537
1.39537
1.39537
1.39537
0.351058
-1.19156
-0.0204318
-0.663577
-0.663577
0.72334
0.72334
0.836773
0.836773
0.836773
0.836773
0.358279
0.584069
0.584069
-1.11527
0.280329
0.280329
0.280329
-1.63769
-1.63769
-1.63769
0.599146
2.15202
-0.210211
2.12821
1.9058
1.9058
0.725351
0.725351
0.725351
3.05605
3.05605
3.05605
3.05605
3.05605
3.24925
3.24925
1.09017
1.09017
1.09017
1.09017
1.91514
4.45173
1.93343
1.93343
3.72866
3.72866
3.72866
2.2126
2.2126
2.2126
2.2126
2.37264
2.37264
2.37264
2.7819
4.7677
4.7677
3.6532
3.6532
3.6532
1.81253
1.93314
0.878715
0.878715
0.878715
0.878715
2.33842
4.80433
4.80433
4.80433
4.80433
2.39403
2.39403
2.39403
2.39403
-0.0522117
-0.0522117
-0.0522117
2.62549
4.95112
2.51371
2.51371
2.51371
2.51371
-0.0584184
0.213533
2.68065
2.68065
2.68065
2.68065
0.762315
0.762315
-1.30428
-1.07705
0.86908
0.86908
0.86908
0.86908
0.180748
0.180748
1.38844
2.1778
-0.088701
-1.20083
0.606319
2.20189
0.61028
0.220557
0.220557
0.220557
2.88421
2.88421
2.88421
0.916534
1.64579
3.00313
3.00313
2.81448
0.498273
2.53872
0.34345
1.21291
0.514019
1.9758
1.9758
3.90082
4.02908
1.89817
1.22443
1.22443
1.22443
2.06864
2.06864
2.46716
2.46716
1.5992
1.5992
4.15456
4.15456
4.12439
4.12439
4.26171
4.26171
3.57324
0.968344
0.968344
1.95005
0.497337
-0.812356
1.60382
0.870899
0.870899
0.870899
0.870899
0.870899
-0.962282
-0.962282
-0.10248
-0.10248
-0.976986
-0.204108
-0.204108
-0.204108
-1.00412
-1.00412
-1.00412
-1.00412
-1.00412
-1.00412
-1.00412
-1.08565
-1.08565
-1.08565
-1.08565
-1.08565
-1.08565
-1.08565
0.39782
0.318164
-0.440727
-0.470802
-0.480001
2.0307
0.536746
-1.33976
-3.19663
-3.19663
-3.19663
-3.19663
-3.19663
-0.846623
-2.30489
-0.717231
-0.717231
-0.717231
0.108978
0.108978
0.108978
1.44431
0.574107
1.02175
1.02175
0.853426
0.853426
0.889977
-1.78938
-1.78938
0.90893
0.90893
-0.229459
-2.0407
-2.0407
0.582542
1.69943
1.69943
1.69943
1.64568
-0.717655
1.87145
1.87145
3.67402
4.7382
4.5953
4.5953
1.92989
-0.601399
-0.601399
-2.15921
0.327448
-1.05833
-0.59674
0.677309
3.05102
3.05102
1.42659
-1.13089
-1.13089
-3.29802
-3.29802
-3.29802
-3.29802
-1.02855
-1.52653
-1.52653
-0.328032
-1.36564
-1.36564
-1.36564
-1.36564
-3.84055
-3.84055
-3.8546
-3.8546
-5.50728
-5.50728
-3.69618
-3.69618
-2.00157
-1.28972
-2.26067
-0.53564
0.583232
-0.352453
1.08895
-0.0296536
-0.0296536
-2.09177
-1.78373
-0.575214
-0.998773
0.811259
2.53514
4.32483
6.61106
6.61562
6.61562
6.02924
6.02924
4.97574
2.49164
-0.147582
-0.147582
-0.147582
-0.147582
0.878175
0.878175
0.878175
0.878175
0.878175
0.878175
1.54489
1.54489
2.43695
2.15707
3.32851
1.46683
1.46683
1.46683
1.75122
1.75122
2.34048
2.34048
0.1129
-2.0241
-0.143687
-0.179267
-0.179267
-0.179267
-0.179267
-0.865812
-2.93421
-2.93421
-3.70477
-2.41091
-0.375304
-1.31544
-1.99372
-1.99372
-3.02803
-1.84337
-1.84337
-1.84337
-1.84337
-0.0604785
1.05285
1.89489
1.89489
1.89489
1.66345
1.66345
1.66345
1.53364
2.08392
2.08392
-0.0732581
-0.0732581
-2.165
-2.80766
-2.80766
-2.80766
-2.80766
-2.80766
-2.80766
-5.13381
-2.95966
-1.09141
-1.09141
-1.09141
-1.09141
0.655268
-1.85199
-0.140691
-1.84821
-1.84821
-1.84821
-3.58407
-1.05804
-1.05804
-1.05804
-1.05804
-1.05804
-1.05804
0.46228
-1.80378
-0.561253
-1.3942
-1.97932
0.0183305
-2.14672
-0.128307
-0.128307
0.560303
2.72088
1.5971
1.07136
1.07136
-1.3171
-2.57288
-0.295281
-0.295281
-0.649724
-0.649724
-0.649724
-0.649724
1.56008
3.68842
2.25463
2.25463
3.72258
3.72258
3.72258
3.72258
5.14802
6.80444
6.80444
4.72484
4.72484
3.44632
3.44632
2.00339
1.28255
2.44329
2.44329
0.226755
0.184415
0.184415
0.184415
0.184415
0.184415
0.184415
0.184415
0.184415
1.36891
1.36891
0.732132
0.732132
2.92031
0.475465
0.475465
-1.82932
-1.82932
-1.82932
-1.82932
-1.82932
-1.82932
-1.82932
-1.82932
-0.435297
1.9774
1.9774
1.9774
-0.370081
-0.370081
-0.370081
2.301
2.301
2.301
1.35714
1.35714
1.35714
-0.0571491
1.57563
1.57563
1.59854
1.59854
1.33468
1.33468
1.33468
1.33468
-0.0837401
-2.07834
0.00536736
0.00536736
0.00536736
0.00536736
0.00536736
-2.54118
-2.54118
-4.78468
-4.78468
-2.20256
-2.20256
-2.20256
-0.209977
-0.209977
2.29055
2.29055
0.437082
0.437082
0.900903
3.03448
3.03448
1.87381
1.87381
1.87381
1.87381
0.434945
-1.19828
-1.19828
-2.62832
-2.62832
-2.62832
0.0319054
-0.48364
1.20845
-1.45312
0.383017
-1.08262
0.725255
0.725255
-0.900135
-1.26508
1.41461
-0.151406
0.760358
2.83873
2.83873
2.83873
2.83873
2.83873
3.61905
3.61905
4.68496
3.77387
4.00425
2.19631
1.45473
-0.749759
1.67488
-0.111375
-0.111375
-0.111375
0.210099
0.210099
0.499471
0.499471
0.499471
0.499471
0.499471
0.499471
0.499471
0.499471
0.499471
2.79815
2.79815
1.49503
1.49503
1.75633
-0.00653613
-2.05306
-2.05306
-2.05306
-2.05306
-0.824965
0.074237
-0.608741
-1.1807
-1.1807
0.230919
-0.28613
-0.28613
-0.28613
-0.317183
-0.317183
-0.317183
-0.317183
-0.317183
2.25695
3.48289
4.382
4.382
4.382
4.382
4.94264
4.20948
4.20948
4.20948
4.20948
4.20948
4.20948
4.20948
1.57394
1.57394
1.57394
1.28549
1.2719
3.56809
3.56809
3.56809
3.56809
4.09975
4.09975
4.48464
2.68358
2.68358
2.68358
1.47579
1.47579
1.47579
1.47579
1.47579
3.92408
3.92408
3.92408
3.92408
3.92408
3.92408
3.97458
3.97458
2.25243
1.91222
1.91222
0.210531
0.210531
0.210531
-1.97875
-1.97875
0.449942
-2.03055
-2.42597
-0.0684621
-0.0684621
-0.0684621
-1.66726
-1.60115
-1.60115
-1.60115
-2.40274
0.217443
1.66333
1.66333
-0.355221
-1.94014
-1.94014
-1.94014
-3.2777
-1.61154
-1.61154
-3.02455
-0.912074
-0.293138
0.574305
0.574305
2.70889
2.70889
2.70889
0.569347
0.569347
0.569347
0.569347
-1.81734
-1.81734
-1.81734
-1.81734
-1.81734
-1.81734
0.0182896
-1.26899
-1.26899
0.513024
0.513024
2.64619
2.64619
3.32512
0.785754
0.785754
1.90653
1.90653
1.90653
1.90653
1.90653
0.153517
2.26765
2.26765
-0.130165
-0.130165
1.59506
1.59506
0.380543
0.380543
0.380543
0.380543
1.99085
1.99085
1.99085
-0.0136548
-0.0136548
2.13605
2.13605
1.09723
1.09723
1.09723
1.09723
-1.60015
-2.2288
0.108759
2.49482
0.708004
0.708004
-0.647876
-0.842902
-0.484627
-0.484627
-0.484627
0.43309
-2.03176
-2.03176
0.259261
0.259261
-1.53298
-1.53298
0.357535
1.33075
-0.988586
-1.36312
-0.618807
2.02782
2.02782
1.55911
1.55911
-0.898221
-2.60363
-2.60363
-2.60363
-3.77822
-3.65182
-3.65182
-2.62991
0.0167583
1.23596
-1.17826
-1.17826
-1.17826
-0.079565
0.883921
3.42606
3.42606
3.42606
3.42606
3.24039
1.84647
1.84647
-0.359111
-0.359111
-0.359111
-0.359111
-0.802921
-1.0472
-1.0472
-2.22948
-2.27747
-4.2158
-5.38282
-5.38282
-6.06117
-6.82862
-6.64714
-5.37088
-4.02287
-4.02287
-5.50923
-3.32185
-3.32185
-2.20547
-2.34593
-1.00582
-1.00582
0.598824
-2.01572
-2.01572
-2.01572
-2.01572
-2.58634
-2.58634
-2.0933
-1.82502
-3.37376
-2.1471
-2.1471
-0.41104
-0.643012
-0.643012
-0.643012
1.92479
0.287806
0.287806
2.37434
2.06886
-0.313069
-0.313069
-0.313069
0.911588
3.21187
3.21187
3.21187
2.98627
0.370359
0.370359
2.8936
2.8936
2.8936
0.587067
2.65333
2.65333
0.934865
0.651246
0.651246
-0.266943
-0.266943
0.346987
0.346987
0.346987
0.346987
0.346987
0.346987
-0.690366
-0.690366
1.2789
0.465394
0.208592
1.11841
1.11841
1.11841
-1.31749
1.08078
1.08078
-1.2689
-1.2689
-0.370103
-0.370103
-2.45624
-3.02487
-2.73661
-0.436811
-0.436811
-0.436811
-2.53289
-2.53289
-2.4324
-1.04927
-1.84549
-1.36679
-1.36679
-1.93212
-1.93212
-0.582246
-0.582246
-1.92202
0.0547989
2.27567
0.718816
0.718816
0.718816
0.718816
0.718816
0.718816
0.718816
0.718816
0.718816
-0.887893
-0.887893
0.816206
0.816206
3.07408
3.07408
0.724275
1.08119
0.196683
0.196683
1.0213
-0.940862
-0.970596
-0.970596
-0.970596
-1.57
-2.60706
-1.57709
-1.57709
0.979391
0.979391
0.979391
-0.0237094
-0.0237094
-0.0074821
0.524205
0.524205
0.524205
-0.401912
-0.639496
-0.639496
-1.09632
-1.42865
-1.42865
-1.95351
-1.95351
-1.95351
-1.95351
-1.95351
-1.69542
-1.96347
-3.82258
-4.46786
-6.52253
-7.00534
-6.92923
-6.92923
-6.92923
-6.8471
-4.4839
-3.59292
-3.59292
-3.59292
-3.59292
-5.20658
-5.20658
-5.20658
-4.48312
-4.48312
-4.48312
-2.6297
-2.6297
-0.837355
-0.837355
-0.642754
-0.642754
-0.642754
-0.642754
-3.01979
-3.01979
-3.01979
-3.01979
-2.1101
0.498734
3.06365
5.44363
4.12789
1.68912
3.47457
5.19264
5.19264
3.29664
3.29664
2.26874
3.5331
1.61773
1.63798
1.74088
1.74088
1.74088
1.46035
-1.02856
-3.70252
-1.08693
-1.08693
-3.31782
-1.15271
-1.58191
-3.71835
-3.71835
-3.75207
-3.40925
-1.01563
-1.03748
-1.03748
-1.03748
-1.03748
-1.03748
-1.03748
-1.03748
-2.5668
-0.598897
-0.598897
2.0083
-0.568599
-0.568599
-2.40235
-0.752508
-0.752508
-0.375719
2.22515
3.29788
1.30054
0.475329
0.585056
0.585056
1.09556
1.09556
-0.0204076
-0.483545
-0.483545
-0.483545
-1.90116
-3.92837
-4.96242
-5.4673
-4.55275
-4.04584
-2.55267
-0.147292
-0.147292
-0.147292
-0.147292
1.00637
1.00637
1.00637
-0.199411
-1.21847
-1.61349
-4.16914
-4.16914
-4.16914
-2.11873
-2.11873
-2.11873
-2.11873
-2.11873
-2.11873
-2.11873
-2.11873
0.219909
0.219909
-0.647524
0.761339
-0.514101
-0.514101
-0.514101
-0.514101
-0.514101
-0.861507
-2.36169
-0.228837
-0.228837
0.764317
2.3943
4.96641
4.96641
4.621
4.621
4.10947
3.68367
3.68367
4.48222
4.48222
4.48222
4.48222
4.48222
3.1153
4.70421
5.27018
4.54044
4.54044
4.54044
3.8501
2.23472
2.23472
0.50075
0.50075
-0.888512
-0.457508
0.671144
2.01932
1.5697
-0.725684
-2.52877
-2.52877
-2.52877
-1.05036
-2.22987
-1.23934
-1.23934
-3.74903
-3.74903
-3.74903
-3.55289
-3.69455
-5.50463
-5.50463
-5.50463
-2.96563
-1.86555
-1.66829
-1.66829
-1.86477
-1.47579
-2.30026
-3.35401
-3.15402
-2.22705
-2.22705
-0.217529
0.667387
-0.953843
1.45112
1.45112
1.45112
0.899606
-0.846056
-0.846056
-0.223472
-0.223472
-0.223472
-0.223472
-0.223472
-0.223472
-0.223472
-0.463092
-0.463092
0.774581
0.774581
0.774581
0.774581
0.774581
0.774581
0.774581
0.774581
2.21659
3.10514
0.981407
1.25933
0.171627
-0.0439293
-0.0439293
1.52577
2.44617
2.44617
1.95997
2.32098
3.44376
3.44376
4.52632
4.52632
2.4716
2.4716
2.4716
0.0409636
0.0409636
-2.40766
-2.40766
-2.72738
-1.17047
-1.17047
-1.17047
0.0802501
1.4953
0.477253
-0.282671
1.42418
1.42418
2.99342
2.99342
2.99342
2.99342
2.99342
0.539518
2.71431
0.745493
0.745493
0.745493
0.745493
0.141023
-2.0907
-2.36963
-3.24722
-3.24722
-3.24722
-3.24722
-0.931555
-0.931555
-3.56885
-3.56885
-3.56885
-3.56885
-1.29182
-0.764731
-0.764731
0.826611
-0.530301
-0.530301
-0.530301
1.98255
1.36058
3.10931
4.79891
4.79891
5.13141
5.13141
5.55783
5.55783
7.21652
7.21652
7.21652
7.21652
5.59883
5.59883
5.11994
6.35353
4.78253
4.78253
4.78253
3.85522
3.85522
4.96026
2.29987
0.0202196
0.0202196
0.0202196
-2.02286
-2.02286
-2.02286
-3.23459
-0.697677
-2.1365
0.297939
2.19152
1.772
1.772
-0.482152
-2.33171
-2.33171
-2.57798
-2.14158
-0.12519
-2.03768
-2.57536
-2.57536
-2.57536
-2.57536
-2.57536
-1.1689
0.929038
3.04081
3.04081
2.17504
3.2304
3.2304
1.41964
1.41964
1.41964
1.41964
1.41964
0.199576
0.199576
-1.64137
0.2754
-0.692332
-0.692332
-2.49844
-3.79569
-1.76027
0.83957
0.231115
-1.80931
-1.80931
-1.80931
-1.80931
-1.80931
-1.80931
-1.33556
0.183089
-1.46071
1.01131
-0.752143
-0.752143
-1.71054
0.95182
0.95182
-1.29269
-3.89018
-3.89018
-3.89018
-3.89018
-3.25535
-3.25535
-1.70302
-1.70302
-2.25735
0.263216
0.263216
-1.78479
-1.78479
-1.78479
-1.16611
-1.16611
-1.16611
-1.16611
-1.16611
1.33144
1.33144
-1.10819
-1.10819
-2.46216
-2.46216
-2.46216
-2.46216
0.0991982
2.51431
2.51431
3.85911
2.95522
2.95522
2.95522
1.44121
1.13224
0.62851
0.62851
0.62851
0.62851
-1.33383
-1.33383
-1.33383
-1.33383
-1.33383
-1.33383
-1.33383
-1.33383
1.01127
1.01127
2.64884
2.97034
2.97034
0.987878
0.987878
0.847373
0.847373
0.847373
2.78092
2.78092
3.2887
3.2887
3.46897
3.46897
5.54601
6.07571
6.07571
6.07571
3.84678
2.91613
2.91613
2.75566
2.75566
2.60728
0.18963
0.18963
0.18963
-0.98432
-2.60449
-3.60481
-3.47925
-2.20602
-2.20602
-1.15839
-1.15839
-1.34027
-2.0932
-2.0932
-4.14717
-2.36063
-2.39741
-0.261335
-0.261335
-0.261335
-0.261335
-0.261335
-0.261335
1.06856
2.83328
3.30281
3.30281
3.30281
4.01801
4.01801
1.85911
2.05916
0.602096
-1.50866
-1.50866
-1.50866
-1.50866
-1.50866
-0.173355
-0.173355
-0.173355
2.39605
3.75359
3.20068
3.20068
3.20068
0.713542
0.713542
2.92823
1.18244
1.00085
1.00085
1.01486
1.01486
-1.67847
-3.50271
-4.90524
-4.83448
-5.73443
-3.36255
-3.36255
-3.36255
-0.721848
-2.27248
-3.61669
-3.61669
-1.52845
-1.71875
0.551173
1.20462
1.31115
1.31115
-0.155561
-1.78773
0.737668
-1.44565
-1.44565
-1.1724
-1.1724
0.776362
-1.55877
-1.55877
0.463001
2.33395
2.33395
2.33395
2.32161
1.43041
0.512386
-1.21243
1.45848
0.850583
-0.0775644
-0.0775644
-0.0775644
0.46278
1.87655
3.77016
3.77016
1.62534
0.722446
0.722446
-0.587121
-0.587121
-0.587121
-0.587121
0.746563
0.746563
-1.23081
-1.17871
-1.17871
-1.17871
-1.17871
-0.702841
1.72525
1.72525
1.72525
1.72525
3.81579
2.57845
4.00519
4.00519
4.00519
4.00519
6.41795
6.41795
6.41795
6.41795
6.41795
7.04405
5.58828
3.38804
3.38804
3.38804
3.38804
1.26753
1.26753
1.26753
1.26753
1.26753
1.26753
1.26753
1.26753
1.26753
1.26753
2.97052
2.97052
4.53344
4.53344
2.42444
2.42444
2.42444
2.42444
4.63818
4.63818
4.63818
4.63818
4.63818
3.90009
3.90009
3.90009
4.15766
4.15766
4.15766
4.15766
4.15766
4.15766
2.87367
2.87367
0.946688
0.946688
3.53924
3.53924
5.68884
5.68884
5.68884
5.68884
3.6985
3.6985
1.84348
1.84348
1.84348
1.08133
1.08133
1.01068
1.01068
-1.54103
-1.54103
-3.24791
-3.24791
-3.24791
-3.24791
-1.70494
-3.68503
-3.68503
-4.23611
-4.28658
-4.15021
-1.53168
-2.60819
-2.60819
-2.60819
-3.08173
-3.08173
-3.08173
-4.14839
-3.03278
-3.03278
-4.21757
-4.24419
-4.36501
-2.7294
-0.420038
2.07004
4.61983
4.61983
4.61983
2.87291
1.21231
0.126538
-0.155407
-2.40782
-3.12603
-1.29205
-1.29205
-1.29205
-1.29205
-1.29205
-2.66607
-2.66607
-2.66607
0.0269552
0.0269552
0.0269552
-2.44719
-0.288032
-0.543997
-0.543997
-0.949927
-0.949927
-0.748382
-0.748382
-0.748382
-0.748382
0.111052
0.111052
0.111052
0.111052
0.111052
0.111052
0.111052
0.111052
0.111052
-1.00979
-1.00979
-1.00979
-1.6082
-1.6082
-1.19722
-2.56113
-0.594916
-0.594916
-0.594916
-0.594916
-0.594916
-0.594916
-0.594916
-0.594916
-0.594916
-0.594916
-0.908654
-0.908654
-1.89906
-1.8681
-1.34229
-1.02933
-1.02933
-3.38534
-3.38534
-3.38534
-3.38534
-1.50026
-1.50026
1.06467
1.06467
-1.08624
-1.08624
-1.08624
-1.08624
0.0313045
0.0313045
-0.767133
-0.767133
-0.767133
-2.98857
-0.608656
-0.608656
0.449455
0.449455
0.449455
0.449455
-0.958381
-0.912737
-0.720155
1.14625
1.14625
1.14625
1.79578
1.71434
3.29167
2.68856
4.05777
5.3224
3.88126
6.47051
5.59238
4.24973
3.08827
3.08827
3.08827
3.08827
0.896512
0.896512
0.896512
0.896512
-1.73394
-1.73394
-1.73394
0.531581
-1.53836
-1.53836
-1.99919
-1.99919
-1.78542
-1.78542
-0.703519
-0.703519
-0.407587
-0.407587
-0.407587
-0.407587
1.47954
1.47954
1.47954
-0.279582
-0.733018
-0.0475912
-0.0290143
2.53447
3.44026
1.32096
1.32096
1.32096
3.17047
3.61439
0.946718
0.946718
0.946718
0.563341
-0.955439
0.941265
0.941265
0.941265
1.62148
2.81172
4.72838
4.72838
2.32833
1.45102
1.45102
-1.10186
0.615927
-0.651465
-1.60563
-1.0616
-1.0616
-3.2159
-3.2159
-3.2159
-1.6236
-0.49536
-0.49536
-0.49536
-0.00750901
-0.00750901
1.04059
1.04059
1.04059
1.04059
1.04059
1.04059
1.04059
3.28371
3.28371
3.28371
3.28371
3.28371
3.28371
0.736748
0.736748
0.736748
0.736748
0.157934
0.590096
0.590096
1.79024
3.2201
2.68048
2.68048
2.68048
3.41675
3.41675
3.41675
4.02529
4.02529
1.38805
1.38805
1.38805
1.38805
1.38805
1.56815
1.56815
0.586293
0.586293
0.586293
0.586293
0.586293
0.586293
-0.406669
0.946848
0.0970844
0.0970844
-1.58357
-1.58357
0.500866
0.500866
0.500866
0.843586
0.843586
-0.84081
-1.67876
-3.10043
-2.74027
-2.74027
-2.74027
-2.37257
-3.39106
-3.39106
-4.3743
-3.73652
-2.44285
-1.33232
-1.33232
-3.90985
-3.90985
-4.98619
-4.98619
-6.90706
-6.90706
-6.90706
-4.27847
-4.45811
-4.45811
-4.45811
-2.86163
-2.86163
-2.86163
-2.86163
-2.92278
-2.92278
-3.45435
-0.968858
-0.968858
-0.968858
0.695799
1.32992
-1.0023
-1.0023
-1.0023
-1.0023
-2.30615
-1.99447
-1.99447
-1.99447
-2.49234
-2.49234
-2.49234
-2.49234
-0.0688203
-0.853092
-0.203607
0.108912
0.108912
0.108912
1.33784
1.50327
3.61253
3.61253
3.61253
2.15958
2.15958
2.84942
2.84942
2.84942
2.84942
2.52669
1.09202
1.09202
1.09202
1.09202
2.49258
0.0263708
0.0263708
2.02559
2.02559
2.02559
1.37474
1.37474
1.37474
1.37474
1.37474
-0.701823
-2.48766
0.165925
0.165925
-1.08172
-1.08172
-0.625442
0.901298
1.12049
-1.313
0.686335
-0.418192
1.82301
4.42873
4.42873
2.07843
2.07843
2.07843
2.82206
1.25903
-0.586365
-1.70348
-1.70348
0.741851
0.741851
0.741851
0.741851
-1.77937
-2.33625
-4.46214
-4.46214
-4.46214
-5.41082
-5.41082
-6.80814
-6.02481
-6.02481
-4.92979
-4.92979
-3.40173
-3.40173
-4.40968
-5.43591
-5.85965
-4.88299
-2.87776
-2.87776
-1.38693
0.948358
0.948358
0.948358
2.12634
4.43536
2.63412
0.331051
-2.11621
-0.141864
-2.69831
-5.31464
-5.31464
-6.55172
-6.55172
-5.69119
-6.20223
-4.24777
-1.55406
-1.55406
0.656062
0.656062
-1.5303
-2.39429
-2.0229
-0.401828
-0.939758
-1.97705
-0.492596
1.44369
3.35832
1.66036
3.18641
3.18641
3.03326
3.03326
4.51122
4.51122
5.81085
5.81085
5.81085
5.81085
5.81085
5.69767
5.69767
5.69767
5.17067
5.17067
3.77432
3.77432
1.43294
2.34539
2.34539
3.82224
6.17363
3.56347
5.57572
6.45977
4.68952
4.68952
4.68952
4.68952
3.5843
2.37511
-0.22861
-0.22861
-0.22861
-0.22861
-1.29951
-1.29951
-3.62288
-1.39067
-0.445025
-0.445025
0.80591
-1.55986
-1.55986
-2.83256
-4.75978
-5.40337
-3.32753
-5.56339
-5.56339
-4.84506
-4.84506
-5.5484
-5.5484
-6.4292
-6.4292
-6.4292
-3.96485
-1.72721
-1.47885
-1.83459
-1.83459
-1.83459
-1.83459
-1.14432
0.75497
0.75497
0.75497
2.02345
4.04418
4.04418
5.97675
5.97675
4.42882
4.42882
4.42882
3.41453
5.11862
6.00147
4.92889
5.49791
6.01622
4.51065
4.51065
4.60617
2.69085
2.69085
2.16647
2.16647
-0.030121
-0.030121
-0.030121
-0.030121
1.44139
1.44139
2.14552
0.991482
0.991482
1.73937
1.73937
0.680538
0.680538
-1.25253
-3.27768
-3.41532
-3.41532
-1.7704
-1.7704
-1.7704
-1.7704
-0.592791
0.557623
3.2333
4.15672
2.92111
2.23448
0.249134
-0.643306
-0.643306
-0.643306
0.438291
0.438291
1.68989
1.68989
1.96222
1.96222
1.96222
1.96222
1.96222
1.34095
0.426928
0.426928
0.426928
1.15166
1.15166
0.379606
2.34942
2.34942
1.69373
1.13697
1.13697
-1.43718
-1.43718
0.512988
0.512988
1.48273
1.6498
1.6498
1.6498
1.6498
1.6498
1.6498
1.6498
1.46925
2.17013
2.17013
2.17013
2.17013
2.17013
2.17013
2.17013
2.17013
3.10289
3.10289
5.74656
5.74656
5.74656
4.8078
2.7019
3.20713
0.709375
3.35331
3.35331
3.03381
0.473077
-1.57596
-1.57596
-1.49136
-1.49136
-0.83974
-3.43653
-3.43653
-3.44932
-2.40002
-2.40002
-2.40002
-1.49544
-3.67996
-1.474
-1.474
-1.474
-1.474
-1.474
-1.474
-1.474
-1.79223
-1.79223
-1.85673
-1.85673
-1.79587
-3.36078
-4.4002
-4.4002
-4.4002
-4.4002
-4.4002
-4.4002
-4.4002
-4.4002
-5.69869
-5.69869
-4.93437
-2.97408
-2.97408
-2.61085
-0.69273
-0.300316
-0.300316
-0.300316
-0.300316
-0.300316
-2.45255
-0.0328071
-0.0328071
-0.0328071
-1.29756
-1.29756
-3.54005
-3.54005
-3.54005
-3.54005
-3.54005
-3.54005
-3.54005
-1.28254
-1.28254
-1.28254
-1.28254
-1.28254
-3.17855
-3.17855
-3.17855
-3.31498
-3.31498
-3.31498
-4.88488
-4.38906
-3.76307
-3.76307
-3.76307
-1.37172
-2.5847
-2.5847
-2.5847
-2.5847
-2.5847
-2.5847
-4.91931
-2.91606
-2.91606
-0.587304
-2.20356
-4.59127
-4.99881
-4.99881
-3.54604
-3.54604
-3.54604
-3.54604
-3.54604
-2.55713
-3.71503
-2.79325
-4.86266
-4.86266
-4.86266
-5.57123
-5.57123
-6.54389
-5.26082
-3.74599
-3.64671
-1.05451
1.62874
4.09424
4.09424
5.62413
5.62413
4.16598
2.34619
-0.170111
-2.57874
-1.64045
-1.64045
-3.43413
-3.43413
-3.43413
-3.43413
-1.72834
-1.72834
-4.12303
-2.30451
-2.30451
-2.30451
-0.506399
-0.506399
-0.506399
-0.506399
-0.506399
-0.858076
1.21884
1.21884
1.21884
-0.759595
-0.817992
-1.03633
-0.333164
-1.1921
-1.1921
1.27383
-1.35781
-1.35781
-2.247
0.396832
0.396832
-2.08825
-2.08825
-3.97194
-1.73923
0.162419
0.162419
1.74317
1.74317
1.74317
1.74317
-0.808655
0.771214
0.771214
0.771214
-0.124999
-0.124999
-0.124999
-0.124999
-0.124999
-0.390926
0.0125034
-1.64647
-4.29864
-3.77966
-3.77966
-4.6905
-2.61189
-2.61189
-2.61189
-2.61189
-3.57651
-1.50459
-0.250368
1.66871
3.95858
6.61967
4.74098
6.47042
4.97601
4.97601
4.97601
5.29737
6.18164
3.83922
3.30802
3.30802
3.30802
1.17412
1.17412
1.17412
1.17412
1.17412
1.17412
-0.469823
-2.9929
-3.04664
-2.95719
-2.34332
-4.02035
-2.3708
0.0721408
0.0721408
0.0721408
0.0721408
0.0721408
0.0721408
0.0721408
0.275999
1.40968
-0.629117
-0.629117
-0.728575
0.448535
1.09873
1.09873
2.21495
0.326475
0.326475
1.1937
1.1937
1.1937
2.93743
0.773985
0.773985
-0.609916
-0.609916
-1.72303
0.313924
0.313924
0.313924
0.313924
0.313924
0.313924
0.313924
0.313924
0.313924
0.638562
-1.49386
-2.65103
-2.65103
-0.671923
-3.32081
-3.32081
-3.32081
-2.04437
-2.04437
-2.04437
-2.04437
-2.04437
-2.04437
-0.78316
-0.319567
2.1693
1.15097
1.15097
1.15097
1.15097
1.15097
1.15097
1.54165
2.46581
2.46581
2.46581
1.63583
1.63583
1.63583
1.63583
1.63583
4.11236
4.11236
4.02199
4.02199
4.02199
4.02199
4.02199
4.02199
4.02199
4.02199
6.2566
3.96019
5.42499
6.24579
5.42352
7.08118
7.08118
7.08118
8.10589
8.10589
9.91604
9.91604
10.3909
10.3909
8.75177
6.25487
6.25487
6.25487
3.7963
3.7963
3.11654
5.30315
5.30315
5.30315
5.30315
3.57929
3.18915
3.18915
2.57613
3.96654
3.96654
1.49153
2.54557
0.31624
2.14425
2.14425
2.14425
2.14425
2.14425
-0.550887
-0.550887
-0.550887
-0.550887
0.413143
0.413143
0.413143
0.413143
1.61034
0.11913
0.11913
0.11913
-0.972158
-0.972158
-0.972158
-0.828696
0.219544
1.14287
1.14287
0.764276
-1.54051
-1.54051
-1.54051
-1.54051
-1.54051
0.137723
-0.633365
-0.633365
-0.633365
0.565614
0.526025
2.24771
0.821189
0.821189
2.47591
1.00521
2.47869
2.47869
2.47869
2.47869
2.47869
2.47869
2.47869
1.70303
1.21189
1.21189
1.21189
1.21189
-0.796041
-0.796041
-0.756605
-1.38606
-3.30547
-3.30547
-3.30547
-2.65177
-2.34622
-2.34622
-2.34622
-2.34622
-2.34622
-2.34622
-2.34622
-2.1208
-2.1208
-2.1208
-2.1208
-2.1208
-4.00513
-4.00513
-3.20553
-3.20553
-2.38261
-0.0843449
1.61507
1.61507
1.61507
1.61507
-0.000124379
-0.00925877
-0.00925877
-0.00925877
0.857118
0.857118
0.759892
0.759892
2.09996
2.46397
2.46397
2.46397
2.46397
0.800292
0.228478
2.60417
1.60644
0.427377
0.0336156
0.0336156
0.0336156
0.0336156
-0.74162
-0.74162
-0.74162
-0.74162
-2.52356
-2.52356
0.0940964
-1.16255
-3.37102
-3.37102
-1.25133
-1.25133
-1.25133
-2.66392
-2.62864
-0.417824
-0.417824
-2.60422
-4.00831
-1.94032
-0.971272
-0.399771
-1.652
-1.41289
0.0601948
-1.30911
1.15704
1.03063
1.03063
1.03063
1.03063
1.03063
1.03063
1.49055
3.25482
2.16473
2.03004
0.0509505
0.151384
0.151384
0.151384
0.151384
-0.312322
-0.312322
-0.0923731
-0.0923731
1.62625
1.62625
1.62625
1.62625
1.62625
1.42622
1.42622
1.42622
-0.923588
0.564603
-1.71504
-1.71504
-1.88626
-0.0236698
0.710472
0.710472
-0.162856
-0.162856
-0.105247
-1.10024
-1.2447
-2.02854
-2.02854
-0.400285
-0.400285
-0.400285
-0.400285
1.74574
1.74574
1.42299
1.69983
1.69983
3.09831
3.09831
3.09831
3.09831
2.69073
0.146478
-2.00157
-0.574653
-0.574653
0.568732
0.568732
0.568732
0.568732
0.568732
0.568732
0.568732
0.568732
0.568732
0.568732
0.568732
-1.25481
-1.25481
-2.10671
-2.10671
-2.10671
-1.639
-1.639
-1.639
-2.5821
-1.74737
-1.29289
1.1693
3.68666
3.68666
1.72265
0.814939
0.814939
-0.330814
-0.330814
1.60199
1.60199
0.463161
1.25024
1.25024
-0.0884768
-0.0884768
-0.0884768
1.64875
1.64875
2.06892
1.61628
2.11776
0.513867
0.427033
0.427033
0.427033
-1.94123
-1.94123
-0.360963
-0.360963
-0.360963
-0.360963
-2.10114
-2.10114
0.472559
0.472559
-0.252699
-0.252699
-0.252699
-0.252699
-1.51881
-1.51881
-4.19521
-4.19521
-2.06837
-2.06837
-2.56195
-2.56195
-0.87246
-1.99886
-1.99886
-1.99886
0.0270912
0.1524
-1.16581
-0.603717
0.146033
-2.50137
-2.50137
-2.20884
0.45767
-1.35871
-1.35871
-1.35871
1.09042
1.09042
-0.74172
1.5472
2.55695
2.55695
2.55695
2.55695
2.15462
4.83328
3.92908
1.31288
1.31288
1.31288
-0.931725
-0.931725
-0.931725
-3.36171
-2.71532
-2.71532
-2.71532
-4.55889
-4.06312
-3.2549
-3.2549
-5.74168
-4.16828
-4.74173
-4.74173
-2.44728
-2.44728
-3.71613
-3.71613
-3.71613
-4.23542
-4.23542
-4.23542
-2.42942
-2.42942
-1.1915
-2.54712
-2.54712
-0.554976
-0.554976
1.75327
1.75327
2.08088
2.08088
-0.491286
0.80064
0.80064
-0.886225
0.519404
0.519404
-1.65552
-3.21192
-3.21192
-2.08748
-2.76263
-2.76263
-1.08556
-1.08556
-2.605
-3.06296
-0.561214
-0.561214
-0.561214
-2.4023
-0.56672
-0.56672
-0.56672
-0.56672
-0.56672
-0.56672
-0.56672
-0.56672
-0.56672
-0.56672
-0.56672
0.0844002
0.249821
-1.33689
-1.33689
-1.33689
-0.0299677
1.56322
0.811238
0.811238
1.49644
1.49644
1.49644
1.49644
1.49644
1.49644
2.89466
2.89466
0.822159
3.41275
3.41275
3.41275
3.41275
1.50578
1.20251
2.43695
4.18999
3.68701
3.68701
3.10803
1.1471
1.1471
-0.0332239
2.09649
2.23207
2.09865
2.09865
1.15339
1.15339
-1.50681
-1.50681
-2.03594
0.163459
0.163459
0.163459
2.1852
1.37919
-0.962137
-0.962137
0.481182
0.934694
0.915501
0.784337
0.784337
0.784337
-0.406684
-0.406684
-0.406684
-0.406684
1.96155
4.03141
1.76307
1.76307
1.76307
1.43844
1.43844
1.13345
1.13345
1.13345
1.13345
2.24806
3.3108
3.3108
3.3108
3.3108
3.3108
2.18226
2.02107
-0.404211
-2.01477
-0.926539
-0.926539
0.988948
0.988948
-1.08113
-1.08113
1.29146
1.95764
1.95764
1.95764
1.31756
1.31756
-0.461074
-3.01378
-3.01378
-1.56205
0.469339
0.797769
0.797769
0.797769
1.00558
1.86209
1.86209
1.86209
-0.370383
-0.370383
-0.370383
-0.370383
-0.370383
-2.83224
-2.83224
-2.83224
-1.02144
-1.02144
-2.18834
-2.18834
-0.414981
-0.414981
-0.414981
-2.54655
-2.54655
-0.104783
-1.50795
-1.3534
-1.3534
-1.3534
-1.3534
0.926615
0.926615
0.926615
0.926615
-1.20592
-1.80084
-3.99543
-3.19897
-3.19897
-5.6101
-4.20663
-1.65934
0.579871
0.579871
0.864029
0.864029
0.864029
1.32219
1.32219
1.87879
0.766592
0.766592
0.766592
0.766592
0.291603
0.291603
2.02992
-0.407118
-0.407118
-0.951526
-0.951526
-0.951526
-0.951526
-3.17731
-3.17731
-5.39421
-5.39421
-5.64178
-5.64178
-3.33151
-0.832027
0.940005
0.940005
3.47099
3.47099
1.49997
0.191344
-0.67618
-0.251644
1.31104
2.83005
2.83005
1.02941
1.02941
1.02941
2.50964
3.20127
2.23537
2.23537
2.23537
2.23537
2.23537
0.361704
1.11488
1.11488
2.06156
2.06156
2.06156
2.06156
2.06156
2.06156
1.12534
-1.32501
-2.80352
-1.95767
-0.247508
-0.461523
-0.461523
-2.54955
-2.54955
-2.54955
-2.54955
-4.7017
-4.13844
-4.13844
-4.13844
-4.13844
-3.93123
-3.93123
-3.93123
-4.96747
-2.4411
-4.87158
-4.87158
-6.2044
-6.2044
-3.94077
-2.09012
-2.09012
-0.799758
0.124772
0.124772
0.676949
-1.30895
-3.45592
-4.9493
-7.14615
-6.84673
-4.21647
-4.86932
-4.86932
-2.96032
-2.96032
-1.91297
-3.11189
-0.824108
-0.824108
0.988472
0.988472
-0.365449
-2.50584
-2.50584
-3.93158
-1.35347
-0.849725
-2.01904
-2.01904
-2.01904
-2.01904
-2.01904
0.0376226
0.0376226
-1.89185
0.228824
2.76469
2.76469
2.76469
2.76469
3.99725
3.99725
2.68259
2.68259
2.68259
1.6424
-0.906011
0.552402
-0.231122
0.92761
1.42391
1.31096
3.69637
3.69637
3.69637
3.69637
4.09968
4.09968
2.52745
1.86283
1.86283
4.01029
2.56961
1.34907
1.34907
1.34907
1.34907
2.83269
3.37046
3.68411
1.93132
1.93132
-0.203363
2.48883
1.16413
1.16413
-1.01168
-1.01168
0.315963
0.315963
0.315963
0.315963
0.315963
0.315963
0.315963
0.315963
0.315963
-2.36335
-0.856321
-0.260639
1.67063
3.95608
3.95608
1.43019
1.41546
2.85244
2.85244
2.85244
2.85244
2.85244
2.85244
0.774313
-1.04129
1.26967
1.26967
1.26967
1.26967
-0.783177
-0.783177
-0.783177
-0.783177
-1.52832
-1.07474
-2.52211
-2.52211
-3.84137
-3.05901
-1.96869
-1.96869
-1.96869
-2.60048
-2.60048
-2.60048
-2.60048
-2.60048
-4.49115
-2.13909
-1.5707
-1.5707
-0.173274
-0.679114
-0.679114
0.330042
0.330042
-0.198322
-1.58589
-2.85852
-4.6431
-4.6431
-4.66575
-2.50605
-4.77172
-4.58601
-4.58601
-7.16363
-7.16363
-4.95395
-2.99891
-2.34107
-0.177285
-0.177285
-0.177285
-0.177285
0.780316
-0.74782
-1.01142
-1.01142
-1.01142
0.696938
0.696938
2.32666
2.32666
-0.0422379
-2.6364
-1.97056
-2.96243
-4.14379
-3.20564
-0.867892
-0.867892
-2.89216
-3.6794
-5.20448
-5.20448
-5.20448
-2.69179
-0.180654
-0.180654
-2.10081
-4.47803
-2.80553
-2.80553
-2.53843
0.000110884
0.000110884
0.000110884
0.0573091
0.0573091
0.826717
0.826717
1.97106
1.97106
2.91166
2.21129
2.21129
2.21129
2.24214
2.95644
2.95644
2.95644
2.95644
3.68262
3.68262
3.68262
2.76627
2.76627
2.76627
2.76627
3.36628
3.53127
2.1238
2.1238
2.1238
2.1238
2.1238
2.1238
-0.512938
-2.46274
-2.46274
-2.46274
-1.60208
-2.12439
-2.12439
-2.12439
-2.9362
-3.92317
-5.50784
-5.50784
-5.50784
-3.76812
-5.03028
-5.03028
-5.03028
-6.11867
-3.8929
-1.51685
-1.90907
-0.644712
-0.644712
1.2979
1.2979
1.2979
1.42498
1.42498
1.42498
1.42498
-1.20969
0.74986
0.74986
0.309051
0.309051
-0.316143
0.0849265
-1.30706
-1.30706
-1.4572
-1.4572
-1.4572
-1.4572
0.209683
-0.165313
0.0740385
0.0740385
-2.2485
-1.29579
-3.18848
-3.18848
-3.19765
-5.20809
-5.20809
-5.20809
-5.20809
-5.20809
-3.51737
-4.86056
-3.17045
-0.88168
-0.88168
0.737807
0.737807
0.737807
-0.818983
-0.818983
-0.818983
1.3031
1.61119
1.61119
3.1319
2.57009
1.43576
1.05637
0.160537
2.25647
2.25647
2.25647
0.0659371
-2.58105
-2.58105
-2.58105
-1.40517
-1.40517
-0.111994
-0.111994
-0.111994
-1.31461
-3.89105
-3.89105
-2.74403
-2.74403
-0.947871
-0.947871
1.5313
0.882234
-0.0478329
-0.0478329
-0.0478329
-2.49678
-2.49678
-0.0722004
-0.0722004
-0.0722004
-0.0722004
-0.0722004
0.77304
1.8074
0.621989
0.588523
1.5527
1.22033
1.22033
-0.278638
-0.278638
0.313126
1.31246
-0.386313
-0.61516
-0.864547
1.38593
-0.236337
-0.236337
1.24707
1.24707
1.24707
1.3402
1.3402
-0.887467
-2.81142
-5.23379
-5.23379
-6.86025
-6.86025
-6.86025
-5.50742
-5.50742
-5.50742
-4.48116
-3.53053
-3.88093
-3.88093
-4.53845
-5.68403
-5.68403
-6.88514
-5.10542
-2.78499
-3.06238
-3.06238
-3.06238
-3.06238
-3.06238
-3.06238
-3.06238
-4.47715
-3.38741
-3.35667
-1.96942
-1.96942
-0.402354
-0.402354
1.53323
1.14658
1.85721
-0.6007
-0.6007
-0.6007
-0.6007
-0.6007
-2.08608
-0.481574
-0.481574
1.10567
2.24397
2.24397
0.237455
0.237455
0.477099
0.477099
-0.113828
-1.55624
-0.27424
-0.27424
-0.27424
0.0282127
0.0282127
0.0282127
0.0282127
0.0282127
0.0282127
0.0282127
0.0282127
0.0282127
-1.12245
-1.02249
-1.02249
-1.02249
-1.02249
0.459692
0.459692
0.459692
0.459692
-0.0812867
-0.535794
-0.535794
0.515873
0.650845
0.650845
-0.872382
-0.872382
-0.872382
1.62283
1.62283
1.62283
1.62283
0.841192
0.87465
1.27118
2.13997
2.31066
2.31066
4.90345
4.90345
3.06268
2.23095
2.23095
0.0268238
-0.550158
-0.550158
-0.550158
0.570783
0.570783
-0.0727044
-0.0727044
0.157083
0.157083
0.157083
0.157083
0.157083
0.157083
0.157083
0.157083
-2.39417
-4.34193
-4.34193
-4.34193
-3.58746
-3.06033
-0.520106
-0.520106
-1.79091
-1.79091
-1.79091
-0.164302
-0.257698
1.76825
0.564441
-0.830243
-0.830243
-0.830243
0.316309
2.60844
0.247044
0.247044
2.91084
0.499136
0.499136
0.445489
0.445489
-0.515506
-0.119273
-0.119273
-0.119273
-0.119273
-0.119273
-0.119273
-0.119273
-0.119273
1.88808
1.88808
-0.545671
-0.545671
-1.2509
-1.2509
1.42471
1.42471
2.9832
2.9832
2.9832
2.9832
3.97426
3.97426
2.41474
4.64137
2.36988
2.36988
3.64152
3.64152
3.64152
2.63958
3.10671
3.10671
3.42781
3.32719
3.32719
4.74103
4.74103
4.74103
5.70301
6.09619
3.46924
2.54279
2.54279
2.54279
0.709042
1.1631
1.1631
-0.605679
-0.775215
1.75665
1.75665
1.75665
1.75665
0.132694
0.132694
1.45712
1.45712
3.47353
3.47353
3.47353
3.47353
3.71859
2.44874
2.44874
2.44874
4.6552
4.6552
3.09983
0.947221
0.947221
0.947221
0.947221
0.427686
2.84801
2.84801
2.84801
2.84801
2.84801
2.84801
2.84801
2.42428
2.42428
3.19546
2.6895
2.6895
2.6895
2.6895
2.6895
1.8659
1.8659
1.8659
1.8659
-0.805997
-0.805997
0.796759
0.796759
0.312912
0.312912
0.312912
0.312912
0.810618
0.810618
0.810618
0.810618
-1.64256
-1.64256
-1.64256
0.296522
0.464372
-0.299139
-0.299139
-0.299139
-0.299139
-0.299139
-0.299139
-2.52663
-2.52663
-1.6465
-1.6465
-2.12955
-2.12955
-2.51566
-2.0402
-4.23097
-5.01541
-6.35772
-4.65097
-5.54991
-5.56793
-3.46283
-3.19685
-4.7844
-4.7844
-4.7844
-4.7844
-5.29599
-5.29599
-5.29599
-5.29599
-2.93004
-4.71833
-4.56857
-4.56857
-3.11653
-3.11653
-1.11758
-0.385255
-0.385255
0.407742
0.407742
1.52865
1.10731
1.10731
1.10731
1.10731
1.10731
1.10731
1.10731
1.01075
3.03351
3.56253
2.35984
-0.20931
-0.20931
-0.20931
1.28672
1.28672
1.71369
1.71369
1.71369
1.71369
0.817699
0.817699
0.517169
-1.42108
-1.8802
-1.8802
-1.8802
-2.0935
-1.92748
-0.0898028
-0.0898028
1.35679
2.4914
1.58682
-0.0660547
-0.0660547
-0.988649
-0.988649
-0.988649
-0.503066
-0.503066
-1.25123
-0.602897
-0.0108362
0.79064
2.93942
2.93942
1.88487
1.88487
1.88487
1.66255
1.66255
-0.395022
-0.408075
-0.408075
0.0116308
0.0116308
0.0116308
0.0116308
0.0116308
-0.720421
-0.720421
0.597503
0.597503
0.597503
0.597503
0.597503
0.597503
0.597503
0.597503
0.597503
3.04828
1.52255
1.52255
1.52255
1.52255
1.52255
1.52255
1.52255
0.873072
0.873072
0.873072
2.65103
2.65898
2.65898
2.4633
3.09383
0.450625
-1.67627
0.0738099
0.0738099
0.0738099
0.232769
2.26938
4.01649
4.01649
1.83045
0.00179529
0.00179529
0.00179529
0.00179529
0.00179529
0.00179529
0.422938
-0.93129
-0.93129
-0.93129
-0.597455
-0.597455
1.50043
1.50043
1.82014
-0.0192535
-0.0192535
-2.58934
-2.58934
-2.58934
-2.58934
0.0306167
0.0306167
0.0306167
0.0306167
2.03696
2.03696
2.03696
3.30628
3.59409
2.90501
4.68533
2.6813
2.6813
2.6813
2.6813
2.6813
2.6813
2.52873
2.36535
1.30436
1.30436
-0.567531
-0.567531
-0.567531
-0.567531
-0.567531
-0.567531
-0.567531
1.7617
1.7617
4.04736
4.04736
4.33237
4.33237
4.72874
4.72874
4.72874
4.72874
6.32743
7.63218
5.38793
4.9401
4.9401
6.32295
4.33761
4.32629
4.32629
4.8963
4.8963
4.8963
7.24872
6.42911
6.42911
6.61118
6.61118
5.67009
5.559
4.98869
2.98504
4.803
5.9656
7.6087
7.6087
6.97016
5.09405
2.75679
2.75679
3.7379
1.86248
2.7704
1.44882
1.82934
1.82934
0.340598
0.340598
1.28765
1.15528
1.47668
1.47668
3.31021
0.995898
0.995898
0.995898
0.995898
0.995898
0.995898
0.995898
3.10967
3.66913
3.66913
1.58898
0.809064
-1.03046
-1.03046
0.63196
0.63196
2.07904
1.36569
1.36569
1.36569
4.00348
1.63954
1.63954
1.63954
-0.315855
0.917799
0.917799
0.917799
0.917799
0.917799
0.917799
0.917799
3.27188
3.51572
2.77374
2.77374
2.66608
5.23793
2.62271
2.62271
2.73191
2.54666
2.54666
2.54666
2.54666
2.74839
2.74839
2.74839
1.66652
1.66652
0.266072
0.142933
0.142933
1.38145
1.38145
2.32659
2.32659
2.32659
2.32659
0.196922
0.196922
1.13709
3.1558
3.1558
1.0753
0.275306
1.53894
2.88666
3.52415
3.52415
2.48029
1.66105
-0.807009
-0.807009
1.77987
3.12894
3.12894
0.972013
0.972013
1.6387
1.6387
-1.04835
-1.04835
-2.00797
-1.27923
-1.27923
-1.72813
0.445976
1.18789
-0.179913
1.60209
1.60209
1.60209
2.58693
3.65924
5.53444
4.15297
2.66725
4.11876
2.35689
-0.273981
-0.273981
1.82431
1.82431
0.249588
0.249588
0.363527
0.363527
-0.456585
-0.456585
-0.456585
-2.5874
-0.395826
-0.395826
-0.395826
0.124251
0.124251
0.124251
0.124251
0.124251
0.201722
0.201722
0.201722
-0.143945
-2.16085
-2.16085
-2.16085
-1.19252
-1.19252
-1.78817
-0.491845
-0.491845
-0.491845
1.7562
2.20845
2.20845
0.512361
-1.62742
-3.81955
-1.80613
-1.80613
-1.80613
-1.80613
-1.33589
-1.33589
-1.33589
-1.33589
-3.06597
-3.06597
-3.49157
-3.49157
-5.00886
-5.00886
-5.00886
-5.00886
-6.16256
-4.71914
-2.46883
-1.73653
-1.73653
-0.617756
0.113456
0.113456
0.113456
0.113456
2.23021
2.23021
2.23021
1.84406
1.84406
1.84406
0.743622
0.743622
0.743622
-0.595701
-0.595701
-0.216233
-0.216233
-1.55339
-1.55339
-1.55339
-1.55339
-1.55339
-1.55339
-3.09885
-3.09885
-0.689359
-0.689359
-0.689359
-0.689359
-0.689359
-0.689359
-1.73292
-1.73292
-1.73292
0.0415554
0.518447
2.40367
0.997574
0.997574
0.997574
0.997574
0.997574
-1.10597
-0.127115
-0.817183
-0.817183
-0.817183
-0.0823855
-0.0823855
-0.0823855
-0.576742
1.77889
2.66272
1.19608
-1.45266
-1.45266
-0.898918
-0.898918
-0.898918
-0.898918
-0.898918
1.56825
1.56825
1.56825
1.56825
1.56825
1.56825
-0.693432
-0.693432
-0.693432
-1.43234
