0
0
0
0
0
0
0
0
0
0
0
0
0
0
0
0
0
0
0
0
0
0
0
0
0
0
0
0
0
0
0
0
0
0
0
0
0
0
0
0
0
0
0
0
0
0
0
0
0
0
0
0
0
0
0
0
0
0
0
0
0
0
0
0
0
0
0
0
0
0
0
0
0
0
0
0
0
0
0
0
0
0
0
0
0
0
0
0
0
0
0
0
0
0
0
0
0
0
0
0
0
0.7363
1.20915
0.960377
0.960377
1.63212
1.03567
0.0984994
0.0984994
1.0551
1.0551
0.0211126
-0.79671
-0.79671
0.349722
0.349722
0.383894
0.314017
-0.768425
-0.483091
-0.483091
0.525035
0.525035
0.525035
1.0871
2.0443
1.05416
0.315045
0.315045
0.209725
0.209725
0.209725
0.209725
0.990386
0.990386
-0.0213153
-0.0213153
-0.0213153
0.694134
1.11246
0.549306
0.549306
-0.625046
-0.26706
0.432334
0.432334
0.432334
-0.364779
-1.41274
-1.41274
-1.36548
-0.369264
-0.369264
0.649928
0.478327
0.478327
0.478327
0.478327
0.478327
0.478327
0.492833
1.2628
1.2628
1.19849
0.27509
1.30476
1.0439
0.481704
0.481704
1.37873
1.37873
1.37873
1.94449
1.57174
0.837656
-0.0557173
-0.0557173
0.834776
0.834776
0.834776
1.05079
0.0554762
1.1626
1.1626
1.1626
1.1626
1.91979
1.84682
1.10527
1.10527
0.809932
1.9101
1.9101
1.9101
1.25659
1.18396
0.0353456
0.0353456
-1.03113
-0.0975
-0.0975
-0.479914
-0.479914
0.617376
0.617376
0.0277934
0.0985441
0.620601
0.620601
0.620601
0.182291
0.887813
0.887813
0.887813
0.887813
0.887813
0.887813
0.887813
0.887813
-0.199633
-0.199633
0.657385
0.657385
0.657385
0.657385
0.657385
0.365829
0.365829
0.365829
-0.822123
0.190155
0.179115
0.179115
0.179115
-0.36776
-0.291723
-0.818293
-0.818293
-0.978105
-0.978105
-2.10444
-0.931233
-0.931233
-0.931233
-0.931233
-1.96738
-1.96738
-1.96738
-2.13184
-1.05555
-1.05555
-0.958194
-0.958194
0.147994
0.0857765
0.0857765
-0.551285
-0.551285
-1.49883
-0.657756
0.525279
0.525279
0.525279
0.303005
0.619651
-0.495839
-0.495839
-0.670026
-1.05443
-0.154535
-1.17175
-1.17175
-1.17175
-2.24313
-2.24313
-1.21022
-1.21022
-0.979748
-0.979748
-0.979748
-0.820847
-0.820847
-1.25942
-1.25942
-1.25942
-1.1312
-0.723763
-1.13819
-2.27325
-2.27325
-2.27325
-2.27325
-1.11322
-1.11322
-1.79094
-1.66359
-1.66359
-0.583683
-0.158168
-0.158168
-0.158168
0.86111
0.86111
0.86111
0.57719
0.57719
0.57719
0.57719
0.57719
0.57719
-0.0652007
0.728508
0.486043
-0.452187
-0.452187
-0.290229
-0.290229
0.882337
0.655347
0.655347
0.655347
0.655347
1.54812
1.36696
0.535103
0.535103
0.535103
-0.662809
-1.0353
-1.44687
-2.01001
-2.01001
-1.78702
-1.98142
-3.16512
-2.27743
-2.27743
-2.27743
-1.63061
-1.68302
-0.669285
-0.574151
-0.574151
0.0993747
0.644165
1.82438
1.00323
0.0179268
-0.924404
-0.924404
-1.14048
-1.14048
-1.31814
-2.28265
-2.28265
-1.13432
-1.13432
-1.13432
-0.920619
-0.0773038
-0.0773038
-0.0773038
-0.0773038
-0.0773038
-0.0773038
-0.0773038
1.0137
1.75277
1.75277
1.75277
2.47721
2.47721
2.47721
2.16698
1.78404
1.78404
1.45799
0.704009
1.12973
0.158765
-0.405243
-0.405243
-0.405243
-0.629625
-0.629625
-0.452295
-0.452295
-0.706691
-0.706691
0.435475
0.435475
-0.577048
-0.577048
-0.577048
-0.577048
-1.61462
-1.70628
-1.70628
-0.573323
-0.573323
-0.895975
-0.762391
0.253466
0.253466
-0.491655
0.336318
0.336318
0.969156
1.12363
0.368129
0.368129
0.368129
-0.565626
-0.565626
-0.565626
-0.237537
-0.8711
-0.8711
-0.78538
-1.65778
-1.10883
-1.83166
-1.83166
-1.28529
-1.51103
-1.51103
-1.51103
-1.51103
-1.51103
-1.51103
-1.1986
-1.1986
-1.1986
-0.519841
-0.519841
-0.519841
-0.519841
-1.27389
-0.105954
-1.29702
-0.892047
-0.892047
-0.569655
0.551329
0.551329
0.551329
0.235082
0.235082
0.235082
0.999536
1.43822
1.43822
2.32416
1.82354
1.82354
1.43603
1.17968
1.32475
1.71468
2.39303
3.47932
3.47932
2.96205
2.96205
3.87877
3.87877
3.87877
3.87877
3.12131
3.12131
3.12131
3.12131
3.12131
3.12131
1.99799
1.30218
1.20888
0.373692
-0.189654
-1.23378
-0.869314
-0.869314
-0.869314
-0.231195
-0.231195
0.561932
0.561932
0.561932
-0.0663818
-0.277051
-0.277051
-1.34897
-1.67767
-1.37142
-1.37142
-0.619639
0.161073
0.430197
0.772415
1.26137
0.276113
-0.299005
-0.299005
-0.299005
-0.139491
-0.139491
-0.139491
-0.139491
0.428159
0.287294
0.928346
0.928346
0.928346
-0.168996
-0.168996
-0.168996
-0.168996
-0.681781
-0.711299
-0.711299
-0.56934
0.430784
1.47575
1.47575
1.06591
1.06591
1.06591
-0.109585
-0.152737
-0.152737
0.163643
1.08858
1.08858
1.08858
-0.0559289
-0.00995205
0.613667
-0.348774
-0.348774
-0.348774
0.766001
0.766001
0.766001
1.90063
0.879625
0.879625
0.0240281
-0.607037
-1.28497
-1.28497
-0.56196
-1.09269
-1.09269
-1.09269
-1.64253
-1.64253
-1.13435
-1.01365
-1.01365
-1.01365
-1.01365
-1.19226
-1.19226
-1.19226
-1.19226
-1.19226
-1.19226
-1.19226
-1.19226
-1.19226
-0.394824
-0.394824
-0.394824
-0.394824
-0.394824
-0.394824
-0.394824
-0.394824
-0.394824
-0.394824
-0.394824
-0.394824
-0.394824
-0.394824
-0.394824
-0.394824
-0.394824
-0.394824
-0.394824
-0.394824
-0.394824
-0.394824
-0.394824
-0.394824
0.705517
0.705517
0.219122
0.124371
0.124371
-0.789569
-0.282807
-0.849021
-0.849021
-0.901267
0.0938705
1.06013
1.22029
0.335271
0.335271
-0.0357459
-1.08563
-0.479636
-0.479636
-0.765109
-0.765109
-0.484514
-0.484514
-0.890099
-0.815547
-0.815547
-0.815547
-0.447877
0.612433
-0.262281
-1.43963
-1.11864
-1.11864
-1.11864
-1.11864
-0.143949
-0.172511
-0.172511
-0.172511
-0.172511
-0.508213
-0.508213
-0.508213
-0.63529
-0.63529
-0.0763168
-0.0763168
-0.0763168
-0.0763168
-0.0763168
-0.19719
-0.19719
-0.19719
-0.19719
-0.19719
0.0253491
0.0253491
0.0253491
0.0253491
-0.00647905
0.940291
0.655482
0.655482
0.655482
0.79654
0.79654
1.94876
1.29697
1.29697
1.85928
1.61463
0.72926
0.72926
0.72926
0.956742
0.956742
0.956742
0.736015
0.736015
0.736015
0.736015
0.736015
0.736015
1.28198
1.28198
1.28198
0.431677
0.431677
-0.647716
-0.048414
-0.048414
-0.048414
-0.048414
-0.378713
-0.378713
-0.378713
-1.0756
-1.0756
-1.0756
-0.296143
-0.296143
0.64787
0.64787
0.533668
0.533668
0.533668
0.533668
0.533668
0.533668
-0.385277
-0.385277
-0.385277
-0.385277
0.252704
-0.20407
0.222822
0.222822
0.320745
-0.435464
-0.435464
0.0940563
0.0940563
0.449047
-0.298903
-0.298903
-0.401289
0.459494
0.459494
0.459494
0.459494
0.459494
0.459494
0.459494
0.459494
0.459494
0.459494
0.459494
0.459494
0.459494
-0.431575
-1.33161
-1.33161
-1.33161
-0.1645
-0.919482
-1.29433
-1.29433
-1.29433
-1.29433
-2.25901
-2.83185
-2.3511
-2.48998
-1.83484
-1.45291
-1.45291
-1.45291
-1.45291
-0.756999
-0.465119
-0.243451
-0.862717
-0.862717
-0.862717
0.190824
1.15823
0.116155
0.104859
0.146228
-0.132485
0.151424
0.151424
-0.597646
-0.995328
-1.39223
-1.39223
-1.39223
-1.39223
-1.39223
-1.39223
-1.39223
-1.39223
-1.15895
-1.15895
-0.677328
-0.0589106
-0.0589106
0.234085
0.234085
-0.476281
-0.476281
-0.0445686
-0.0445686
-0.396637
-0.396637
-0.396637
-0.396637
-0.396637
-0.396637
-0.396637
-0.396637
0.659888
1.7854
1.09379
1.09379
1.66868
1.66868
1.01413
1.01413
1.75354
1.75354
1.30345
1.1053
1.1053
0.302365
-0.824175
-0.184946
-0.896875
-0.896875
-0.896875
-0.896875
-0.896875
-0.896875
-0.896875
-0.896875
0.0446507
0.456865
0.632641
-0.132618
-0.132618
0.0953636
0.0953636
0.0953636
0.713015
0.713015
0.713015
1.81183
1.81183
0.977063
0.977063
0.753374
0.753374
0.753374
-0.387905
-0.387905
-0.387905
-0.387905
-0.325509
-0.325509
-0.880847
-0.880847
-0.880847
-0.880847
-0.880847
-1.16877
-1.16877
-0.570477
0.18267
-0.675226
-0.675226
-0.675226
0.440457
1.16728
0.542655
0.542655
0.542655
-0.323093
-0.323093
-0.178755
-0.0578353
0.313983
0.171591
0.171591
0.171591
0.171591
0.171591
-0.886467
-0.0963086
-0.0963086
-0.073478
-0.073478
-0.073478
-1.04783
-1.04783
-0.94744
0.211982
0.170912
0.170912
0.170912
0.170912
0.170912
0.170912
0.170912
0.170912
0.170912
0.170912
0.170912
0.170912
0.170912
0.170912
0.170912
0.170912
0.170912
0.170912
0.170912
0.170912
0.170912
0.170912
0.170912
0.160539
-0.624127
-0.624127
-1.27614
-1.27614
-1.59559
-0.824609
0.199578
0.688255
-0.176051
0.4732
0.4732
0.4732
1.53825
1.53825
1.53825
1.53825
1.53825
1.53825
1.31393
1.41977
1.49165
0.655009
0.655009
1.76715
0.650318
0.650318
0.650318
1.01055
0.0931393
0.0931393
1.0108
0.646566
0.646566
0.646566
0.646566
0.646566
0.646566
0.646566
0.626016
0.626016
0.34968
0.34968
0.46125
0.192002
0.192002
0.244566
0.244566
0.244566
0.676713
0.676713
0.842036
0.639632
0.275835
0.275835
0.275835
0.275835
0.275835
-0.754035
-0.754035
-0.754035
-0.754035
-0.754035
-0.754035
-0.359426
0.764683
-0.406617
-0.406617
-0.406617
-0.570813
-0.570813
-0.631395
0.459169
-0.0040516
-0.764232
-0.946158
0.243618
0.345833
0.345833
0.345833
0.345833
0.345833
0.345833
-0.423723
-0.423723
-0.423723
-0.423723
-0.946915
-1.18623
-1.18623
-0.954174
-2.07565
-2.07565
-2.07565
-1.16781
-1.16781
-0.899786
-1.72295
-2.22825
-2.22825
-2.22825
-1.20601
-1.20601
-1.20601
-0.516654
0.328389
0.328389
0.484889
0.484889
0.484889
0.484889
1.27277
1.4465
1.4465
1.4465
1.4465
1.6463
1.89473
2.3594
2.3594
2.3594
2.3594
1.34255
0.765984
0.991173
0.991173
1.29438
1.29438
0.579744
-0.158605
-0.158605
-0.433463
-0.433463
-0.367788
-0.367788
-0.942781
-0.942781
-1.16468
-0.12037
-0.12037
-0.12037
-0.12037
-0.661154
-0.661154
-1.49748
-1.49748
-0.501464
-0.501464
-0.501464
-0.501464
-0.501464
-0.768242
-0.768242
-0.274417
-1.07503
-0.573555
-1.33518
-2.13571
-2.52313
-2.88936
-2.88936
-2.90988
-2.90988
-2.90988
-2.90988
-1.78371
-1.15113
-1.15113
-0.36661
-0.36661
-0.36661
-0.503798
-1.02967
0.00126108
-0.440115
-1.54903
-0.499366
-1.58857
-1.58857
-0.661855
-0.661855
-0.00231038
-0.18843
-0.812978
-0.544284
-0.544284
-1.30624
-1.6256
-1.18911
-1.18911
-0.92566
-0.385561
0.0464936
0.0464936
0.273287
0.273287
0.273287
0.273287
1.44917
0.92032
0.92032
0.92032
0.210245
0.210245
0.020944
0.020944
0.020944
0.020944
-0.750218
-0.750218
-0.750218
-0.750218
-0.958318
-0.101766
0.869745
-0.152372
0.308129
0.308129
0.308129
0.308129
0.308129
0.308129
0.308129
0.308129
0.308129
0.308129
-0.369961
-0.369961
-0.369961
0.419304
-0.234083
-0.234083
-0.234083
0.955385
0.955385
0.401685
0.401685
-0.715273
-0.715273
0.202833
1.35579
0.356005
0.828322
0.162739
0.856336
0.856336
0.856336
0.856336
0.856336
0.856336
0.856336
0.690486
0.288987
-0.666936
-0.966966
-1.4438
-1.4438
-0.279315
-0.279315
-0.948483
-0.518176
-0.518176
-0.518176
0.356097
-0.0568184
-0.461163
-0.461163
-0.461163
0.342979
0.342979
0.342979
0.342979
0.342979
0.342979
0.652116
1.80238
2.20647
2.20647
2.0631
1.77847
1.77847
1.52672
0.662883
0.662883
1.36841
0.873104
0.344102
0.344102
0.344102
0.344102
-0.462751
-0.462751
-0.364511
0.416219
0.416219
0.416219
-0.207123
0.704351
0.704351
0.704351
1.25908
0.417801
0.417801
0.185645
0.185645
0.185645
-0.674585
0.0296089
0.190844
-0.474253
-0.474253
0.108163
0.108163
-0.73073
-0.73073
-0.636765
0.507969
0.507969
0.056446
-1.0348
-1.0348
-1.19365
-1.19365
-1.19365
-1.28879
-1.28879
-1.28879
-1.06313
-1.60143
-1.89332
-0.710918
0.179092
0.179092
0.179092
-0.627498
-0.846216
-0.846216
-0.846216
-0.846216
-0.0159293
-0.500286
-0.500286
-0.500286
-0.150063
-0.150063
-0.150063
0.410702
0.913295
0.913295
0.00214437
0.00214437
-0.71114
-0.71114
0.0676683
0.0676683
0.0676683
0.536056
0.536056
0.536056
0.536056
0.536056
0.403484
0.391172
1.04106
1.51174
1.16527
1.16527
1.16527
1.16527
1.65724
2.35146
3.20531
4.26546
4.40476
4.40476
4.40476
4.40476
4.40476
4.40476
3.7305
3.73191
2.5746
2.27476
2.27476
2.27476
1.39904
1.3962
0.620928
0.620928
0.620928
-0.316353
-0.316353
-0.316353
-1.28977
-0.645172
-0.645172
-0.645172
-0.841839
-0.857444
-0.857444
-0.857444
-0.857444
-0.857444
-0.857444
-0.0898178
-0.0898178
-0.802714
0.192281
0.192281
0.192281
-0.157073
-0.356192
-0.356192
-0.356192
-0.356192
-0.356192
-0.356192
-0.356192
-0.356192
0.841867
1.23175
0.66762
0.122774
0.122774
0.122774
0.136354
-1.01063
-0.18769
-0.18769
-0.18769
0.572412
-0.25157
-0.25157
-0.25157
0.182368
-0.159308
-0.159308
-0.159308
0.918257
0.918257
1.13583
1.27798
1.27798
1.47313
0.493609
0.156026
-0.19203
-1.36229
-0.380988
-0.380988
-0.380988
-0.380988
-0.380988
-0.380988
-0.380988
-0.380988
0.755261
0.755261
0.755261
0.755261
0.755261
0.755261
0.755261
0.483716
0.399909
-0.164537
0.00498272
0.00498272
0.379906
0.379906
0.379906
0.257355
0.859464
1.34845
0.270368
1.01195
0.0837138
0.0837138
0.0837138
0.44338
0.670526
0.670526
0.670526
0.670526
0.670526
0.862518
0.291374
0.291374
0.291374
-0.358248
-0.358248
-0.358248
-0.358248
-0.358248
-0.502716
-0.502716
-0.502716
-0.502716
0.189527
-0.704422
-0.704422
-0.704422
-1.43888
-1.43888
-1.99258
-1.04575
-0.395845
-0.395845
0.638048
0.638048
0.120651
0.120651
0.120651
0.120651
0.120651
0.120651
0.806772
0.806772
0.806772
0.806772
0.806772
-0.27926
-0.27926
-1.45161
-1.00251
-1.00251
-1.00251
-0.0619081
0.143096
-0.580681
-0.781242
-0.781242
-0.781242
-0.01411
0.161859
0.161859
0.161859
-0.917408
-0.610804
-1.76602
-1.32965
-1.4125
-0.469021
-0.469021
-1.29935
-1.06269
-1.06269
-1.06269
-1.06269
-1.56052
-1.56052
-1.74833
-1.74833
-0.860668
-0.860668
0.170441
0.820459
0.656392
0.656392
0.248306
0.887913
0.887913
0.895527
0.0440312
0.0440312
-0.437327
-0.437327
-0.215534
-0.983191
-0.223212
-0.223212
-0.733228
-0.0377799
-0.0377799
-0.0377799
-0.0377799
-0.0377799
-0.0377799
-0.0377799
-0.0377799
-0.0377799
-0.0377799
-0.0377799
0.58449
0.58449
0.58449
0.58449
0.143499
0.143499
0.209787
-0.546281
-0.546281
-0.546281
-0.347688
-0.347688
-0.347688
-0.539067
0.619897
1.80911
0.715508
-0.0643719
-0.0643719
0.773632
0.773632
0.502524
0.502524
0.978975
0.256639
-0.835353
-0.835353
-0.0185766
-0.0185766
-0.0185766
-0.0185766
-0.561031
-0.561031
-0.561031
-0.937229
0.0761245
-0.664875
-0.664875
-0.877911
-1.4307
-0.908523
-0.908523
0.0953695
0.0953695
0.0953695
0.0953695
0.0953695
0.0953695
0.0953695
0.0953695
0.0953695
-0.425923
-0.425923
0.0680667
0.0680667
0.622238
-0.562476
-0.562476
-0.562476
0.209
-0.467523
0.720709
0.909041
0.909041
0.909041
0.909041
2.03027
1.90877
0.962427
0.535767
0.535767
1.49466
2.1938
1.15782
1.15782
1.15782
1.15782
0.085257
0.085257
-0.261755
-0.261755
-0.261755
-1.30603
-0.723422
-0.91218
-0.929435
-0.929435
0.0896755
0.0896755
-0.706114
-0.706114
-0.992787
-0.992787
-0.992787
-0.992787
-1.96867
-1.96867
-1.96867
-1.96867
-1.0471
-1.0471
-1.47195
-1.09024
-1.09024
-1.09024
0.00744573
0.00744573
0.00744573
0.00744573
0.00744573
0.00744573
0.118851
0.118851
-0.998858
-1.3346
-1.3346
-1.3346
-0.159654
-0.159654
0.782314
0.782314
0.782314
0.782314
0.782314
0.782314
0.782314
0.782314
1.29061
1.29061
0.986001
0.986001
0.986001
0.656526
0.656526
0.656526
-0.530465
-0.387061
-0.761482
-0.761482
-0.135524
0.441544
0.441544
0.441544
-0.305377
-0.305377
0.397622
-0.144382
-0.144382
-0.144382
0.435212
0.435212
0.435212
-0.592627
-0.564886
-0.446165
-0.446165
-1.43223
-0.49791
0.637254
0.637254
0.860102
0.989433
0.989433
1.17989
1.46563
2.10854
2.87832
3.57989
2.69573
3.10554
3.10554
2.25819
2.25819
2.25819
2.25819
2.94336
3.23302
2.19878
2.52863
3.07325
3.07325
2.23795
2.74402
2.74402
3.04424
2.78039
2.55505
2.55505
2.55505
2.55505
1.81844
1.30652
1.30652
1.60779
1.9233
1.9233
1.9233
1.56829
0.490727
-0.274942
0.375145
0.375145
-0.645698
-1.34974
-1.34974
-0.764821
-0.33495
-0.33495
-0.33495
-0.33495
-0.33495
-0.307563
0.62247
-0.111409
-0.111409
-0.111409
-0.111409
-0.111409
-1.00228
-1.00228
-0.118682
-0.0209208
-0.0209208
-0.0209208
-0.0209208
-0.0209208
-0.0209208
-0.0209208
-0.0209208
-0.0209208
-0.0209208
-0.0209208
-0.0209208
0.794517
-0.360595
-0.360595
-0.360595
-0.360595
-1.55718
-1.55718
-2.75529
-2.75529
-2.75529
-2.75529
-1.85352
-1.80596
-1.80596
-1.80596
-1.11518
-1.77309
-1.77309
-0.82517
-1.74661
-1.74661
-0.780157
-0.780157
-1.20301
-1.20301
-0.623222
-0.202652
-0.202652
-0.202652
-0.202652
-0.202652
-0.202652
-0.202652
-0.0316881
0.133305
0.893385
0.12407
-0.960255
-0.419278
-0.385159
0.464513
0.464513
0.464513
0.13154
0.13154
0.993269
0.0733503
0.615276
0.615276
0.615276
-0.497328
-0.497328
-0.497328
-0.497328
0.143327
0.233051
0.233051
0.233051
-0.934042
-0.934042
-0.934042
-0.934042
-0.934042
-0.934042
-0.934042
0.227575
0.227575
0.227575
0.227575
1.33423
1.33423
1.00847
-0.0516582
-0.473477
-0.237561
-0.237561
-0.237561
-0.0721952
-0.0721952
-0.0721952
-0.0721952
0.480973
0.480973
0.451813
1.13162
1.13162
1.25106
0.263595
-0.187739
0.85658
0.85658
0.85658
0.85658
0.85658
0.0809659
0.0809659
0.0809659
0.439986
0.439986
-0.275631
-0.275631
-1.16042
-1.17453
-0.0567016
-0.0567016
-0.0567016
-0.0567016
-0.328515
-0.328515
-0.328515
-0.328515
-0.328515
-0.328515
0.57298
-0.482115
-0.0145669
-0.0145669
-0.0145669
-0.0145669
-0.0145669
-0.0145669
-0.0145669
-0.0145669
-0.0145669
-0.0145669
-0.0145669
-0.0145669
-0.0145669
-0.0145669
-0.0145669
-0.341994
0.334344
0.334344
0.334344
0.334344
0.334344
0.334344
0.334344
0.334344
-0.801814
-0.801814
-0.737536
-0.737536
-0.730277
-0.730277
-0.385256
0.252934
1.27339
1.79254
2.50248
2.50248
1.98407
1.98407
1.98407
1.98407
1.64417
1.64417
0.492574
-0.428065
-0.428065
-1.23388
-1.23388
-1.23388
-1.23388
-1.23388
-2.23596
-1.32045
-0.451156
0.525919
0.525919
0.525919
0.525919
0.525919
0.0136332
0.0136332
0.0136332
0.0136332
0.83367
1.036
1.036
1.88508
1.71934
1.71934
1.71934
1.71934
1.35498
1.35498
1.35498
0.293104
0.293104
0.293104
0.293104
-0.28512
0.757863
0.757863
0.757863
-0.110118
-0.148853
-0.148853
-0.148853
-0.148853
-0.148853
-0.191186
0.895278
0.895278
0.0601994
0.719864
-0.460769
-0.0550753
-0.0338789
0.433203
0.433203
1.31709
1.31709
1.13585
1.30658
1.30658
1.30658
1.30658
1.30658
1.71492
0.803479
0.803479
-0.158327
-0.158327
-0.158327
0.328773
-0.400473
-0.400473
0.237242
-0.845889
-0.845889
0.0114173
0.516289
0.508529
0.591119
0.591119
0.591119
0.591119
0.591119
1.04311
1.04311
0.484671
0.484671
0.484671
0.484671
0.724173
0.0668319
0.0668319
-0.449374
-0.449374
-0.449374
-0.61794
-0.61794
-0.61794
-0.61794
0.284448
0.284448
0.284448
0.284448
0.147647
0.147647
0.147647
0.856949
0.856949
1.24833
1.24833
0.536669
0.560163
-0.502071
-0.502071
-1.24885
-1.24885
-1.24885
-1.24885
-1.73793
-1.73793
-0.646654
-0.207459
0.84241
0.84241
0.84241
-0.197773
0.619415
0.619415
-0.130692
-0.827974
-0.141783
-0.254903
-0.254903
-0.254903
-0.254903
-0.254903
-0.254903
-0.866794
-0.866794
-1.16265
-1.16265
-1.16265
-1.16265
-1.13096
-1.13096
-1.13096
-0.301853
-0.301853
-0.24836
-0.24836
-0.24836
-0.24836
-0.769639
-0.479476
-0.479476
-0.59147
-0.59147
-0.853901
-0.853901
-0.853901
-0.853901
-0.853901
-0.853901
0.272028
0.272028
0.272028
0.272028
0.591579
0.0358332
-0.989665
-0.0106053
-0.0106053
-0.467651
-0.467651
-0.467651
-0.467651
-1.20779
-0.341548
-0.341548
-0.341548
-0.341548
-0.341548
-0.341548
0.52918
0.52918
1.45908
1.51689
1.51689
1.03741
-0.102008
-0.102008
0.730295
0.730295
0.730295
0.233608
0.233608
0.233608
0.100201
0.100201
0.100201
0.100201
0.100201
0.100201
-0.294763
-1.38684
-1.38684
-0.602544
-0.602544
0.0350139
0.474207
0.474207
1.05619
1.09874
1.30182
1.5954
0.699855
0.699855
1.09085
0.233482
0.35795
-0.122662
-0.122662
0.845459
0.845459
1.9892
1.51596
1.51596
1.51596
1.00307
0.0133349
0.851499
-0.197972
-0.197972
-0.197972
-0.197972
-0.197972
-0.235457
0.509301
0.146871
0.146871
0.146871
0.146871
0.146871
-0.294428
-0.294428
-0.294428
0.591243
-0.146614
-0.0111886
-0.0111886
-0.0111886
-0.0111886
-0.0368179
-0.0368179
-0.0368179
0.465911
1.65171
1.65171
0.541764
0.541764
0.541764
0.541764
-0.320522
-0.320522
-0.320522
-0.396097
0.233196
0.233196
0.233196
0.233196
0.233196
0.233196
0.233196
0.233196
0.233196
0.233196
0.233196
0.233196
0.233196
-0.0369115
0.130693
0.130693
0.130693
0.130693
-0.150816
-0.150816
-0.273101
0.233551
-0.155682
-0.155682
-0.155682
-0.155682
-0.155682
-0.155682
-0.155682
-0.155682
0.337672
-0.859394
-0.859394
-1.59643
-2.20345
-1.67564
-2.43563
-2.43563
-2.43563
-2.1919
-1.55858
-1.55858
-1.55858
-1.92606
-1.92606
-1.35165
-1.35165
-1.43435
-0.274
-0.274
-0.274
-0.274
-0.274
-0.274
-0.269023
-0.269023
0.291727
0.398018
0.398018
0.398018
0.398018
0.557258
0.557258
0.0332522
0.0332522
0.0332522
-0.948289
-0.948289
-0.948289
-0.948289
-0.948289
-0.948289
-0.948289
-0.948289
-0.450148
-0.450148
-0.450148
-0.450148
0.0246381
0.0246381
0.0246381
0.0246381
0.0246381
-0.446063
-0.446063
-0.202329
-0.202329
-0.202329
0.871299
-0.116051
-0.116051
0.0566247
0.0566247
0.494433
0.494433
0.192052
-0.737166
-0.737166
-0.737166
0.288357
0.616376
0.616376
0.616376
0.616376
0.616376
0.616376
0.432525
0.432525
0.432525
0.432525
0.432525
-0.330056
-0.330056
0.0630269
0.0630269
0.0630269
0.02327
0.02327
0.892967
0.892967
0.892967
-0.233463
-0.233463
-0.233463
-0.233463
-0.233463
-0.126814
-0.126814
-0.126814
-0.126814
-1.05424
-1.05424
-0.349998
-0.349998
-0.349998
-0.349998
-1.24385
-0.0534172
-0.740773
0.426759
-0.0771145
-0.0771145
-0.0771145
-0.0771145
-0.0771145
-0.0771145
-0.640128
0.293124
0.293124
0.293124
0.293124
-0.429083
-0.375597
-0.375597
-0.381694
-1.57159
-0.904526
-1.56484
-1.56484
-1.56484
-0.771557
-0.771557
-0.606126
-0.606126
-1.59848
-1.59848
-1.19015
-1.19015
-1.86598
-1.86598
-1.86598
-1.25206
-1.25206
-2.0887
-2.0887
-2.0887
-2.0887
-1.05629
-0.263459
-0.263459
-0.263459
-0.263459
-0.263459
-0.275095
0.382796
-0.367173
-0.261196
-0.238495
-1.31056
-1.31056
-1.31056
-1.44987
-1.44987
-1.14124
-1.87525
-0.96238
-0.828203
-0.335252
-0.335252
-0.335252
-0.335252
-0.335252
-0.335252
-0.335252
-0.335252
0.83196
0.83196
0.25243
0.25243
0.25243
0.25243
0.25243
-0.518802
-0.273798
-0.273798
-0.273798
-0.273798
-0.273798
-0.273798
-0.273798
-0.273798
-0.288137
-0.288137
-0.288137
-0.288137
0.608824
0.608824
0.269069
-0.0397649
-0.50764
-0.50764
-0.50764
-0.580186
-1.20466
-1.01569
-0.0290867
-0.0290867
-0.0290867
-0.0290867
1.00258
1.00258
1.00258
1.00258
0.408803
0.408803
0.408803
-0.610234
-0.610234
-0.726939
-1.02601
-1.02601
-1.02601
-1.02601
-1.02601
-1.02601
0.144315
0.144315
0.519618
0.80655
0.80655
-0.0833407
-0.920805
-1.4837
-0.924504
-0.924504
-0.264675
0.616212
0.616212
0.616212
0.616212
0.616212
0.616212
-0.402532
-0.402532
-0.402532
-1.35447
-0.407427
-0.407427
0.69417
-0.00139909
-0.00139909
-0.00139909
-0.990477
-0.990477
0.0583446
0.0583446
0.0583446
0.857266
0.857266
-0.32277
-0.32277
-0.0632841
-1.11178
0.0534349
-0.566755
0.526085
0.915237
-0.213909
-0.213909
-0.213909
-0.213909
-0.213909
-0.213909
-0.213909
-0.213909
-0.213909
-0.213909
-0.213909
-0.213909
0.282434
1.06791
0.899752
1.5704
1.5704
1.5704
1.5704
0.542413
-0.489033
-1.05978
-1.20085
-0.744189
-0.744189
-0.185743
-0.185743
-0.185743
-0.185743
-0.332425
0.121829
-0.662045
-0.158368
-0.158368
-0.158368
-0.158368
-0.158368
-0.158368
-0.158368
-0.158368
-0.158368
-0.158368
-0.158368
-0.158368
0.372274
0.372274
-0.311785
0.821971
0.821971
1.6484
1.153
1.153
1.47736
1.10706
0.609137
0.344152
-0.501119
-0.501119
0.18766
1.17393
1.17393
1.17393
0.270137
-0.692768
-0.692768
-0.692768
-0.692768
0.153112
-0.670274
-0.180704
-0.650699
-0.650699
-0.650699
-0.663073
-0.663073
-0.663073
-0.663073
-0.663073
-0.663073
0.341647
-0.258425
-0.258425
0.688311
0.859141
0.859141
0.859141
0.966739
0.966739
1.08885
1.08885
-0.0363225
0.349444
-0.638677
-1.61563
-1.66857
-2.8076
-2.36207
-1.72133
-0.594999
-0.066321
-0.066321
-0.066321
-0.066321
-0.066321
-0.066321
-0.796462
-0.796462
-0.550426
-0.550426
-1.49312
-0.629228
-0.223302
-0.223302
-0.861317
-0.861317
-0.343732
-0.343732
-0.343732
-0.343732
-0.343732
0.717119
0.717119
0.717119
0.717119
0.717119
0.362827
0.362827
0.449562
0.449562
0.766348
0.766348
0.766348
0.766348
0.766348
0.766348
0.662692
0.662692
-0.379275
-0.54463
0.357105
0.357105
0.357105
0.479755
0.479755
0.479755
0.479755
0.479755
-0.534311
0.129496
-0.152805
-0.790699
-0.449244
-1.28109
-1.28109
-1.72499
-1.72499
-0.829375
-0.829375
-0.829375
-0.530913
-0.187428
-0.187428
-0.187428
-0.187428
-0.187428
-0.187428
-0.187428
-0.187428
-0.865906
0.19358
0.19358
0.19358
0.19358
1.26485
0.915955
0.243411
0.243411
0.243411
0.243411
0.0530603
0.0530603
0.0530603
0.0530603
0.0530603
-1.07664
-0.71306
-0.71306
-1.51252
-1.51252
-1.46313
-0.548561
-0.548561
-1.15637
-1.15637
-0.0865921
-0.706589
-0.712927
-0.261482
-0.261482
-0.261482
-0.261482
-0.261482
-0.269232
-0.269232
-0.269232
-0.269232
-0.269232
-0.269232
0.275984
0.275984
0.904701
-0.163704
0.242438
0.242438
0.388588
0.0180345
0.11564
0.244882
0.244882
0.244882
0.244882
-0.826389
-0.826389
-0.826389
-0.826389
-0.772681
0.0770189
-0.205782
-0.205782
-0.205782
-0.205782
0.614408
-0.0894097
-0.0894097
0.870346
1.65911
1.83679
1.83679
1.9006
1.00143
1.00143
-0.0274662
-0.0274662
0.780971
1.23939
1.23939
1.23939
1.23939
0.336807
0.336807
-0.375119
-0.375119
-0.375119
-0.375119
-0.375119
-0.144278
-0.928466
-0.293613
-1.13645
-1.13645
-1.55121
-1.21949
-0.0592797
-0.0592797
-0.0592797
0.890036
0.890036
0.890036
0.259609
0.683022
-0.21224
0.585918
0.585918
0.490806
0.490806
0.490806
0.490806
0.490806
0.490806
0.490806
-0.508489
-0.508489
0.168324
0.168324
0.233026
-0.630952
-0.630952
-0.120823
-0.120823
-0.120823
-0.120823
0.995145
0.505529
0.0284222
0.733877
0.733877
0.733877
1.70333
1.06213
0.0589829
0.985464
1.45888
1.45888
1.45888
1.023
1.023
1.023
0.796526
0.242108
0.242108
1.05728
1.34917
0.194226
-0.444819
-0.444819
0.331251
0.331251
1.22232
1.22232
1.22232
1.22232
0.137033
0.137033
0.137033
0.137033
0.137033
0.137033
0.137033
0.137033
0.794742
0.794742
0.794742
0.837644
0.837644
-0.176366
-0.176366
0.310827
0.704257
0.704257
0.704257
-0.27808
-0.27808
-0.27808
-0.27808
-0.27808
-0.200942
-0.200942
-0.227337
-0.626797
-0.626797
-0.626797
0.16014
0.16014
0.16014
0.16014
0.16014
-0.885068
-0.885068
-0.627674
-0.627674
-0.627674
0.341733
1.44454
2.54622
1.52494
0.70777
-0.244148
-0.316138
0.0168998
0.175857
-0.135878
-0.135878
-0.135878
0.242299
0.846937
0.846937
0.617373
0.711262
0.711262
0.711262
0.711262
0.711262
0.581151
0.581151
0.349602
0.349602
0.349602
0.349602
0.349602
-0.271275
-0.271275
-0.744664
-0.744664
-0.744664
-0.744664
-0.744664
-0.744664
-1.83902
-2.41574
-2.59632
-2.80424
-1.92584
-1.2972
-0.586068
-0.916179
-0.916179
-0.252161
-0.252161
0.561802
0.561802
-0.513194
-0.513194
-0.513194
0.278667
0.0815148
-0.819906
-0.875973
-0.875973
0.161578
0.161578
0.161578
-0.476342
-0.79452
-0.79452
-0.79452
-0.79452
-0.79452
-0.79452
0.363313
0.973085
0.796554
0.310696
0.310696
0.310696
0.95944
0.95944
0.95944
0.95944
0.95944
0.292582
0.292582
0.292582
-0.668397
-0.668397
0.33784
0.33784
0.33784
-0.315699
0.868241
0.868241
0.868241
0.256507
0.256507
-0.0118439
-0.0118439
-0.976354
-0.137333
-0.396297
-1.30376
-1.30376
-0.712667
-0.712667
-0.712667
-0.712667
0.470011
0.470011
0.470011
0.470011
-0.000330227
-0.969566
0.177273
0.177273
0.718199
0.191742
0.191742
0.0917402
0.729095
0.729095
0.729095
-0.39887
-0.39887
-0.39887
-0.39887
-0.39887
-1.09636
-1.09636
-0.981946
-1.33977
-1.33977
-1.33977
-0.271681
-0.578557
0.479529
0.479529
0.479529
1.248
1.248
1.00451
1.00451
0.287086
0.345838
0.345838
-0.809559
-0.809559
-0.809559
0.342951
0.342951
-0.40743
0.0569894
1.14137
1.03513
-0.0491104
-0.0491104
-0.0491104
-0.0491104
-0.296831
-0.380897
-0.145002
-0.145002
-0.145002
-0.862051
-1.07989
-0.504564
-0.580493
-0.354991
0.208173
0.208173
0.208173
0.208173
0.208173
0.208173
0.208173
0.208173
0.208173
0.208173
0.208173
0.0171817
0.0171817
0.0171817
0.56689
0.56689
0.56689
1.54749
1.54749
1.54749
1.54749
1.54749
1.08402
1.08402
1.08402
1.08402
1.21892
1.21892
1.21892
1.21892
0.665172
0.684031
0.156958
0.156958
-1.03616
-2.17799
-2.17799
-1.52406
-0.462065
-1.12205
-0.173567
-1.07408
-0.294396
0.533911
-0.142552
-0.142552
0.411834
0.674638
1.35481
1.09164
1.18294
1.18294
0.0253219
0.0478873
0.0478873
0.0478873
0.0478873
0.0478873
-1.03583
-1.03583
-1.52714
-1.065
-0.441002
-0.441002
-1.17405
-1.17405
-1.72492
-2.57894
-1.4266
-1.4266
-1.66363
-0.672114
-0.606528
-0.72917
-0.72917
-0.0749039
-0.0776084
-0.0776084
-0.0776084
-0.0776084
-0.0776084
-0.0776084
-0.0776084
-0.0776084
-0.0776084
-0.0776084
-0.0776084
-0.0776084
-0.0776084
-0.0776084
-0.0776084
-0.0776084
-0.0776084
-0.0776084
-0.0776084
-0.0776084
-0.0776084
-0.0776084
-0.0776084
-0.398638
-0.969475
-0.776802
-0.776802
-0.776802
0.305007
0.305007
0.305007
0.305007
0.305007
0.305007
-0.299469
-0.299469
-0.299469
-0.299469
-1.30764
-1.30764
-1.27
-0.111255
-0.893129
-0.893129
-0.893129
-0.893129
-0.893129
-0.893129
0.142663
0.14039
0.935461
0.487709
0.487709
0.487709
1.26663
1.26663
2.19861
1.7963
1.67439
1.67439
1.02034
0.933772
0.933772
0.933772
0.933772
0.933772
0.145202
0.939607
0.752143
1.73987
1.73987
1.73987
1.26835
1.26835
0.152837
0.152837
0.152837
0.152837
0.152837
0.152837
0.152837
0.152837
0.152837
0.152837
0.152837
0.152837
0.729682
1.88633
1.88633
2.8537
2.74129
3.21372
3.21372
2.96659
1.81621
0.710236
0.710236
-0.32727
-0.32727
-0.32727
-0.32727
-0.32727
-0.221886
0.757415
0.783513
0.349883
-0.825321
-0.825321
-0.825321
-0.825321
-0.825321
-0.873146
-0.873146
-0.873146
-0.873146
-1.52434
-1.52434
-1.52434
-1.30969
-1.7338
-1.7338
-1.7338
-1.7338
-1.7338
-1.7338
-1.7338
-1.7338
-1.7338
-1.7338
-0.927981
-0.927981
-0.345638
-1.46505
-1.46505
-1.46505
-1.46505
-0.930133
-1.46524
-1.46524
-1.38922
-1.38922
-1.38922
-0.467051
-0.16061
-0.684219
-0.684219
-0.684219
-0.684219
-1.31889
-0.220915
-0.220915
-0.220915
-1.08624
-0.642271
-0.471323
-0.471323
-0.471323
-0.471323
-1.25569
-1.25569
-1.55104
-1.55104
-1.55104
-1.002
-1.67216
-1.69177
-1.92592
-2.97358
-2.93791
-1.83331
-2.72545
-2.72545
-2.31814
-2.31814
-1.2462
-1.2462
-1.2462
-1.74865
-0.781082
0.377376
1.43312
0.638799
0.835695
0.827113
1.35647
1.4201
1.4201
2.24716
2.24716
2.24716
2.24716
1.56292
1.56292
1.56292
0.817903
0.817903
0.817903
0.817903
0.817903
0.817903
-0.100746
-0.100746
-0.100746
-0.100746
-0.100746
0.322548
0.322548
-0.77397
-0.77397
-0.432961
0.502175
0.502175
0.569971
1.35058
1.35058
1.35058
0.746021
-0.230712
-0.230712
-0.230712
-0.678033
-0.678033
-0.678033
0.239308
0.417618
0.310103
-0.343782
-0.622101
-1.07871
-1.07871
-1.48695
-1.44613
-1.15944
-1.15944
-1.15882
-1.15882
-1.15882
-1.15882
-1.15882
-1.50155
-1.50155
-0.382491
-0.382491
-1.24543
-1.1405
-1.46341
-0.627176
-1.76455
-2.11425
-1.37277
-1.37277
-1.94872
-2.44863
-1.29778
-0.302387
0.502375
1.58579
0.542525
0.542525
0.0391881
0.0391881
0.871701
1.68282
1.68282
1.54744
2.57166
2.57166
1.43029
1.42907
0.481504
0.481504
1.08013
1.50842
1.49223
2.57389
2.88787
1.99444
2.30388
2.30388
2.30388
2.04757
1.44793
0.675264
0.0471106
1.17287
1.17287
1.17287
0.126332
0.20294
0.20294
0.433384
0.433384
0.333776
-0.521951
-0.521951
-0.85552
-1.06781
-1.97889
-1.2032
-1.2032
-1.2032
-1.90752
-1.79261
-1.40901
-1.40901
-1.40901
-1.40901
-1.40901
-1.40901
-0.412177
-1.30258
-0.456446
0.0358442
0.459325
0.366585
0.366585
1.30292
1.01734
-0.0676747
0.738608
0.738608
-0.33603
-0.33603
-0.33603
-0.33603
-0.33603
-0.33603
-0.33603
-0.166114
-0.061808
-0.061808
1.01834
0.940504
0.940504
0.826826
0.826826
0.826826
0.826826
0.826826
-0.284226
-0.284226
-0.284226
-0.284226
-1.42404
-1.13915
-1.13915
-1.13915
-1.13915
-1.13915
-1.13915
-1.13915
-0.10606
-0.10606
-0.10606
1.04167
1.04167
1.04167
1.51342
1.97781
2.22256
2.22256
2.22256
2.61688
2.61688
2.61688
3.0779
2.56445
2.38746
2.38746
2.38746
2.36515
2.66689
2.66689
1.59097
1.85042
1.85042
1.85042
2.86655
2.86655
2.86655
2.84278
2.30986
1.23653
1.43438
0.379014
0.379014
0.233538
-0.336926
-0.192122
0.650285
0.650285
0.174042
0.174042
-0.290261
0.297788
-0.243048
-0.0344566
-1.00582
-1.00582
-0.691883
-0.651881
-1.53497
-0.600743
-0.600743
-0.632312
-0.844989
-0.844989
-0.685915
-0.758806
-1.68957
-1.68957
-0.912175
-0.401841
0.716297
0.716297
0.377291
0.377291
0.377291
0.377291
0.377291
0.964408
-0.0893501
-0.0893501
-0.0893501
-0.319524
-0.142707
-0.200004
-0.750398
-0.20724
-0.20724
-0.20724
-0.0773739
-0.743168
-0.552703
-0.552703
-1.37041
-0.189014
0.216526
0.216526
0.216526
0.216526
1.25813
0.217561
0.217561
0.920606
0.920606
0.920606
0.920606
0.859136
0.859136
-0.287048
0.782303
0.782303
0.782303
0.782303
0.782303
0.430301
0.565637
1.14446
0.880101
0.946074
0.946074
2.05139
1.33216
1.33216
0.135447
0.108006
0.374448
0.374448
-0.0813003
-0.0813003
0.999641
0.732289
0.732289
-0.268387
-0.0467152
-0.0467152
-0.0467152
-0.0467152
-0.0467152
-0.651416
-0.651416
-0.651416
-0.651416
-0.651416
-0.651416
-0.651416
0.390092
0.390092
0.390092
0.390092
0.390092
0.390092
0.390092
0.525776
0.525776
0.525776
0.525776
0.199865
0.199865
0.199865
0.199865
0.199865
0.199865
0.199865
0.199865
1.00247
1.00159
1.00159
1.00159
0.81629
0.81629
0.81629
0.929199
0.995303
0.995303
0.407465
0.407465
0.771446
0.269374
0.936175
0.346351
0.346351
0.362669
0.362669
0.362669
0.362669
0.406037
0.406037
1.46422
1.46422
0.454318
0.454318
1.29894
1.29894
1.29894
1.18434
2.29152
2.29152
2.40879
3.53374
3.53374
3.15381
2.13884
2.13884
2.15077
2.15077
2.42768
2.42768
2.35827
2.35827
2.63546
2.63546
2.63546
2.63546
2.63546
2.63546
2.44851
2.3792
2.3792
1.39311
0.743976
-0.244459
-1.41802
-1.81751
-1.81751
-1.81751
-1.33568
-0.639541
0.123516
0.130829
0.130829
0.130829
0.130829
0.130829
0.130829
0.599562
0.599562
0.599562
0.599562
0.599562
0.599562
-0.53394
-1.24725
-0.674005
-0.106589
-0.106589
-0.106589
-0.106589
-0.106589
-0.106589
-0.106589
0.399357
0.399357
0.399357
0.399357
-0.187055
-0.187055
-0.307087
-0.307087
-0.307087
-0.307087
-0.307087
-0.307087
-0.307087
-0.307087
-0.307087
-0.307087
-0.307087
0.298521
0.298521
0.298521
-0.226723
-0.51025
-0.51025
-0.51025
-0.51025
-0.51025
0.159303
0.159303
0.159303
0.159303
-0.541008
-0.541008
-0.541008
-0.541008
-0.541008
-0.541008
-0.730844
-0.941806
-0.941806
-0.941806
-0.340731
0.0499234
0.954578
1.72799
1.41024
0.413725
0.413725
0.413725
0.413725
0.413725
0.413725
0.413725
-0.0547151
-0.0547151
-0.0547151
0.700721
-0.176654
-0.176654
0.643163
0.643163
0.810439
0.810439
0.553984
0.553984
-0.206179
0.905371
0.905371
0.682135
-0.443396
-0.752223
-0.378413
-0.378413
0.161089
0.0416403
0.0416403
0.0635554
0.435883
0.435883
1.33148
1.33148
0.415764
0.415764
0.415764
0.415764
0.415764
-0.476353
-0.476353
-0.520904
-0.520904
-0.520904
0.330347
-0.762896
-0.99915
-0.674778
-0.674778
-0.674778
0.0097833
0.0097833
-0.48873
-0.48873
-0.014453
-0.014453
-0.917258
-0.352349
-0.870235
-0.960879
-0.763683
0.318193
0.318193
-0.611143
-0.611143
-0.611143
0.45549
0.45549
1.6368
0.794077
0.859841
0.859841
0.859841
-0.19504
-0.281583
-0.281583
-0.35198
-0.35198
-0.109428
0.867581
0.867581
-0.330149
-0.896818
0.0183021
1.15208
0.467905
1.23907
1.23907
0.374599
0.374599
1.27214
1.27214
2.18668
2.18668
1.67942
1.30244
0.423982
0.423982
-0.620973
-0.620973
-1.73521
-2.76232
-2.76232
-2.25278
-1.63791
-1.48903
-0.849801
-1.06016
-0.636949
-0.636949
-0.636949
-0.636949
-0.636949
-0.831221
0.119057
0.119057
-0.990615
-1.15386
-1.15386
-1.15386
-1.76059
-1.07555
-1.07555
-1.07555
-1.07555
-2.11475
-1.24878
-1.24878
-0.0932306
-0.0659651
-0.590482
-0.590482
-0.590482
-0.590482
-0.357813
-0.69698
-0.69698
-1.03233
-1.03233
-1.03233
-1.03233
-0.729472
-0.276045
0.185606
0.185606
0.572543
0.815368
0.60304
0.60304
0.60304
0.60304
-0.237527
-0.237527
-0.237527
-0.237527
-0.780237
-0.780237
-0.780237
-0.0203019
-0.0203019
-0.127464
-0.127464
-0.127464
-0.127464
-0.127464
-0.127464
-0.127464
-0.127464
-0.127464
-0.815805
-0.815805
-0.815805
-0.379095
-0.379095
0.213112
0.213112
-0.346766
-0.675941
-0.675941
-0.675941
-1.0566
-1.0566
0.0934161
0.464744
0.464744
0.464744
0.464744
0.464744
1.08062
1.08062
1.08062
1.08062
0.151893
0.151893
0.151893
0.151893
-0.432925
0.657139
1.72448
1.72448
2.52554
1.81563
1.81563
1.81563
1.81563
1.70036
1.70036
1.41378
0.326106
1.02449
0.793868
0.793868
0.042033
0.042033
0.042033
0.471071
0.471071
0.471071
0.471071
0.471071
-0.432802
0.0396168
0.0396168
0.0396168
0.0396168
0.0926984
0.0926984
0.553644
0.462847
0.462847
0.462847
0.462847
0.462847
-0.339366
-0.339366
-0.339366
-0.814118
-0.814118
-0.814118
-0.814118
-0.136788
-0.136788
-0.85191
-0.94488
-0.94488
-0.137385
0.583372
0.738551
0.738551
0.738551
0.738551
0.738551
0.738551
0.738551
-0.0268305
-0.0268305
-0.306358
-0.306358
-0.306358
-0.923646
0.0552059
0.0552059
1.22032
1.22032
1.22032
0.30757
0.30757
0.30757
0.30757
0.30757
0.30757
0.30757
0.30757
0.30757
0.30757
0.30757
0.30757
0.30757
0.30757
0.30757
0.30757
0.30757
0.30757
0.30757
0.30757
0.30757
0.30757
0.30757
0.30757
0.30757
0.30757
0.30757
0.30757
0.30757
0.30757
0.30757
0.30757
0.30757
0.30757
-0.0888149
-0.0888149
-0.204539
-0.154639
-0.154639
-0.194855
0.317111
1.40263
2.55919
2.55919
1.95465
0.913482
0.913482
0.913482
0.913482
0.913482
-0.11618
0.0312288
0.0312288
0.0312288
-0.154815
0.948462
-0.234016
-0.234016
-0.738744
-0.738744
-1.74788
-1.34848
-1.3562
-1.55182
-0.581141
-0.581141
-0.581141
-0.581141
-0.581141
0.576465
0.576465
0.576465
-0.379205
-0.379205
-0.379205
-0.379205
0.0135806
0.148371
0.148371
1.16372
0.231694
0.231694
0.231694
0.231694
0.231694
0.231694
0.231694
0.231694
0.231694
0.231694
-0.607585
0.0383969
0.0383969
0.977146
0.977146
-0.126885
-0.126885
-0.126885
0.0499927
0.0499927
0.0499927
0.0499927
0.0499927
0.0499927
0.0499927
-0.363791
-0.363791
-0.720314
-0.809099
-0.763107
0.345239
0.345239
0.345239
0.345239
0.345239
0.345239
0.345239
0.847413
1.26986
1.26986
2.01895
2.01895
1.04286
0.0228691
-1.112
-1.78162
-1.78162
-1.95483
-1.74802
-1.74802
-1.40537
-0.536337
-0.536337
-0.536337
0.489556
0.489556
0.489556
-0.402778
-0.402778
-0.402778
-0.882212
-0.8268
-1.08302
-0.187886
-0.814074
-0.814074
-0.0646338
-0.0646338
-0.43422
-0.0933155
-0.527135
-0.527135
-0.209418
-1.09876
-1.09876
-1.09876
-1.09876
-1.11268
-1.36861
-1.36861
-1.36861
-1.92607
-0.849282
0.315078
0.315078
0.315078
0.315078
-0.588242
-0.588242
-0.588242
-0.588242
-0.0272476
0.647631
0.840312
0.840312
0.840312
0.533569
0.614234
1.49303
1.49303
1.49303
0.608875
-0.195349
-0.392491
-1.28682
-1.28682
-1.28682
-1.28682
-0.335801
-0.335801
-0.335801
0.699536
1.37932
0.478746
0.478746
-0.177001
-0.177001
-0.177001
0.57508
0.57508
0.559352
0.559352
1.61931
1.61931
1.61931
1.61931
1.50338
0.762357
0.98792
0.98792
0.811441
0.811441
0.811441
-0.0455352
-0.0501839
-0.0501839
-0.0501839
-0.0501839
-0.0969437
0.715344
0.715344
-0.124418
-0.124418
-0.417626
-1.5512
-1.30198
-1.30198
-1.30198
-1.30198
-2.0978
-1.93736
-2.54398
-2.59194
-2.07557
-2.53959
-2.42806
-1.7014
-1.19953
-0.156603
-0.156603
0.630256
1.63326
1.63326
1.44096
0.81648
0.81648
1.31858
0.38853
0.0920087
1.24454
1.73842
2.0984
2.0984
2.31445
2.66573
1.47799
0.389558
0.707025
0.707025
0.707025
0.707025
0.707025
0.707025
-0.455476
-0.455476
-0.455476
-0.455476
-0.455476
-0.00795303
-0.00795303
-0.392455
-0.392455
-0.392455
-0.392455
-0.392455
0.530414
-0.609185
-0.0441283
-0.0441283
-0.0441283
-0.0441283
-0.0441283
-0.801034
-0.801034
-0.461731
-0.675584
-0.675584
-0.675584
-0.675584
-0.675584
0.0487396
0.245845
1.07718
-0.113179
-0.113179
0.823268
0.109173
-0.36426
-0.36426
-0.36426
-0.36426
-0.36426
-0.36426
-0.36426
-0.36426
-0.36426
0.718808
-0.0529429
-0.756388
0.194483
0.194483
-0.947843
-0.202651
0.556039
0.556039
0.556039
0.556039
0.556039
0.290816
-0.0903976
-0.0903976
-0.0903976
-0.0903976
-0.435142
-0.435142
-0.276967
-0.276967
-0.276967
0.806958
0.806958
0.247647
0.247647
1.13544
1.13544
1.13544
1.13544
0.386422
0.386422
0.386422
0.386422
0.386422
0.386422
0.386422
0.386422
0.386422
0.179466
0.179466
0.179466
0.179466
0.179466
0.179466
0.179466
0.179466
0.186849
0.186849
0.792366
-0.382673
-1.43658
-1.91463
-1.1112
-2.24431
-2.24431
-2.27422
-1.58719
-2.17959
-2.17959
-2.17959
-1.66227
-1.66227
-2.68704
-2.42565
-2.42565
-2.42565
-2.42565
-1.39656
-0.634332
-1.51854
-1.50108
-1.2271
-1.2271
-1.2271
-2.24802
-2.47439
-1.47013
-1.47013
-1.95543
-1.8985
-1.87992
-1.87992
-2.17724
-1.42549
-2.27647
-1.44773
-0.351869
-0.351869
-1.03603
-2.17341
-2.17341
-2.33654
-2.33654
-1.2029
-2.12935
-2.12935
-1.31662
-2.07757
-2.72467
-2.98314
-2.98314
-2.36359
-2.74532
-2.74532
-2.98159
-3.29678
-3.29678
-3.28029
-3.28029
-3.23342
-2.6739
-1.57183
-1.57183
-1.57183
-1.57183
-1.57183
-1.57183
-0.898704
-1.78411
-0.849523
-0.849523
-0.849523
-0.849523
-0.511306
-1.49016
-1.49016
-0.539771
-0.539771
-1.10728
-0.382646
0.693111
1.34806
0.676657
0.676657
0.676657
1.34737
1.34737
0.742972
0.742972
0.742972
1.79568
1.56342
1.56342
1.34982
0.337601
0.337601
0.337601
1.15526
0.0741183
0.0741183
0.0741183
0.420662
0.420662
0.420662
0.420662
0.93307
1.00179
1.00179
0.282458
0.282458
0.282458
0.282458
0.282458
1.04815
1.04815
1.49869
1.35924
1.35924
0.942181
0.942181
0.942181
0.491201
0.491201
0.304724
0.304724
0.304724
0.304724
0.304724
0.304724
-0.46047
-0.46047
-0.0745754
-0.0745754
-0.615323
-0.615323
-0.942108
0.130881
0.270771
0.270771
-0.928895
-1.55184
-1.15361
-0.232497
-0.232497
0.690254
-0.353048
0.171455
-0.434895
0.21814
0.21814
0.949574
0.0755075
0.0755075
0.0755075
1.13044
1.44656
0.350586
0.350586
0.257521
-0.872338
-0.771
0.289916
-0.902468
-0.549081
-0.397685
0.139798
0.445679
0.239128
0.905975
1.08855
2.12393
2.12393
1.24913
0.13431
0.13431
-0.530474
-0.475277
0.704229
1.54707
1.54707
1.54707
1.54707
0.975567
1.72718
1.72718
0.974727
0.974727
0.974727
0.974727
0.403065
0.334826
0.334826
0.850441
0.850441
1.63397
0.739859
0.739859
0.844587
-0.169705
-0.913919
-1.98424
-1.46973
-1.46973
-1.5911
-1.5911
-1.5911
-1.5911
-1.5911
-1.5911
-0.960538
-1.25892
-1.25892
-1.25892
-1.25892
-0.436969
-0.436969
0.604892
0.604892
0.604892
0.519869
-0.324355
0.702972
0.834022
0.834022
1.61297
0.568439
1.44568
1.34452
0.961778
-0.0421918
0.24565
0.748336
1.09759
0.51133
0.51133
0.51133
-0.589662
0.318552
0.318552
-0.284791
-0.284791
-0.284791
0.117775
0.117775
-0.682452
-0.682452
-0.682452
0.452957
0.0701242
0.294972
0.294972
-0.297244
0.495551
0.495551
0.495551
0.495551
0.495551
-0.423561
-0.423561
-0.423561
-1.20221
-1.20221
-0.81222
-0.81222
-0.688522
-0.688522
-0.0696179
0.619045
-0.574911
-0.574911
0.217676
0.217676
0.621788
0.304958
0.642952
1.09697
-0.09192
0.5319
-0.361836
-0.111928
-0.111928
-0.111928
-0.111928
-0.502112
0.34453
0.34453
0.34453
0.34453
0.253758
-0.459738
-1.44697
-1.44697
-0.494575
-0.494575
-0.302928
-1.08266
0.0252475
-1.06489
-1.06489
-0.0957736
-0.0957736
-0.0957736
-0.0957736
0.4924
0.4924
-0.675382
-0.878782
-0.878782
-0.547323
-0.547323
-0.547323
-0.547323
-0.547323
-0.547323
0.508175
0.410427
1.27692
0.406744
0.174975
0.383044
-0.0261408
-0.355791
-0.355791
-0.076589
0.26824
0.26824
0.436318
0.485163
-0.560061
-0.560061
-0.560061
-0.560061
-0.291792
-0.291792
-0.291792
-0.291792
-0.47639
-0.47639
-1.56195
-1.56195
-0.985035
-0.985035
-0.985035
-0.985035
-0.530153
-0.624906
-0.624906
-0.624906
-0.624906
-0.73789
-0.73789
-0.73789
0.081563
-0.893781
-1.09785
-2.00629
-0.907177
-0.907177
0.240396
0.240396
1.12832
1.12832
1.12832
0.654664
0.654664
0.654664
-0.301724
-0.301724
-0.301724
-1.27675
-0.136295
-0.136295
-0.136295
-0.706279
-0.706279
0.193631
0.193631
0.193631
0.955664
0.955664
0.0793627
1.21575
1.21575
1.21575
0.666779
1.72443
1.80019
1.80019
1.53291
1.76143
1.76143
1.76143
0.712727
-0.244575
-0.244575
-0.244575
-0.938935
-0.0890087
-0.0890087
-0.0890087
-0.0890087
-0.0890087
-0.0890087
0.789785
1.27933
1.27933
0.388913
1.38974
1.38974
1.38974
1.25202
1.25202
1.25202
1.25202
1.25202
0.0731674
0.0731674
0.376641
0.376641
0.321719
-0.656033
-1.27385
-0.69705
-0.253541
-0.253541
-0.253541
-0.253541
-0.253541
-0.253541
-0.253541
-0.253541
-0.253541
0.355584
0.355584
1.28397
0.484016
0.484016
0.484016
0.484016
0.484016
0.484016
0.484016
0.484016
0.377919
0.060577
-1.02792
-1.06668
-2.17542
-2.17542
-1.94324
-1.94324
-0.986592
-0.986592
-0.986592
-1.12003
-1.44688
-0.610183
-0.610183
-0.887305
-0.891749
-0.891749
-0.0570099
-0.0570099
0.961745
0.838883
-0.165083
-0.165083
-0.165083
-0.165083
-0.165083
-0.165083
0.272276
-0.552386
-1.10061
-1.10061
-0.734212
-0.734212
-0.734212
-0.260231
0.518155
0.518155
0.652166
0.652166
0.652166
0.652166
-0.0138335
-0.0138335
-0.0138335
-0.0138335
-0.763917
-0.763917
-1.15595
-0.078265
-0.774807
-1.10772
-1.10772
-1.10772
-1.10772
-1.10772
-0.496312
-0.496312
-0.496312
-1.14829
-0.101222
-0.101222
1.09303
0.749299
1.42293
2.32643
2.26782
3.23902
3.23902
3.23902
3.23902
3.23902
3.14231
2.11901
1.08271
1.89574
3.01039
2.56233
3.12465
2.08341
2.08341
1.85542
1.85542
1.85542
2.92179
2.92179
2.92179
2.92179
2.57724
1.83025
1.86743
1.86743
2.16911
1.57865
2.22402
2.22402
1.78384
1.45617
1.45617
1.45617
1.74093
0.781072
0.781072
0.781072
1.44296
1.44296
2.03194
2.03194
1.0134
1.0134
1.0134
0.641236
0.641236
-0.345942
-0.345942
-0.501772
-0.195926
-0.0804701
-0.382274
-0.382274
-0.382274
0.0991077
0.0991077
0.0991077
-0.513892
-0.513892
-1.62259
-1.62259
-2.66643
-2.66643
-2.66643
-2.44967
-1.32384
-1.32384
-0.46697
-0.46697
0.347305
0.347305
0.347305
0.347305
0.347305
-0.845979
-0.00440446
-0.00440446
-0.00440446
-0.592245
0.444015
0.444015
0.444015
-0.701077
-0.701077
-0.590846
-0.723124
-0.55126
-0.55126
0.639828
0.752534
0.752534
0.465926
0.465926
1.33918
1.33918
1.33918
0.483405
0.483405
0.483405
0.103618
0.103618
-0.0302923
0.966964
0.966964
0.966964
0.966964
-0.123825
-0.972965
-0.972965
-0.972965
-0.972965
-0.972965
-0.972965
-0.972965
-1.55971
-0.662169
-1.08684
-1.08684
-1.08684
-1.08684
-0.703105
-0.703105
-0.703105
0.258632
-0.716349
0.434782
-0.57511
-1.77293
-2.59326
-1.50461
-0.60496
0.580619
-0.429163
-0.429163
-0.328653
-0.328653
-0.328653
-0.328653
0.132425
-0.606601
-0.836375
-1.08384
-0.721402
-0.355255
-0.0647332
-1.11822
-1.11822
-0.057128
0.36639
0.36639
0.36639
1.11419
1.11419
-0.00324023
-0.00324023
-0.00324023
-0.00324023
0.462577
1.41166
1.53263
1.23031
1.23031
1.23031
1.23031
0.384081
0.384081
0.384081
0.384081
-0.673198
-0.673198
0.391888
-0.709888
-0.160122
-0.160122
-1.34672
-1.34672
-1.34672
-1.34672
-0.292793
-0.292793
-0.292793
-0.292793
-0.292793
-0.292793
0.0586119
0.0586119
0.0586119
-0.969389
-0.969389
0.218392
0.218392
-0.702601
0.284179
0.284179
0.284179
-0.837315
-0.714903
-0.714903
-0.714903
-0.714903
0.0829212
0.0829212
0.0829212
0.779312
0.779312
0.779312
0.779312
1.31725
1.31725
0.234613
0.23927
0.408403
0.408403
0.316058
-0.422099
-0.422099
-0.29479
-0.29479
-0.29479
-0.29479
-0.29479
-0.29479
-0.29479
0.535124
0.535124
0.535124
0.535124
0.535124
0.535124
0.535124
0.535124
1.27396
1.27396
1.27396
1.47379
0.413941
-0.174437
0.817794
0.817794
0.817794
0.817794
-0.0685006
0.452164
0.0897748
0.0897748
-0.617129
-0.142314
-0.196209
-0.196209
-0.196209
-0.196209
-0.196209
-0.196209
-0.873202
-0.873202
-0.873202
-0.595011
-0.595011
0.207079
0.207079
0.207079
0.207079
-0.355211
-0.680439
-0.680439
-0.680439
-0.680439
0.231228
1.32556
1.32556
1.32556
1.32556
1.32556
1.92737
1.92737
2.64641
1.59568
1.59568
0.464897
-0.515367
-0.515367
0.542452
0.542452
0.542452
0.542452
0.542452
0.542452
0.579994
0.579994
1.23494
1.45667
1.5587
0.568493
0.568493
0.568493
0.568493
0.568493
-0.437033
-0.437033
-0.437033
-0.437033
-0.437033
0.478204
0.478204
0.478204
0.478204
-0.663439
-0.663439
-0.663439
-0.663439
-1.69002
-0.632388
0.129943
0.129943
0.129943
0.129943
0.743411
-0.444858
-0.699379
-0.699379
0.447871
0.447871
0.447871
0.775028
0.963753
0.963753
1.2711
1.2711
1.2711
1.34556
1.34556
2.07251
2.07251
2.88544
2.88544
3.20132
2.3824
1.82827
1.82827
1.82827
2.13237
2.09051
2.09051
1.41232
2.05986
2.05986
2.05986
1.8844
2.49098
1.65793
1.45933
1.45933
1.20173
0.794196
0.794196
0.794196
0.904334
0.904334
0.667805
0.667805
0.667805
0.667805
1.23604
1.23604
1.23604
1.23604
1.23604
0.539362
0.214365
-0.708681
-0.708681
-0.708681
-0.611103
-1.446
-1.20243
-0.548173
-1.5175
-0.335087
-0.335087
-0.398284
-1.50623
-1.1776
-1.2273
-1.50481
-1.50481
-0.367474
-1.20584
-1.89408
-2.00545
-2.19351
-2.19351
-2.19351
-2.19351
-2.19351
-2.19351
-1.68875
-1.6151
-1.6151
-1.6151
-0.928995
-0.928995
-0.838105
0.141384
-0.928832
-0.928832
-1.69063
-1.69063
-1.69063
-0.807661
-0.807661
0.175437
-0.220646
-0.422845
0.652155
1.01463
1.01463
1.01463
1.01463
1.795
0.924699
1.02809
1.72205
1.72205
1.33208
1.33208
0.274349
0.807566
0.807566
0.807566
0.214762
0.214762
0.214762
0.204126
0.204126
1.18531
1.18531
2.21092
2.2125
2.2125
2.03572
2.03572
2.03572
1.39041
0.763197
0.944132
-0.0399389
0.923075
-0.132858
0.692262
0.692262
-0.0834333
-1.24094
-1.24094
-2.20895
-1.7615
-1.35387
-1.10909
-0.873041
-1.09672
0.0969312
0.0969312
0.0969312
0.0969312
0.0969312
0.610086
0.610086
0.610086
0.0447067
0.558618
0.840932
0.840932
-0.356279
-0.356279
-0.356279
0.299261
0.299261
0.156729
1.25
1.25
1.25
1.25
0.905325
0.532264
0.532264
1.14241
0.268129
0.268129
0.268129
0.268129
0.54203
0.54203
0.54203
0.540457
1.34226
2.5171
1.74662
2.01031
1.04035
1.04035
1.04035
1.04035
1.04035
1.04035
0.253832
0.253832
0.253832
0.0912106
-0.465363
-0.465363
-0.708719
-0.79295
-0.79295
-0.736998
-0.736998
-0.727896
-0.242622
-0.242622
-0.242622
-0.242622
-0.242622
-0.242622
0.594407
-0.206073
0.110476
0.110476
0.110476
0.110476
0.80073
1.03503
1.03503
1.03503
1.03503
1.03503
1.03503
1.04791
1.04791
1.04791
1.04791
1.04791
0.0152341
-0.542223
-0.542223
-0.542223
-0.769321
-0.769321
-1.12612
-1.12612
-1.12612
-0.982228
-0.982228
-1.32062
-0.927424
-0.153362
-0.492408
-0.492408
-0.492408
-0.492408
-0.492408
-0.492408
0.595509
0.595509
0.576262
0.576262
0.576262
0.576262
-0.601097
-0.601097
0.470227
-0.0354096
1.09518
1.09518
0.974036
0.142864
-0.239129
-0.239129
-0.239129
-0.239129
-0.239129
-0.239129
-0.239129
-0.239129
-0.635193
-1.63986
-1.63986
-1.63986
-1.63986
-0.731592
-0.409366
0.00696245
-0.746494
-0.105064
-0.105064
-0.105064
-1.03557
-1.03557
-0.259913
0.911807
0.090987
0.090987
0.16488
0.210368
0.210368
-0.00601848
-0.0895288
-0.0895288
-0.0895288
-0.0895288
-0.0895288
-0.264709
-0.20397
-0.20397
-0.498765
-1.34482
-2.10577
-2.10577
-0.948603
-0.948603
-0.948603
-0.665646
-0.665646
-0.442833
0.694846
0.166716
0.166716
-0.316053
-1.51407
-1.29704
-1.29704
-0.22967
-0.22967
-0.754104
-0.754104
-0.754104
-0.754104
-0.754104
-0.165859
-1.04211
-1.3233
-1.15942
-0.0682893
0.913921
1.03462
1.03462
1.03462
1.03462
0.134043
0.134043
0.134043
0.134043
0.134043
0.134043
0.134043
0.134043
0.134043
0.134043
0.134043
0.134043
0.134043
0.134043
0.134043
0.830157
0.874476
1.97172
1.85687
1.53564
0.997652
0.630433
0.630433
0.630433
-0.216549
0.0236824
0.34472
0.34472
0.34472
0.34472
0.34472
0.34472
0.34472
-0.853831
-0.853831
-0.853831
-0.853831
0.0198864
0.0198864
0.0198864
-0.113886
-1.00942
-0.149709
0.0403614
0.0403614
-0.0464629
-0.0464629
-0.0464629
-0.117072
-0.117072
-0.117072
0.824725
1.52477
1.52477
1.23077
1.23077
1.23077
0.514882
1.64607
2.0952
2.85275
2.85275
2.75745
2.75745
2.75745
2.1884
2.1884
2.1884
2.1884
2.1884
2.96322
2.96322
1.94007
1.94007
1.94007
2.01729
2.01729
2.01729
1.88839
1.88839
1.88839
1.88839
0.731176
0.731176
0.731176
0.731176
-0.0884106
-0.0884106
-0.0884106
0.403455
0.403455
-0.455281
-0.174748
-0.174748
0.136409
-0.282056
-0.282056
0.139332
-0.185058
-0.494207
-0.494207
-0.958484
-0.663643
-0.0329746
-0.0329746
-0.0329746
-0.0329746
-0.238786
-0.238786
0.547567
0.547567
0.484363
0.484363
0.484363
0.484363
0.484363
0.484363
1.4791
0.393666
0.393666
0.213066
0.213066
0.213066
1.23769
1.57643
1.57643
1.70634
1.88639
0.70531
-0.30951
-0.564484
-0.564484
-0.711318
-0.711318
-0.711318
0.431982
0.431982
0.431982
0.431982
0.940508
0.940508
1.51354
0.321837
0.780591
1.37455
1.11438
0.621748
1.61796
0.941603
-0.103139
-0.244042
-0.293246
0.452541
-0.464883
-0.464883
0.669004
0.669004
1.21191
1.21191
2.04613
2.51903
2.51903
1.38105
0.392187
0.392187
0.392187
0.392187
1.46335
0.80953
-0.0458736
-1.09282
-0.763468
-1.36391
-1.36391
-1.36391
-0.323327
-0.323327
-0.323327
0.693938
0.998682
-0.0419905
0.845622
0.845622
-0.199829
-1.09476
-0.676944
-1.5078
-1.5078
-1.50242
-1.50242
-0.547568
-0.387348
0.641264
0.641264
0.641264
-0.0801832
-0.0801832
-0.0801832
-0.0801832
1.10131
0.0514063
-0.55162
-0.11901
-0.11901
-0.745632
-0.745632
-0.188605
-0.188605
-0.188605
-0.188605
0.101856
0.92296
0.236345
0.236345
0.143635
-0.955627
-0.185015
-0.185015
-0.185015
-0.185015
-0.185015
-0.185015
-0.295038
-1.27398
-1.90642
-0.972857
0.00246835
-0.128876
-0.163125
-0.163125
-0.163125
-0.163125
0.757597
-0.36436
-0.36436
-1.12614
-1.12614
-1.12614
-1.12614
-1.94126
-1.75851
-1.97781
-1.07665
-2.01524
-1.45151
-1.45151
-0.757974
-0.873663
-0.24607
0.864584
0.864584
0.279568
0.279568
0.279568
0.279568
0.279568
0.279568
-0.202959
-0.202959
-0.202959
-1.09837
-1.09837
-1.76859
-1.28474
-0.683123
-1.4488
-1.4488
-1.4488
-0.482385
-0.887401
-1.97562
-1.09853
-0.427133
0.0963772
0.0963772
0.0963772
0.0963772
0.0963772
0.0963772
0.0963772
0.0963772
0.0963772
0.0963772
0.0963772
0.0963772
0.0963772
0.607098
0.341041
0.341041
0.341041
0.97005
-0.0487672
0.378627
-0.64005
-0.64005
-0.64005
-0.67677
0.312383
0.312383
0.312383
0.312383
0.312383
-0.839326
-0.839326
-1.7631
-1.09842
-1.09842
-0.968257
-1.25479
-1.73505
-0.669881
-0.669881
-0.714121
-0.714121
-0.714121
0.0219822
0.716152
-0.26823
-0.190262
-0.169762
-0.169762
1.01932
-0.106137
-0.106137
-0.106137
-0.106137
0.305646
0.305646
0.305646
-0.728629
-0.728629
-0.728629
-0.728629
0.220544
-0.513438
-0.513438
-0.513438
-0.172332
-0.814861
-0.240604
-0.240604
0.868056
0.868056
1.57143
1.40454
1.40454
0.538889
0.538889
0.538889
0.538889
0.901085
0.72142
0.72142
0.72142
-0.258684
-0.258684
-0.258684
-0.258684
-0.258684
-0.130493
-0.130493
-0.130493
-0.130493
-0.130493
0.834799
0.834799
1.69378
1.69378
1.2375
1.11838
1.11838
1.11838
1.10048
0.737466
0.737466
0.997577
0.997577
1.13876
0.701223
0.701223
0.701223
0.701223
0.701223
0.499181
-0.0295267
-0.0295267
-0.0295267
-0.5519
-0.5519
-0.304692
-0.440072
0.16657
0.16657
-0.688592
-0.688592
-0.688592
-0.688592
-0.489809
-0.489809
-0.297539
-0.815202
-0.815202
-1.29879
-1.29879
-1.12812
-1.12812
-1.12812
-1.75989
-1.75989
-2.01161
-0.91806
0.0169828
0.820799
0.820799
0.820799
0.820799
-0.0975758
-0.993534
-0.323052
-0.323052
-0.323052
-1.28085
-0.264317
-0.628699
-0.628699
-0.628699
-0.628699
-0.628699
-0.66963
-0.66963
-0.66963
-0.66963
-0.66963
-0.66963
-0.66963
-0.24437
-0.841314
0.0502106
-0.265193
-0.265193
-0.265193
0.463108
-0.0863273
0.59522
0.410761
0.410761
0.410761
1.26022
1.26022
1.26022
1.34825
1.34825
1.34825
0.844583
0.489778
0.489778
-0.121206
0.846015
0.846015
-0.0669982
-0.0669982
-0.0669982
0.656139
0.656139
0.939482
0.939482
0.939482
0.939482
0.939482
0.939482
0.939482
1.0365
0.847989
0.339474
1.37954
1.37954
1.86804
0.813095
0.813095
0.813095
0.0117581
0.22171
0.327646
0.327646
0.327646
0.327646
0.327646
0.327646
-0.49526
-0.49526
-0.49526
-0.49526
-0.722273
-0.722273
-0.55369
-1.04478
-1.04478
-0.453345
-0.117279
-0.117279
-0.117279
0.136556
-0.118568
0.535485
0.0439958
1.03744
1.03744
0.764877
0.764877
1.49016
1.70448
1.70448
1.70448
1.70448
0.705303
0.811403
0.197334
1.24906
1.91635
1.49873
1.88598
2.14662
2.14662
1.25287
1.25287
0.560148
1.35148
1.03822
1.03822
1.26501
1.26501
1.26501
0.189024
0.189024
0.189024
0.189024
0.189024
0.189024
0.189024
-0.95685
-1.37473
-1.37473
-1.64387
-1.64387
-1.64387
-1.64387
-0.840913
-0.268861
-0.268861
-0.530574
0.23146
0.23146
0.977047
0.0885505
0.0885505
0.0885505
0.0885505
0.0885505
0.0885505
0.0885505
0.0885505
0.0885505
0.0885505
0.0885505
0.0885505
0.0885505
0.0885505
0.0885505
0.0885505
0.618213
0.618213
1.37672
0.55002
1.59975
1.37159
1.37159
1.37159
1.37159
1.28709
0.912574
0.912574
0.912574
1.60691
0.820609
0.820609
1.68639
2.34057
1.81005
0.880257
0.110785
0.110785
-0.921796
-0.382569
-0.382569
-0.726791
0.280557
-0.834017
-0.38837
0.482391
0.482391
0.482391
-0.00837497
0.21698
-0.391953
0.44562
-0.579731
-1.4359
-0.701787
-0.701787
-0.714264
0.471318
0.0651742
-0.258505
0.72677
0.72677
0.72677
1.37967
1.37967
1.37967
1.37967
1.37967
1.37967
1.37967
0.788927
-0.0876097
-0.0876097
-0.307389
-0.307389
0.842485
0.842485
0.842485
0.302251
0.302251
0.302251
-0.787425
-0.787425
-0.787425
-0.787425
-0.0301425
-0.0301425
-0.0301425
-0.0301425
-0.919477
0.227659
0.227659
-0.852752
-0.687127
-0.687127
-0.687127
-0.687127
0.143842
0.143842
0.143842
0.410253
0.410253
0.410253
0.852692
0.852692
0.859605
0.859605
0.859605
0.859605
0.859605
0.859605
0.859605
1.6227
1.24786
0.502939
0.502939
0.502939
0.502939
0.502939
0.595692
0.595692
0.595692
0.595692
-0.443969
0.479337
0.479337
0.479337
0.479337
-0.43924
-0.394772
-0.394772
0.702697
0.702697
0.702697
0.608005
-0.0783527
0.979206
0.358783
0.358783
0.358783
-0.597671
-0.597671
-1.50354
-1.46562
-1.016
-1.016
-0.194921
0.565275
0.565275
-0.609232
0.429275
0.429275
-0.155288
-0.155288
0.579283
-0.274462
-0.274462
0.714506
0.293043
0.293043
-0.415021
-0.136374
0.627027
0.160731
1.05732
1.67052
0.79807
-0.146357
-0.146357
0.150882
0.150882
0.150882
0.150882
0.632894
-0.301701
0.578847
-0.123976
-0.643842
-0.643842
0.126145
0.126145
0.126145
0.126145
0.126145
0.494349
0.494349
-0.305935
-0.305935
-0.414519
-0.414519
0.35705
0.35705
0.35705
0.41353
1.29066
0.674504
1.17727
1.17727
1.07699
0.820833
0.820833
0.840252
0.840252
0.196083
-0.453519
-0.453519
0.403164
0.403164
0.403164
0.403164
0.403164
1.36973
0.486697
0.486697
0.486697
1.18201
0.375375
-0.41092
0.427394
0.427394
0.427394
-0.105744
0.783855
0.783855
0.0299695
0.343511
0.343511
0.343511
0.343511
0.343511
0.343511
0.510382
0.510382
0.160059
0.804859
0.804859
0.572683
0.572683
0.572683
0.572683
0.940011
1.90638
1.41586
1.19956
1.19956
1.19956
0.0755398
-0.801562
-0.376888
-1.3106
-1.3106
-0.320154
0.650214
-0.265275
-0.78044
-1.8263
-0.91741
-1.62517
-1.62517
-0.477479
-0.497162
-0.528089
-0.788977
-0.664966
-1.51379
-1.51379
-1.51379
-1.51379
-1.18913
-1.08044
0.078679
0.078679
0.078679
0.545412
0.545412
0.545412
-0.282177
-0.371451
-0.467404
-0.319626
0.196743
-0.0809785
0.520556
0.520556
0.520556
0.520556
0.520556
0.520556
0.520556
0.520556
0.520556
1.10012
1.10012
1.10012
1.10012
1.10012
1.10012
1.10012
0.50422
0.50422
-0.461077
0.370633
0.370633
0.370633
0.370633
-0.197229
0.188121
0.188121
-1.00095
-1.00095
-0.0188637
-0.0188637
-0.0188637
-0.0188637
-0.0188637
1.01392
0.41933
0.41933
0.617518
0.617518
0.570052
0.189477
0.631815
0.631815
0.778047
1.26049
0.411444
0.411444
0.64383
0.440442
0.440442
0.440442
-0.516061
-1.401
-1.37208
-1.37208
-1.37208
-1.37208
-1.37208
-2.49845
-2.29078
-2.24479
-1.54254
-1.54254
-1.54254
-1.00218
0.0627025
0.0627025
0.0627025
-0.727625
-0.503779
-0.503779
-0.503779
0.672032
0.672032
-0.396283
-0.117688
-0.117688
-0.117688
-0.117688
-0.117688
-0.117688
0.0291858
0.0291858
0.0291858
-0.0795894
0.792959
0.792959
1.25365
0.73009
0.73009
0.626629
0.163797
-0.312604
-0.312604
-0.0794488
-0.0794488
-0.774533
-0.774533
-0.774533
-0.774533
-0.774533
-0.774533
-0.774533
-0.692823
-0.692823
-0.129886
-0.129886
-0.129886
-0.980895
-0.980895
-2.06447
-2.06447
-2.06447
-2.73015
-2.86326
-1.90063
-1.6226
-1.6226
-1.82063
-1.82063
-1.82063
-0.794643
-0.794643
-0.794643
-0.794643
-0.794643
-1.15145
-0.844599
-0.844599
-0.870826
-1.25801
-1.01223
0.0048576
0.0048576
0.0048576
-0.0168433
-0.0168433
-0.0168433
-0.708292
0.415355
0.415355
-0.647333
0.372389
0.0624712
-0.0674353
-0.512258
-0.0473287
-0.527681
-0.581775
-1.54952
-1.54952
-1.54577
-1.54577
-1.54577
-1.54577
-1.55405
-0.565369
-0.418557
-0.13212
0.124823
0.695483
0.695483
0.661811
1.05105
-0.0254327
-0.0254327
-0.665212
-1.51035
-1.15337
-1.15337
-0.70639
-0.70639
-0.305693
0.891084
0.789925
-0.361243
-0.361243
0.76359
0.76359
0.76359
0.76359
-0.343463
0.0367066
0.0367066
0.0367066
0.0367066
0.0367066
0.0367066
0.0367066
0.0367066
0.0367066
-0.468401
0.690335
-0.0159015
-0.0159015
-0.0159015
-0.0159015
0.543677
0.278535
0.0235916
-0.546979
-1.52225
-0.470059
-0.475707
-1.17065
-1.17065
-2.18926
-2.15489
-2.15489
-2.15489
-1.22226
-1.69819
-1.69819
-0.603814
-1.42314
-1.49264
-0.344672
-0.344672
-0.344672
-0.344672
0.675181
0.675181
1.33416
2.49498
3.16921
2.29196
2.29196
1.16991
0.498008
1.30063
0.929074
0.818514
0.818514
0.818514
0.818514
0.911711
0.911711
0.275286
0.275286
0.275286
0.275286
0.275286
0.275286
1.35391
1.35391
0.593245
-0.381856
-0.463739
-0.463739
0.504364
1.50471
0.558894
-0.239564
0.766865
0.0823495
0.0823495
0.0823495
-0.226268
0.866909
0.866909
0.866909
0.866909
0.112066
0.112066
-0.86899
-0.86899
-0.86899
-0.86899
-0.0538308
-0.0538308
-0.0538308
-0.649619
-0.649619
-0.649619
-0.649619
-0.649619
-0.195705
-0.195705
0.135855
0.135855
0.135855
0.135855
0.113597
0.113597
0.113597
0.113597
0.113597
0.113597
0.113597
0.113597
0.699963
0.890538
0.0488873
-0.783724
-1.05256
-0.778185
-0.778185
-0.778185
0.177234
-0.722437
-0.722437
-0.539356
-0.539356
-0.644374
0.114483
0.763348
0.763348
0.763348
0.763348
-0.389166
-0.389166
-0.389166
-0.759843
-0.610942
0.564088
0.564088
0.564088
0.564088
0.564088
0.564088
0.564088
0.564088
0.564088
-0.456826
-0.456826
-0.456826
-0.456826
0.488415
1.29826
1.25476
1.77333
1.77333
1.77333
1.77333
1.77333
0.867533
0.867533
1.47931
1.47931
1.34429
0.430698
-0.529171
0.39608
-0.210921
-0.210921
-0.210921
-0.217223
-0.473718
-0.473718
0.276758
0.276758
0.276758
0.0464331
-0.0750223
-0.171293
-0.171293
-0.171293
-0.171293
0.588707
0.64108
0.64108
-0.126906
-0.126906
-0.126906
0.552717
-0.266895
-0.266895
-0.266895
-1.11914
-0.98901
-0.98901
-0.775852
-1.16299
-1.16299
-1.16299
-1.16299
-1.16299
-1.16299
-1.16299
-0.194261
0.898159
0.898159
0.075356
0.075356
-0.825345
-0.825345
-0.825345
-1.68742
-1.68742
-1.65209
-1.65209
-0.489241
-0.489241
0.535831
0.535831
0.535831
0.381257
0.381257
0.381257
0.381257
0.381257
1.1914
1.1914
1.1914
0.600122
0.600122
0.600122
1.03661
1.03661
1.03661
1.71272
0.884993
0.884993
-0.268172
-0.469115
-1.20854
-0.786555
-1.38505
-0.520586
-0.477462
-0.477462
-0.882011
-0.882011
-0.240989
0.704039
0.341628
0.478182
1.14593
-0.0529104
-0.0529104
-0.0529104
-1.10429
-0.979173
-0.979173
-0.312404
0.667469
0.667469
0.667469
0.667469
0.667469
0.408529
0.408529
-0.566812
-0.118082
0.303471
-0.614698
-1.23904
-1.23904
-0.044362
0.599495
-0.540437
-0.138909
-0.181955
-1.09648
-1.09648
-1.09648
-1.09648
-1.09648
-1.5429
-1.5429
-1.73169
-1.73169
-1.73169
-1.59547
-2.07061
-2.18634
-1.6239
-1.26965
-1.26965
-0.269253
0.841706
0.355839
0.809138
0.809138
0.384424
0.384424
-0.799692
-0.799692
-0.155511
-0.155511
-0.128396
-0.128396
-1.07103
-0.900837
-0.900837
-0.111492
-0.545973
-0.545973
-0.545973
-0.545973
0.151421
0.151421
-0.749005
0.362526
0.362526
1.09984
2.17459
2.3746
2.3746
1.17642
2.04827
1.68971
1.68971
0.516615
0.516615
0.212615
0.212615
0.212615
0.212615
0.212615
-0.205926
-1.04866
-1.04866
-1.04866
-1.04866
-1.04866
-0.7323
0.322472
0.322472
0.322472
-0.651745
-0.651745
-0.905126
-0.179523
-0.179523
-0.179523
-0.179523
-0.179523
-0.179523
-0.179523
0.00125579
0.00125579
0.00125579
0.00125579
-0.651531
-0.651531
-0.968609
-0.440424
-1.05643
0.0396871
0.0396871
0.0396871
0.0396871
0.0396871
0.0396871
0.0396871
0.0396871
0.0396871
0.0396871
0.0396871
0.0396871
0.0396871
0.0396871
0.0396871
0.0396871
-0.359682
-0.359682
-0.359682
-0.359682
-0.0485575
-0.0485575
-0.0485575
-0.863899
0.192199
0.192199
0.192199
0.192199
0.192199
0.192199
0.192199
0.192199
0.192199
0.192199
0.192199
0.192199
0.192199
0.192199
0.192199
0.192199
0.192199
0.192199
0.192199
0.192199
0.192199
0.192199
0.192199
0.192199
0.192199
0.192199
-0.291565
0.280964
1.42293
1.42293
0.619735
0.759737
0.759737
0.759737
0.812984
0.812984
1.41373
1.41373
0.996113
0.996113
1.64007
1.64007
1.86992
2.59825
1.82326
1.82326
1.82326
0.752799
1.00074
1.51827
1.51827
1.51827
1.51827
1.51827
1.51827
1.51827
0.700451
0.700451
0.700451
0.550661
0.550661
0.81013
0.412544
0.412544
0.412544
0.976148
1.46207
1.46207
1.71116
1.71116
1.71116
0.643132
-0.398859
-0.398859
-0.398859
-0.398859
-0.398859
-0.398859
-0.398859
-0.398859
-0.398859
-0.398859
-0.398859
-0.398859
-0.398859
-0.267846
0.176489
-0.504821
0.375085
-0.246462
-0.246462
-0.940152
-1.11158
-0.563389
-0.675814
-1.11497
0.020377
0.020377
-0.841992
-0.841992
-1.20034
-1.20034
-1.88761
-1.88761
-0.755616
0.387053
0.387053
-0.522904
-0.522904
-0.522904
-0.522904
0.369724
-0.461148
-1.021
-1.021
-1.021
-0.773421
-0.773421
-0.773421
-0.700073
-0.431872
-0.879635
-0.879635
-0.879635
-0.640249
-0.640249
-0.640249
0.373512
0.468924
0.468924
0.468924
0.468924
0.468924
0.0836947
0.884638
0.884638
0.884638
1.5613
0.833201
0.354144
0.427743
-0.180207
-0.180207
-0.179328
-0.179328
-0.179328
-0.179328
-0.179328
-0.275521
-0.275521
0.135022
0.135022
0.135022
0.135022
0.135022
0.135022
0.135022
-0.182315
-0.182315
-0.182315
-0.182315
-0.0795677
-0.0795677
-0.0795677
-0.0795677
0.869887
0.869887
0.771583
-0.0389427
-0.0389427
-0.0389427
-0.0389427
-0.0389427
-0.869892
-0.0815637
-0.0563745
-0.660698
0.383793
-0.740323
-1.60393
-1.60393
-1.60393
-1.60393
-0.759704
-0.759704
-0.759704
-0.759704
-0.759704
-1.11915
-1.11915
-1.11915
-1.11915
-0.23566
-0.384383
-0.384383
-0.384383
-0.384383
0.753174
-0.30143
-0.670643
-0.670643
-0.497493
0.481232
0.481232
-0.446534
0.140197
0.140197
-0.516083
-0.516083
0.185242
0.0456992
0.0456992
0.695181
-0.466797
-0.466797
-0.466797
-0.466797
-0.985085
-0.985085
-1.22212
-1.22212
-0.521799
-0.521799
-1.07754
-0.771323
-0.771323
-0.771323
-0.771323
-0.771323
0.327135
0.327135
0.327135
1.2212
1.2212
0.638365
0.638365
0.638365
-0.150803
-0.150803
-0.150803
-0.499299
0.251249
-0.926057
-1.14514
-1.14514
-1.14514
-1.08429
-0.502006
-0.502006
-0.502006
-0.502006
-0.502006
-0.502006
-0.48843
-0.48843
0.572252
0.572252
0.572252
0.572252
0.572252
0.572252
0.572252
0.572252
0.0835314
0.271436
-0.566936
0.508149
-0.114606
-0.0816254
-0.0816254
-1.11875
-0.587966
-0.587966
-0.794582
-0.794582
-0.794582
0.167084
0.167084
0.167084
0.167084
0.499744
0.499744
0.743652
0.0341589
0.0341589
0.0341589
0.0341589
0.0341589
0.617993
0.617993
0.193051
-0.485552
-0.781673
-0.781673
-0.781673
0.148619
0.148619
0.148619
-0.786436
-0.786436
-0.786436
-1.01371
-1.01371
-0.0297634
0.000700183
0.000700183
0.000700183
0.000700183
0.000700183
0.000700183
0.000700183
0.000700183
0.301814
0.37725
0.37725
0.37725
0.37725
0.37725
0.37725
0.37725
-0.0498434
-0.0498434
-0.0498434
-0.0498434
-0.0498434
0.646068
0.247982
0.247982
-0.710805
-0.710805
-0.710805
-0.710805
0.0885031
0.0885031
0.0885031
0.0885031
0.0885031
0.0885031
0.0885031
0.0885031
0.0885031
0.0885031
0.0885031
-0.926625
-0.450233
0.250086
0.250086
0.250086
0.250086
0.250086
0.250086
-0.816097
-0.837977
-0.837977
-0.837977
-1.57482
-1.66358
-1.218
-1.218
-1.15075
-1.02672
-2.04971
-1.58146
-1.48749
-1.48749
-1.6732
-1.27256
-1.89668
-1.73716
-0.688421
0.329889
0.0555115
-0.352859
-0.352859
-0.352859
-0.352859
-1.15421
-1.15421
-0.093755
-0.093755
-0.093755
-0.093755
-0.845532
-0.888479
-0.888479
-0.817159
0.353144
0.353144
0.353144
-0.390511
0.175736
0.175736
0.175736
0.175736
0.175736
0.406386
0.406386
0.406386
0.406386
0.406386
-0.18462
0.918172
0.918172
0.0209578
0.0209578
0.0209578
-0.0456467
-0.160457
-0.675903
-0.675903
-0.675903
-0.675903
-1.39064
-1.39064
-1.39064
-1.39064
-0.847973
0.314681
-0.483995
0.00790118
0.00790118
0.00790118
-0.962892
-0.65694
-0.0941136
-0.0941136
-0.0941136
-0.0941136
-0.257848
0.568319
0.270325
0.270325
0.571835
0.571835
-0.602293
-0.602293
0.372617
-0.693835
-0.693835
-0.693835
-0.35028
0.171912
0.171912
0.0599643
0.492971
0.492971
0.492971
0.492971
0.0534993
1.22336
1.22336
1.22336
1.22336
1.22336
1.26269
1.41344
1.05038
0.258922
-0.846374
-0.846374
-0.645636
-0.645636
-0.645636
-0.890658
0.043491
0.043491
0.043491
0.043491
0.043491
0.328549
0.328549
0.328549
0.328549
0.328549
0.328549
0.815567
0.815567
0.815567
0.815567
-0.238619
-0.238619
-0.810712
-1.25925
-1.25925
-1.97305
-1.97305
-1.97305
-1.48497
-2.25229
-1.1691
-1.38722
-1.84953
-0.676866
-0.676866
-0.676866
-0.676866
-0.524501
-0.524501
-0.524501
-0.472615
-1.34116
-0.359837
-0.853754
-1.00882
-1.00882
-0.563619
0.468631
1.57045
1.57045
0.489582
0.489582
0.489582
0.845592
0.845592
0.845592
0.845592
0.320121
0.309027
1.33508
1.55192
1.55192
1.55192
0.389779
0.389779
0.389779
0.389779
0.389779
0.389779
0.389779
0.389779
0.389779
0.389779
0.389779
0.389779
0.389779
0.389779
0.389779
0.389779
0.389779
0.389779
0.0417729
1.05096
0.296396
0.296396
0.998153
0.998153
0.621604
0.151447
-1.0203
-0.528947
-0.528947
-0.528947
-1.48287
-0.293633
0.236579
0.236579
1.28542
1.15136
1.07021
-0.078684
-0.958907
-0.504114
0.0738656
0.0738656
0.0738656
-0.66556
-0.66556
-0.66556
-0.66556
-0.698218
-0.698218
-0.698218
-1.05733
-1.78313
-1.58188
-1.58188
-2.03454
-2.78314
-1.96291
-1.96291
-0.928697
-0.928697
-0.928697
-0.928697
-0.928697
-1.25438
-1.25438
-1.25438
-1.25438
-1.23369
-1.41337
-1.41337
-1.41337
-0.242106
-0.242106
-0.242106
-0.242106
-0.242106
-0.242106
-0.242106
-0.628956
0.282585
0.282585
0.201718
0.00477635
-0.514646
-0.514646
0.158709
0.158709
0.158709
-0.734839
-0.734839
-0.734839
-0.734839
-1.33349
-1.33349
-1.33349
-1.45582
-1.45582
-1.45582
-0.787024
-0.787024
-1.06865
-1.06865
-2.1023
-1.09264
-0.278139
-0.278139
-0.278139
-0.556017
-0.556017
-0.556017
-0.556017
-0.732449
-0.732449
-0.732449
-0.732449
-0.35457
0.773876
0.773876
-0.0541678
-0.149964
-0.149964
-0.0163802
0.946557
0.904438
0.904438
0.120787
0.120787
0.120787
-0.161076
-0.161076
-0.161076
-0.161076
0.886954
0.886954
0.886954
0.886954
0.886954
0.886954
0.886954
0.886954
-0.154515
-0.154515
-0.154515
-0.303992
0.0149935
0.0149935
0.0149935
0.0149935
0.0149935
-0.745996
-0.220069
-0.220069
-0.220069
0.393181
1.04307
1.04307
1.04307
0.43221
-0.677655
-1.3409
-1.3409
-0.450633
0.186743
-0.00221765
-0.00221765
-0.00221765
0.59151
-0.135813
-0.135813
-0.135813
-1.2392
-1.42194
-0.347186
-0.347186
-0.347186
-0.729391
-1.90012
-2.07535
-2.37464
-2.16739
-1.07505
-0.687339
-0.258138
-0.258138
-0.258138
-0.258138
-0.258138
-0.404875
-0.404875
-0.404875
-0.570998
-0.835055
-0.835055
-0.835055
-0.835055
-0.700523
-0.700523
-0.700523
0.155706
0.155706
0.155706
0.155706
0.155706
0.155706
0.155706
0.155706
0.155706
0.155706
0.402293
1.0637
1.99989
1.1139
0.429581
-0.702459
-0.702459
-1.04385
-0.428375
-0.428375
-1.26298
-0.380134
-0.380134
-0.380134
-0.380134
-0.292342
-0.292342
-0.292342
-1.4224
-1.4224
-2.55279
-2.55279
-2.55279
-2.55279
-2.55279
-1.86799
-0.85822
-0.85822
-0.85822
-0.303187
-0.303187
-0.779234
-0.779234
-0.779234
-0.779234
0.0333153
0.0333153
0.4607
0.664048
0.664048
0.056113
0.056113
0.056113
-0.427299
-0.427299
-0.883843
-0.883843
-0.883843
-0.883843
-0.883843
-1.01427
-1.01427
-0.752636
-0.752636
-0.752636
-0.752636
-0.752636
-0.0613491
-0.0613491
-1.16172
-0.694092
0.444021
0.444021
0.444021
0.444021
0.444021
0.718523
0.718523
0.718523
-0.411776
0.0954069
0.0954069
-0.0220858
-0.227816
-0.767374
-0.767374
0.317475
1.19112
0.467673
0.195888
-0.556653
-0.556653
-0.195196
-0.195196
-0.195196
-0.195196
-0.195196
-0.195196
-0.195196
-0.195196
0.731733
0.731733
0.731733
0.731733
0.731733
0.731733
0.731733
0.731733
0.461381
0.461381
0.950701
0.950701
0.285
0.285
-0.8904
-0.0188898
-0.0188898
-0.618361
-0.618361
-0.618361
-1.73842
-1.41733
-1.30084
-1.61523
-1.61548
-1.39478
-2.01264
-2.42012
-2.42012
-2.13541
-1.29627
-0.738306
-0.738306
-0.738306
-1.25932
-1.35383
-1.35383
-0.408149
-0.408149
-0.408149
-0.408149
-0.408149
0.516206
0.516206
0.516206
0.516206
0.516206
0.516206
0.516206
0.516206
0.516206
1.21401
1.21401
1.79163
1.48659
1.42611
1.42611
1.42611
1.42611
1.14103
1.14103
0.820192
0.820192
0.820192
-0.0450722
-1.14798
-0.367885
-0.190799
0.135641
-0.506554
0.472536
0.775747
-0.343267
-0.0636954
-0.0636954
0.414995
0.414995
-0.00126673
-0.994027
-1.66587
-1.66587
-2.23901
-1.50336
-1.80091
-1.75105
-0.922327
-0.922327
-0.922327
-0.922327
-0.922327
-0.0500981
-0.0500981
-0.123
0.109574
0.572631
-0.53247
-0.53247
-0.53247
-0.53247
-0.53247
-0.53247
-0.53247
-0.53247
-0.53247
0.0028011
0.0028011
0.959478
0.959478
0.959478
0.959478
0.349805
0.426955
-0.681478
-1.01301
-0.463805
-0.718992
0.250869
0.250869
1.44403
0.317447
-0.500254
-0.879314
-0.732994
-0.15889
-0.15889
-0.15889
0.798608
0.798608
0.798608
0.798608
0.579
0.579
-0.221837
-0.221837
-0.221837
-0.221837
-0.221837
-0.221837
-0.221837
-0.0260418
-0.0260418
-0.0260418
-0.0260418
-0.0260418
-0.0260418
-0.0260418
-0.0260418
-0.0260418
0.0286542
0.0286542
-0.395896
-0.282672
-0.282672
-0.282672
0.225674
-0.784128
0.378895
0.735023
1.26843
1.26843
1.26843
1.27395
0.687363
0.687363
1.15836
1.15836
0.243171
1.32035
0.576443
0.576443
0.576443
0.576443
0.300092
0.300092
-0.226411
-0.226411
-0.683293
0.328523
-0.199807
-1.31575
-1.8762
-1.85271
-0.747132
-1.67166
-0.999671
-0.999671
-0.999671
-1.52606
-2.29979
-3.4046
-3.4046
-3.75517
-2.81223
-2.81223
-2.81223
-2.81223
-3.98461
-3.98461
-3.6668
-3.57814
-2.61626
-2.46504
-2.46504
-2.46504
-2.46504
-1.92271
-1.08993
-1.08993
-1.3296
-1.3296
-1.09354
-0.964977
-1.92599
-2.78499
-2.78499
-1.68828
-2.25145
-2.25145
-2.25145
-2.25145
-2.25145
-1.72343
-1.03671
-1.03671
-0.746755
-0.746755
-0.746755
-1.43389
-1.43389
-1.77894
-1.77894
-2.70051
-1.77897
-1.77897
-1.77897
-1.77897
-2.25697
-1.58744
-2.17387
-2.46061
-2.46061
-1.30651
-0.5746
-0.5746
-0.5746
-0.266166
-0.266166
-0.266166
-0.266166
-0.669832
-0.669832
-1.46596
-1.46596
-1.08472
-1.08472
-1.08472
0.0127382
-0.245979
0.082137
0.082137
1.19246
1.19246
1.42369
1.42369
0.469047
-0.368555
-0.368555
-0.368555
-0.368555
-0.368555
-0.368555
-0.368555
-0.569777
-0.108306
-0.108306
0.95569
1.31424
1.31424
0.425807
0.220017
0.220017
0.220017
0.220017
0.220017
0.220017
0.220017
0.220017
0.220017
0.220017
0.220017
0.220017
0.220017
0.220017
0.220017
0.220017
0.220017
0.220017
0.220017
-0.484843
0.66806
1.35856
0.956356
0.797319
0.653906
0.653906
-0.392103
-0.203105
-0.203105
-1.31559
-1.56363
-1.19971
-0.251318
0.857807
0.857807
1.60238
1.67812
1.7023
1.7023
2.24965
1.05156
0.983137
1.78457
1.78457
1.78457
1.38225
0.258312
0.258312
0.258312
0.434227
0.434227
0.434227
0.434227
-0.667266
0.433131
0.433131
0.433131
1.03289
1.03289
1.03289
1.05515
1.05515
0.266659
0.266659
0.266659
1.36601
1.36601
0.851374
0.851374
0.121759
0.121759
1.29541
1.29541
1.29541
2.45164
2.45164
1.66621
0.871112
0.630235
0.630235
1.04667
0.360161
0.360161
1.13998
0.124243
0.124243
1.0515
1.0515
1.0515
0.828647
0.828647
1.68939
1.27645
0.478253
0.407234
-0.5153
-1.29196
-1.29196
-0.355941
-1.05322
-1.05322
-1.13341
-1.13774
-1.13774
-1.92334
-1.92334
-1.49027
-1.62387
-1.54336
-1.51531
-1.51531
-0.515462
-1.48148
-1.48148
-1.48148
-0.441354
-0.0908001
-0.0908001
-0.758531
-1.63695
-1.24977
-1.24977
-1.50189
-1.50189
-0.466249
-1.28895
-1.9493
-1.9493
-1.9493
-1.6128
-0.441602
0.0712749
0.0712749
0.0712749
0.0712749
0.0712749
0.0712749
0.0712749
0.0712749
0.0712749
-0.539893
-0.539893
-0.539893
-0.539893
-0.539893
-0.17725
-1.18025
-0.110998
-0.84052
-0.84052
-0.84052
-0.84052
-0.267896
-0.31967
-0.31967
-0.31967
-0.31967
-0.31967
-0.31967
-0.31967
-0.31967
-0.31967
-0.31967
-0.31967
-0.31967
-0.31967
-0.889573
-0.215593
-0.215593
-0.215593
0.952788
0.518099
0.518099
0.518099
0.518099
0.447751
0.447751
0.0743049
0.0743049
-0.699108
-0.699108
-1.6796
-2.06767
-2.06767
-1.04219
-1.04219
-0.488744
-1.25356
-1.49171
-1.86455
-1.86455
-1.92235
-0.826361
-0.826361
0.232461
0.649533
0.649533
0.649533
0.649533
-0.132817
-1.17086
-1.17086
-0.359034
-0.768534
-0.0540066
-0.0540066
-0.0540066
-0.0540066
-0.227838
0.0542406
0.0542406
0.0542406
-0.784828
-0.784828
-0.0809848
-0.948558
-0.74272
-0.74272
-0.74272
-0.74272
-0.74272
0.169523
0.169523
0.169523
0.169523
0.169523
-0.942762
-0.344193
-0.344193
-0.344193
-0.344193
-0.344193
-1.46738
-1.46738
-1.46738
-1.46738
-1.46738
-1.32211
-1.32211
-0.423557
0.555088
0.555088
0.0591772
0.0591772
0.0591772
-0.992305
-1.83315
-1.83315
-1.83315
-1.83315
-1.83315
-0.887101
0.211442
-0.697225
-0.697225
-0.697225
-0.697225
0.201942
-0.164688
-0.164688
-0.563519
-0.563519
0.485812
0.485812
0.485812
0.485812
0.485812
0.485812
0.485812
0.485812
0.485812
0.485812
0.485812
-0.00684855
-0.00684855
-0.110236
-0.110236
-0.110236
-0.110236
-0.110236
-0.110236
-0.110236
-0.110236
-0.110236
0.529248
0.913086
0.913086
0.913086
0.913086
0.913086
0.913086
0.0724192
0.0724192
1.03503
1.03503
1.03503
1.03503
1.75977
2.18115
2.18115
2.18115
2.67602
2.67602
2.67602
2.67602
2.22536
2.22536
1.2856
1.87128
1.03645
1.03645
1.93419
1.00004
1.34141
1.2996
1.2996
1.00027
1.00027
0.556431
0.633619
0.579897
0.367375
0.367375
1.1602
1.1602
1.82973
0.842103
0.842103
0.734958
0.734958
0.21062
0.21062
0.21062
-0.504138
-0.504138
-0.504138
-0.504138
-1.29974
-1.35137
-1.35137
-1.021
-1.021
-1.021
-1.021
-1.31734
-0.223677
-0.223677
-0.620805
-0.620805
-0.620805
0.203585
0.203585
0.203585
-0.260489
0.903837
0.903837
0.454842
0.454842
0.454842
0.454842
-0.605985
-0.547664
0.375195
0.375195
0.375195
0.375195
0.375195
-0.0442553
-0.0442553
-0.00514519
-0.00514519
-0.00514519
-0.00514519
-0.00514519
-0.940707
-0.940707
-0.428985
0.180454
-0.876109
-0.876109
-0.876109
-0.876109
-0.876109
-0.876109
-0.202779
0.659645
0.659645
0.110839
0.511617
0.511617
0.511617
0.45424
0.45424
1.22652
1.22652
1.22652
1.22652
1.28126
0.995594
0.995594
0.339196
0.339196
-0.422642
0.0132977
0.382416
0.776035
0.776035
0.776035
0.776035
-0.306355
-0.306355
-0.306355
0.824366
0.68258
-0.0993446
0.28381
0.28381
-0.376726
-0.376726
-0.368639
-0.368639
-0.368639
-0.368639
0.0490565
0.0490565
0.0490565
0.0490565
0.0490565
0.0490565
0.0490565
-0.835488
-0.835488
-0.828446
-1.04478
-0.392577
-0.462888
-0.841135
-0.841135
0.191975
0.870516
0.870516
0.870516
0.383523
0.383523
0.383523
-0.325331
-1.2032
-0.145237
-1.02103
-0.477246
-1.10853
-1.82724
-1.82724
-1.66375
-1.66375
-1.66375
-1.74517
-2.14145
-1.66022
-1.66022
-0.663561
-0.663561
0.438575
0.438575
0.438575
0.438575
0.438575
0.438575
0.870936
0.870936
0.837617
1.84979
1.84979
1.84979
1.88679
2.09695
1.36558
1.81788
0.912381
0.912381
1.16076
0.0546894
0.521071
-0.0585777
0.638795
0.638795
0.638795
-0.0999117
-0.0999117
-0.0999117
0.952225
0.078033
-0.614856
-0.648528
-0.648528
-0.648528
0.202233
0.202233
0.202233
0.202233
0.202233
0.27437
0.27437
-0.250392
-0.250392
-0.250392
0.756506
0.756506
-0.357131
-0.735242
-0.735242
-0.303126
-0.303126
-0.303126
-0.303126
-0.665448
-0.665448
-0.665448
-0.157875
-0.648743
-0.648743
-0.648743
0.172802
0.172802
0.172802
1.17718
0.106852
0.788251
0.788251
0.788251
1.0774
1.0774
1.0774
1.0774
1.0774
1.0774
0.49695
0.49695
-0.561063
-0.561063
-0.561063
-0.561063
0.411428
0.411428
0.411428
0.411428
0.411428
1.1046
0.197021
0.197021
-0.642079
-0.642079
-0.642079
-0.642079
-0.642079
-0.642079
-0.642079
0.339796
0.339796
0.339796
0.339796
0.339796
0.339796
0.339796
-0.0238663
-0.0238663
-0.0670667
-0.0670667
-0.0670667
-0.0670667
0.370137
0.370137
-0.560341
-0.560341
-0.612484
-0.612484
-0.969587
-0.969587
-0.969587
-0.969587
-0.969587
-0.969587
-0.969587
-0.0652961
0.751903
1.6511
1.6511
0.892072
0.892072
0.892072
-0.149341
-0.149341
-0.149341
-0.149341
-0.149341
-0.149341
-0.518218
-0.518218
-0.518218
0.0310069
0.555729
0.933366
1.31416
0.755263
0.788228
-0.00528132
-0.00528132
-0.00528132
-0.00528132
-0.00528132
-0.00528132
-0.00528132
0.87293
0.87293
0.87293
0.87293
0.74055
0.0722393
0.0722393
0.756606
-0.150611
-1.08116
-0.608879
-0.608879
-0.608879
-0.608879
0.044177
0.044177
0.044177
-0.0479015
-0.0479015
-0.278768
-0.278768
0.700979
-0.122857
-0.122857
-0.122857
-0.102073
-0.102073
-0.102073
-0.102073
-0.750854
-0.656517
-1.29806
-1.64461
-0.683504
-0.436658
0.355013
0.355013
0.355013
-0.60389
-0.848123
0.0924701
0.0924701
0.0924701
0.0924701
0.0924701
0.0924701
0.317396
1.24397
2.22881
2.81053
2.00614
2.00614
2.00614
0.998093
0.998093
0.996102
0.02296
0.77106
0.77106
-0.369891
-0.369891
-0.22615
0.803052
0.803052
1.28091
1.28091
1.28091
1.64002
1.64002
2.51332
2.51332
1.75764
1.97802
2.28476
1.78518
1.78518
1.78518
1.78518
1.66843
1.20592
1.20592
1.20592
1.20592
1.20592
1.4177
1.4177
2.51979
1.70969
0.933943
0.352504
1.31706
1.31706
1.31706
1.31706
1.31706
1.67928
1.26353
1.26353
1.26353
2.43269
1.5769
1.5769
1.56976
1.56976
0.709536
0.709536
-0.369687
0.556278
0.556278
0.556278
0.971121
1.42528
0.320964
0.320964
-0.838012
0.334918
0.334918
0.93377
0.93377
0.295201
-0.878033
-0.878033
0.222435
-0.243329
-1.25084
-1.42369
-0.462082
-0.462082
-0.462082
-0.462082
-0.1215
-0.745026
-0.396963
-0.518302
-0.518302
-1.56693
-0.812829
-0.812829
0.194265
0.194265
0.194265
-0.00454513
-0.00454513
-0.00454513
-0.00454513
-0.00454513
-0.00454513
-0.00454513
-0.00454513
-0.00454513
-0.00454513
0.73992
-0.426423
-0.426423
-0.426423
0.53246
0.445645
0.445645
0.445645
0.445645
0.445645
0.445645
1.36488
1.36488
1.38285
1.52029
1.61863
1.61863
1.61863
0.716099
-0.110981
-0.312149
-0.312149
-0.312149
0.867253
0.867253
-0.244916
-0.244916
0.741167
0.741167
0.741167
0.741167
0.741167
0.741167
0.741167
0.741167
0.741167
0.741167
-0.419382
-0.419382
-0.419382
-0.786442
-0.786442
-0.786442
-0.96896
-0.96896
-0.96896
-0.96896
-0.0948248
0.533322
-0.38299
-0.38299
-0.38299
-0.173586
0.886199
-0.233829
-1.20701
-1.88043
-1.49819
-1.83403
-1.83403
-1.2413
-0.076063
-0.076063
-0.507016
-0.507016
0.0624574
-0.46492
-0.46492
-0.0346484
0.986711
0.212124
0.253798
0.253798
-0.0864233
-0.0864233
0.351703
0.351703
-0.080003
-0.080003
-0.080003
-0.080003
0.908546
0.908546
0.908546
-0.131901
-0.131901
-0.131901
-0.131901
-0.190717
-1.021
-0.89686
-0.89686
-0.213049
-0.213049
0.686864
0.686864
0.686864
0.686864
0.686864
0.686864
0.686864
-0.343768
0.505985
0.505985
0.505985
0.505985
0.505985
0.505985
0.505985
0.94175
0.94175
0.416271
0.416271
0.416271
0.416271
-0.462112
-0.462112
-0.989063
-0.427634
-0.408694
0.403083
0.403083
0.403083
-0.339506
-0.339506
-0.339506
-0.339506
-0.339506
0.0653997
0.841354
0.560589
0.560589
0.892227
1.49518
1.49518
0.631087
-0.4722
-0.621668
-0.621668
-0.621668
0.382315
1.33169
0.423608
1.50244
1.50244
0.615197
0.615197
0.223958
0.223958
1.07202
1.07202
1.07202
0.0385173
-1.05636
-1.05636
-0.826395
-0.826395
-1.16459
-1.16459
-1.42201
-1.42201
-0.529981
-1.07187
-0.0618651
0.646909
0.646909
0.646909
0.646909
0.646909
-0.311476
0.48732
0.48732
-0.0800002
-0.197063
-0.197063
0.373713
0.373713
0.373713
0.373713
0.373713
0.373713
0.373713
-0.780542
-0.780542
0.142791
-0.124618
-0.124618
-0.124618
-0.124618
-0.124618
-0.124618
-0.124618
-0.124618
0.20435
0.20435
0.20435
0.20435
0.20435
0.20435
0.20435
0.20435
0.707132
0.707132
0.707132
0.707132
-0.243081
-0.809235
-0.809235
-0.809235
-0.554373
-0.554373
-0.594578
-0.412235
-0.412235
-0.412235
-1.23642
-1.3285
-1.3285
-0.399693
-1.42093
-0.346876
-0.346876
-0.346876
-0.706879
-0.706879
-0.931654
-2.02455
-2.02455
-2.02455
-2.02455
-2.78475
-2.82136
-1.65655
-0.898233
-1.07899
-1.07899
-1.07899
-1.07899
-1.07899
-1.07899
-1.07899
-1.07899
-0.654471
-1.78383
-1.34195
-1.34195
-1.34195
-1.34195
-0.518842
-0.518842
-0.518842
0.165277
0.698985
0.698985
0.698985
0.698985
-0.233993
-0.233993
-0.233993
0.252575
0.252575
0.252575
0.252575
0.252575
-0.254902
-0.254902
-0.781216
-0.781216
-0.781216
0.224033
0.224033
0.224033
-0.854556
-0.854556
-0.854556
-0.854556
-0.72461
-1.22408
-1.22408
-0.738879
-0.738879
-0.476546
-0.492203
0.286924
0.286924
0.286924
0.286924
-0.126144
-0.126144
-0.126144
-0.126144
-0.126144
-1.15953
-1.15953
-0.489562
0.630296
0.630296
0.692834
-0.207568
-0.0597324
-0.0597324
0.42279
0.42279
0.42279
0.628843
0.267928
0.267928
0.685615
0.758725
-0.0138993
-0.162853
0.812458
0.812458
0.812458
-0.0225164
-0.792944
-0.191231
-1.10802
-0.903451
-0.903451
-0.903451
-0.00349628
-0.00349628
-0.00349628
-0.659093
-0.659093
-0.0655799
-0.0655799
-0.0655799
0.236971
0.236971
0.236971
0.236971
0.236971
0.874271
-0.0973437
-0.118308
-0.00173089
-1.16814
-1.16814
-1.16814
-1.07834
-0.401437
-1.07476
-0.974801
-1.5637
-2.36374
-3.50646
-3.47478
-2.87379
-3.46766
-4.12776
-3.11759
-2.1878
-1.80561
-1.80561
-1.80561
-1.06599
-1.06599
-1.27697
-1.27697
-1.27697
-0.592312
-0.592312
-0.592312
-0.592312
-1.5531
-1.76087
-1.76087
-2.90565
-3.72805
-3.72805
-2.59885
-2.02501
-2.02501
-2.11323
-0.981773
-0.215491
-0.215491
-0.215491
-0.215491
0.688294
-0.0555209
-0.0555209
-0.0555209
-0.745096
-0.0679783
-0.0318305
-0.0318305
-0.090018
-0.090018
-0.877387
-0.877387
-2.0252
-2.27335
-2.32129
-2.32129
-2.32129
-2.57868
-2.57868
-3.05863
-3.05863
-3.26448
-3.33312
-2.48258
-2.48258
-2.3605
-2.09348
-2.09348
-1.94628
-1.16091
-0.861504
-0.861504
-0.861504
-1.26301
-2.19243
-1.30376
-1.30376
-0.656188
-1.61268
-1.03441
-1.11439
-1.11439
-0.253531
-0.253531
-0.253531
-0.253531
-0.8518
-0.814343
0.0416279
1.23388
0.157808
-0.855173
-0.855173
-0.855173
-0.638614
0.402229
0.402229
0.402229
-0.159739
-0.140772
0.757917
0.757917
0.757917
1.82039
1.82039
0.739703
-0.0270702
-0.0270702
-0.0270702
-0.0270702
-0.0270702
-0.0270702
-0.634906
-0.634906
0.134664
0.134664
-0.0666282
-0.0666282
-0.0666282
-0.0269849
-0.973253
-0.973253
0.0586564
0.0586564
0.0586564
1.01646
1.01646
0.326882
1.41546
1.41546
1.41546
1.41546
1.41546
1.41546
2.32625
2.32625
1.5922
1.5922
2.66801
1.90656
1.58092
1.77568
1.84556
1.50589
0.99222
0.99222
0.99222
0.99222
1.28706
0.124761
0.124761
0.124761
0.124761
1.08781
1.08781
0.835863
0.13848
-0.944354
-0.944354
-0.944354
-0.252075
0.871
0.155118
0.155118
-0.844992
-0.759151
-0.759151
0.257206
0.257206
-0.843112
-1.32268
-0.253952
-0.253952
0.285362
0.285362
0.198941
-0.330923
-0.330923
-0.330923
-0.330923
-0.330923
-0.330923
-0.330923
-0.330923
-0.330923
-0.330923
-1.09328
-0.312384
-0.312384
0.606327
0.737655
0.400091
1.21319
1.16932
0.634445
0.634445
0.61593
1.65964
2.23953
2.23953
2.83269
2.19033
1.88626
1.58605
1.58605
1.58605
1.32237
1.32237
0.44863
0.44863
-0.430079
-0.30108
-1.12165
-1.12165
-1.12165
-0.56523
-0.894095
0.0747041
-0.61477
-1.65266
-1.65266
-1.65266
-1.1517
-1.1517
-0.13911
-0.760462
-0.760462
-0.196732
0.72518
0.717947
0.717947
0.320775
-0.627592
-0.391757
-0.391757
-0.391757
-0.391757
0.560505
1.35354
0.898
-0.135816
-0.135816
-0.0449369
-0.0449369
0.843738
0.352779
0.352779
-0.711887
0.132305
0.132305
0.132305
0.132305
1.07972
0.24261
0.24261
1.14393
1.14393
0.570253
-0.612964
-0.339964
-0.134297
-0.134297
0.658905
0.658905
0.0537913
0.0537913
-0.700359
-0.700359
-0.700359
-0.258766
-0.258766
0.10685
-0.00602404
-1.1222
-1.1222
-1.1222
-1.95784
-1.95784
-1.95784
-1.95784
-1.05923
-1.05923
-0.399723
-0.919181
-0.919181
-0.862132
-0.862132
0.000683865
0.000683865
0.432208
-0.197178
0.872247
0.872247
0.985769
1.03435
1.03435
0.092619
0.092619
0.092619
0.092619
-0.913916
-0.913916
-0.913916
-0.382948
-0.382948
-0.382948
-0.382948
-0.0323782
0.818268
0.0578784
-0.861095
-0.861095
-1.11258
-1.11258
-1.11258
-1.11258
-1.08257
-1.08257
-0.0967003
-0.0967003
-0.0967003
-0.0967003
-0.0391809
-0.0391809
-0.0391809
-0.0391809
-0.0391809
-0.0391809
-0.0391809
-0.0391809
-0.0391809
0.467143
0.756975
-0.0887379
0.59545
0.59545
0.0491281
0.0491281
0.0491281
0.0491281
0.0491281
0.0491281
0.0491281
0.886132
-0.286229
-1.16873
-1.16873
-0.823426
-2.01377
-2.01377
-1.24143
-0.714539
-0.714539
-1.7776
-1.59527
-1.48784
-0.417605
-1.2244
-0.899995
-0.292143
-1.05418
-1.05418
-1.4271
-1.4271
-1.4271
-1.4271
-1.67554
-1.65318
-1.65318
-2.20245
-2.20245
-2.74292
-1.67186
-2.28828
-1.78983
-1.78983
-1.78983
-0.789167
-0.789167
-1.44362
-0.692584
-0.692584
-0.692584
-0.692584
-1.03482
-1.06042
-1.87012
-2.37766
-2.44717
-2.89394
-2.89394
-3.03874
-3.03874
-3.03874
-2.00026
-2.39532
-2.48761
-2.48761
-2.48761
-1.39182
-1.75747
-0.757766
-1.87526
-1.87526
-1.87526
-1.87526
-0.704416
-1.18102
-0.0603928
-0.2823
-0.2823
0.258229
0.258229
0.258229
0.258229
0.258229
-0.651743
-0.651743
0.458471
-0.00726991
-0.417317
-0.417317
-0.417317
0.692896
0.0453329
-0.756001
-0.36876
-0.36876
0.558824
0.558824
0.558824
0.558824
0.558824
0.558824
0.558824
0.558824
0.558824
0.558824
0.558824
0.558824
0.558824
0.558824
0.558824
0.0369394
0.0369394
1.111
0.223512
0.223512
0.223512
0.223512
-0.60283
-0.60283
0.0665773
0.0665773
-0.510899
-0.510899
-0.590914
-0.590914
-0.590914
-0.590914
-0.0603188
-0.908335
-0.908335
-0.908335
-0.632813
-1.06044
-1.24159
-1.24159
-1.24159
-0.415362
-0.510241
-0.510241
0.465537
-0.244142
-0.244142
-0.244142
-0.347035
-0.347035
0.808678
0.808678
0.808678
0.808678
0.808678
1.05693
1.05693
1.30641
1.25504
0.22775
-0.46214
-0.46214
-0.0811635
-0.0811635
-0.0811635
-0.0811635
-0.0811635
-0.0811635
-0.678825
-0.678825
-0.678825
0.3771
0.3771
0.3771
-0.747461
-0.340519
-0.340519
-0.340519
-0.16789
0.981584
0.302761
0.302761
1.47633
0.611932
0.611932
0.490629
-0.562192
-0.562192
-0.562192
-0.562192
-0.21794
-0.21794
-0.112683
-0.112683
-0.112683
-0.112683
-0.112683
-0.112683
-0.112683
1.03304
0.248225
-0.921565
-0.369683
-0.369683
-1.21477
-0.480205
-0.881382
0.313947
0.313947
0.313947
0.313947
0.313947
0.313947
0.313947
0.313947
0.941181
0.941181
1.95604
0.981825
1.99372
2.77711
2.77711
1.58435
1.58435
1.58435
1.58435
1.58435
1.58435
1.58435
0.577676
0.465286
-0.013657
0.58634
1.41319
1.41319
0.239249
-0.777325
-0.777325
-1.01865
-0.288085
-0.288085
-0.288085
-0.288085
-0.288085
-0.288085
-0.288085
0.133352
0.133352
0.828583
0.828583
-0.273508
0.460729
0.460729
-0.660665
-0.408316
-0.408316
-0.408316
-0.408316
-0.408316
-0.408316
-0.229044
-0.229044
0.636251
0.636251
0.636251
-0.0123296
-1.13717
-1.13717
-1.13717
-0.122589
-0.921562
-1.58767
-0.646868
-0.223988
-0.223988
-0.223988
-0.223988
0.332423
0.332423
0.332423
0.332423
-0.357015
0.710379
0.710379
0.710379
0.710379
-0.432592
-0.432592
0.330265
0.330265
0.330265
0.582189
0.677375
0.107312
0.107312
-0.159655
-0.159655
-1.22056
-1.22056
-0.273424
-0.273424
-0.273424
-0.273424
-0.110334
-0.110334
-0.110334
-0.356162
-0.356162
-0.356162
-0.356162
-0.356162
-0.356162
-0.417854
-0.417854
0.689278
0.689278
0.689278
0.277692
0.277692
0.807693
-0.222622
-0.222622
-0.222622
-0.222622
-0.222622
-0.222622
-0.222622
-0.222622
-0.222622
0.179806
0.179806
0.179806
1.10188
-0.0606701
-0.0606701
-0.0606701
-0.0606701
-0.0606701
0.395385
0.314813
0.314813
0.699887
0.699887
0.699887
0.699887
-0.222131
-0.222131
-1.24862
-1.24862
-1.24862
-1.68559
-0.615289
-0.615289
-0.615289
-0.615289
0.278196
0.278196
0.278196
0.278196
0.278196
0.278196
0.796795
0.796795
0.796795
0.264613
-0.284428
0.580445
-0.0710381
-0.0710381
0.58657
0.58657
0.58657
0.58657
0.58657
1.08728
0.707453
0.707453
0.707453
1.3722
0.547972
-0.309441
-0.309441
-0.309441
-0.309441
0.793696
1.41973
1.41973
0.501562
0.501562
0.501562
0.501562
0.501562
0.501562
0.501562
0.501562
0.501562
0.501562
-0.629047
-0.629047
-0.629047
-0.629047
-0.629047
-0.0932572
0.105338
0.0487603
0.0487603
-0.27462
-0.0359979
-0.0359979
0.553971
0.164191
0.164191
0.466793
0.466793
1.37308
1.37308
0.215943
0.202395
0.0795703
0.0795703
0.0795703
0.0795703
0.0795703
0.0795703
-0.0833302
-0.0833302
-0.0833302
-0.0833302
-0.0833302
-0.125215
-0.125215
-0.125215
-0.125215
-0.125215
-0.125215
-0.125215
-0.125215
-0.125215
-0.125215
-0.125215
-0.125215
-1.0537
-2.02133
-0.936421
-0.936421
-0.0229724
-0.0229724
-0.0229724
-0.0229724
-0.0229724
-0.0229724
-0.0229724
-0.0229724
-0.0229724
0.219113
-0.5668
-0.5668
-0.797977
-0.797977
-0.797977
-0.797977
-1.03775
-1.03775
-1.03775
-0.11782
-0.11782
-0.11782
0.808491
0.808491
0.987027
0.225925
0.572111
-0.553621
-0.553621
-0.0720331
0.264522
-0.715612
-0.715612
0.121392
0.121392
-0.120388
-0.120388
-0.120388
-1.31069
-1.31069
-1.4154
-0.713908
-0.713908
-0.713908
-0.713908
-0.41252
-0.41252
-0.41252
0.284467
1.0573
0.0205075
0.812975
-0.19439
-0.19439
-0.19439
-0.19439
0.137132
1.01702
1.01702
1.01702
1.01702
0.335385
1.03326
1.03326
0.54055
0.345611
0.345611
0.00181123
-0.31142
-0.31142
-0.834077
-0.173322
-0.173322
0.0668614
0.0668614
0.0668614
0.0668614
0.0668614
0.0668614
0.409731
0.409731
0.880246
0.894741
0.00211033
0.00211033
0.00211033
0.00211033
0.00211033
0.00211033
0.00211033
-0.229814
-0.229814
-0.229814
-0.229814
0.0464217
0.000935345
0.000935345
0.000935345
0.000935345
0.000935345
0.000935345
0.000935345
-0.187958
-0.187958
-0.187958
-0.187958
-1.25376
-1.63024
-1.63024
-1.63024
-0.613998
-0.572609
-0.572609
-1.74276
-1.74276
-1.74276
-2.42344
-2.60302
-2.60302
-1.58742
-1.9846
-1.06868
-0.722218
-0.722218
0.353494
-0.491639
-1.0548
-1.0548
-0.650465
-0.650465
-0.0646864
0.791083
1.07213
1.07213
1.07213
1.07213
0.203871
1.25708
1.44326
1.01269
1.01269
0.37649
0.37649
0.0298692
0.0298692
0.0298692
0.0298692
0.0298692
0.0298692
0.0298692
0.0298692
0.0298692
0.0298692
0.0298692
0.0298692
0.0298692
0.0298692
0.0298692
0.0298692
0.0298692
-0.0550258
-0.0550258
1.08278
0.524392
-0.447178
-0.447178
-0.447178
-0.0531641
-0.0531641
-0.0531641
-0.0239851
-0.0239851
