0
0
0
0
0
0
0
0
0
0
0
0
0
0
0
0
0
0
0
0
0
0
0
0
0
0
0
0
0
0
0
0
0
0
0
0
0
0
0
0
0
0
0
0
0
0
0
0
0
0
0
0
0
0
0
0
0
0
0
0
0
0
0
0
0
0
0
0
0
0
0
0
0
0
0
0
0
0
0
0
0
0
0
0
0
0
0
0
0
0
0
0
0
0
0
0
0
0
0
0
0
0.742789
0.742789
-1.2533
-1.2533
-1.2533
0.17514
2.64384
1.42244
1.42244
1.42244
-0.345725
-0.345725
0.532261
0.532261
0.532261
0.532261
0.532261
2.46968
1.85973
-0.827793
-0.827793
-1.42047
-1.42047
-2.00182
0.267289
0.267289
0.267289
0.267289
1.15866
1.74985
-0.609092
-2.19498
-3.58831
-3.58831
-3.58831
-3.58831
-3.58831
-1.30115
-1.30115
1.13937
3.142
3.142
0.840143
3.12721
3.12721
3.12721
3.12721
3.59008
1.19546
-0.722304
-0.722304
-1.17361
-1.01802
1.38761
-0.453659
-0.453659
0.304736
0.322673
0.322673
0.322673
1.77941
1.77941
1.77941
-0.137029
-1.37301
-0.576054
-0.576054
0.446893
0.446893
-0.0318874
-1.40962
-1.40962
-1.40962
-1.36203
-1.30492
-1.30492
0.0432949
0.0432949
0.0432949
0.0432949
-0.147648
-0.147648
-0.147648
2.5458
2.5458
2.5458
0.769382
0.482885
0.52141
-0.1121
1.13803
1.05904
3.15672
3.15672
1.18384
1.18384
3.26018
3.79452
1.21291
1.81706
1.81706
-0.806377
-1.06335
-1.65705
-1.96999
-2.91692
-2.48318
-0.655637
-0.655637
-0.655637
-0.86122
-0.86122
-0.86122
-0.86122
1.02588
1.02588
1.02588
-0.905629
-0.905629
-2.47181
-0.436708
0.499092
0.499092
0.499092
-1.92744
-0.0789383
-0.0789383
0.0637811
-0.4755
-1.84881
-3.2262
-1.61695
0.00386008
0.00386008
1.41314
1.41314
1.41314
1.41314
1.41314
1.41314
-1.20065
-1.20065
-1.20065
-1.20065
0.729685
0.729685
0.729685
0.729685
0.729685
1.85493
1.85493
0.394306
-0.262463
-0.272272
1.59307
-0.15187
-1.34483
-1.34483
-1.34483
-1.34483
0.461755
0.419222
-0.429233
-0.429233
-0.429233
-0.429233
-0.429233
0.643014
-1.48546
1.13367
-1.19465
-2.0701
-2.0701
-2.0701
-2.0701
0.0409047
-1.86896
-1.86896
0.103468
-0.813487
-2.56535
-2.86163
-2.79073
-1.64067
-0.230724
-0.230724
-0.230724
-0.230724
-0.230724
-0.230724
-0.230724
2.19755
1.48708
1.48708
-0.320765
-1.44617
0.458949
0.343144
-1.90751
-1.90751
-1.73423
0.520552
-1.32823
-2.46679
-3.27478
-1.52897
-1.52897
-1.52897
-0.87899
1.16722
1.16722
-0.668549
-0.668549
-1.99517
-1.99517
-1.3201
-1.3201
0.926512
0.926512
-0.31556
0.00622366
0.00622366
0.00622366
-1.11344
-2.74593
-4.52586
-4.52586
-4.52586
-3.10496
-3.25435
-5.34562
-4.26211
-5.77933
-5.77933
-4.36329
-4.36329
-5.26561
-5.26561
-5.26561
-3.47177
-3.47177
-3.47177
-2.82493
-3.55988
-3.06638
-4.06478
-1.79626
-0.0504839
-0.0504839
-0.0963032
-0.0963032
-0.0963032
-0.0963032
-0.0963032
-0.0963032
-0.0963032
-0.0963032
-0.0963032
-0.812941
-0.812941
-0.812941
-2.17897
-1.08744
-1.08744
-1.08744
-1.08744
-1.44749
-1.55708
-1.55708
-1.55708
0.459063
0.895033
0.895033
0.895033
0.895033
-1.43961
-1.89422
-1.89422
-1.79891
-2.95409
-4.44618
-4.44618
-4.44618
-2.26063
-2.26063
0.254013
-0.870404
0.560051
0.560051
0.560051
-0.904026
-0.904026
-0.904026
-0.787962
-0.787962
1.31116
2.88635
2.12655
0.955264
0.955264
3.20689
3.26432
4.44649
4.44649
3.17556
3.17556
3.87575
3.87575
3.87575
2.80055
2.80055
2.80055
2.80055
2.80055
2.80055
2.80055
2.80055
2.80055
2.80055
1.38362
1.38362
1.07367
1.8833
4.42574
2.07501
2.07501
2.07501
2.07501
1.67296
1.33082
0.735018
0.735018
0.735018
2.70638
1.01553
-0.744879
-0.744879
-0.744879
1.37262
1.37262
1.37262
1.37262
1.37262
-0.199074
1.76918
1.76918
1.76918
1.76918
1.76918
1.76918
2.88532
2.88532
2.88532
0.589145
3.19289
5.86474
4.99665
2.67703
0.24965
0.889109
1.12528
1.12528
3.61371
5.41066
5.41066
5.37094
2.90175
2.00625
2.00625
-0.680624
-1.19794
-1.19794
-2.10134
-2.10134
-2.10134
-2.10134
-2.10134
-2.10134
-2.10134
-2.10134
-2.10134
-1.56436
-3.63604
-3.63604
-2.46431
-4.04108
-4.11511
-4.11511
-4.11511
-4.23198
-1.75891
-1.75891
-2.24617
-2.05391
-2.05391
-2.05391
-0.532558
1.1211
2.58499
2.58499
2.58499
2.23555
2.23555
2.23555
2.23555
-0.40989
-0.40989
-0.40989
-0.40989
1.30821
1.30821
1.79996
-0.431177
2.20621
2.20621
2.94664
1.19366
1.04475
-0.720064
-1.61908
-1.61908
-1.61908
-1.61908
0.328857
-0.829677
0.51621
-2.05406
-3.42222
-3.21164
-3.21164
-3.21164
-3.34107
-3.34107
-3.34107
-4.36216
-3.90321
-3.90321
-5.25217
-6.01169
-6.01169
-6.01169
-6.01169
-3.88512
-3.88512
-4.76077
-2.30311
-2.30311
-0.324469
-2.37877
0.310601
0.310601
0.310601
0.528068
0.290607
0.290607
2.62044
2.62044
2.62044
2.62044
2.62044
1.32769
0.608191
0.608191
0.0789382
0.0789382
0.0789382
0.175567
-2.17133
0.0425569
-1.52513
-1.65282
-1.65282
-1.65282
-1.65282
-1.65282
-1.65282
-2.84119
-2.84119
-2.84119
-2.84119
-2.84119
-2.01488
0.528658
0.528658
2.71106
2.71106
2.71106
0.0946358
0.737972
0.558802
-0.63646
-0.63646
-0.63646
-0.63646
0.892141
0.579554
3.22309
3.22309
3.22309
3.22309
3.22309
5.09636
5.09636
2.43415
2.43415
2.43415
0.489844
-1.09521
-1.09521
-1.09521
0.473769
-0.747358
-0.747358
1.1338
1.1338
-0.220817
-0.220817
-1.7946
-1.7946
-1.7946
-1.7946
-1.7946
-0.433344
-0.433344
0.43639
0.43639
0.43639
0.975674
2.06742
0.194872
0.194872
2.6611
0.738426
0.738426
0.738426
-0.330071
-0.330071
-0.330071
0.0809143
-0.198633
-1.01566
-0.0109441
-0.0109441
-1.60807
0.677983
2.86682
2.28603
1.94784
1.94784
0.77522
0.77522
1.39615
1.90456
2.89917
1.39236
0.924203
-1.0425
-1.0425
-1.0425
0.617284
-1.46891
0.430758
-0.321947
-0.321947
-0.321947
1.6448
3.05575
3.12304
4.66927
4.66927
4.66927
4.66927
3.10456
0.717875
1.42691
1.42691
1.08024
1.08024
1.08024
1.08024
2.19763
2.19763
2.19763
2.19763
1.15988
1.15988
1.1906
1.1906
1.1906
0.787307
0.378981
0.378981
-0.633679
1.87681
1.87681
2.86862
2.30519
0.403784
-1.63752
-1.63752
-1.88933
-0.871935
-0.871935
1.7271
4.1071
4.1071
2.03529
0.211594
0.211594
0.211594
0.211594
0.211594
0.211594
0.516512
0.516512
0.516512
0.393674
0.393674
0.393674
-1.76051
-2.76933
-2.76933
-2.76933
-2.76933
-2.24404
-2.24404
-3.60388
-3.60388
-1.04052
-3.18041
-1.53462
-1.53462
-1.48555
-3.58236
-1.30649
0.693288
0.693288
-1.68396
0.836172
2.51237
2.51237
2.51237
2.26254
4.01796
2.35795
2.35795
4.14965
4.14965
4.14965
4.14965
2.39022
2.39022
0.00662736
0.00662736
0.00662736
-0.705705
-0.705705
-0.705705
-0.705705
-0.705705
-0.705705
-0.705705
-1.19633
-2.80754
-2.80754
-2.44564
-2.44564
-2.44564
-2.44564
-1.76451
-1.76451
-1.76451
0.708005
0.708005
-1.74023
-3.04873
-3.04873
-3.04873
-0.725765
0.844888
2.20951
3.89078
3.89078
3.89078
3.12229
3.29143
2.10133
-0.418032
-0.725999
-0.725999
-0.725999
-0.725999
1.3351
1.3351
1.3351
-0.735661
0.0021871
0.0021871
1.40816
1.40816
1.40816
3.69984
3.55249
3.55249
3.55249
3.55249
1.46762
-0.78601
-0.78601
-0.78601
-0.78601
-0.78601
-2.94851
-0.546372
-1.43949
-1.43949
-1.43949
-1.77357
-2.23401
-2.23401
-2.23401
-0.466804
-1.21875
-1.21875
-2.88864
-4.21169
-2.6571
-2.6571
-2.6571
-0.602112
0.679498
0.397435
0.397435
-0.738022
-0.738022
-0.738022
-0.738022
-0.738022
-0.738022
-0.915853
1.52461
1.52461
1.52461
1.52461
1.52461
-0.326663
-0.326663
0.149953
0.149953
-0.61004
-0.61004
0.450887
0.450887
0.483375
0.483375
0.483375
1.77968
0.509328
0.509328
-1.35368
0.640755
0.0287197
-2.11275
-2.11275
-2.15472
-3.94966
-3.94966
-2.23571
-1.90509
0.756689
0.756689
2.81078
2.81078
1.04531
1.04531
3.08728
3.08728
1.20938
1.83714
1.83714
1.83714
2.02196
2.02196
2.31395
2.31395
0.611813
0.611813
2.38571
4.28053
4.28053
4.28053
4.28053
4.28053
1.8314
0.16979
0.16979
0.16979
0.16979
-0.0198891
0.121136
-1.09157
-1.09157
1.11744
1.11744
1.48167
3.2683
4.3736
4.3736
4.3736
4.3736
4.3736
4.3736
3.85172
3.85172
4.11868
1.53107
1.53107
0.610095
0.610095
-1.71903
-1.71903
0.23514
0.23514
0.23514
0.23514
0.23514
0.23514
0.331554
0.331554
0.331554
-1.91603
-1.91603
-2.28806
-2.28806
-2.28806
-1.57743
-0.632467
-2.59747
-1.29926
-0.178523
-0.178523
-0.320474
-0.427212
-0.427212
-0.427212
-0.364168
-1.69496
-1.71476
-0.547635
-3.22496
-3.22496
-3.22496
-1.29647
0.895618
0.895618
-0.765251
-0.765251
-0.765251
-0.765251
-0.765251
-0.765251
-0.765251
-0.765251
-1.67544
-1.67544
-1.67544
-1.67544
0.171044
-1.18608
-0.0984031
-1.26987
-3.51185
-3.51185
-3.51185
-3.51185
-1.48707
-0.753274
-0.753274
1.58557
1.58557
1.08202
2.24352
2.77375
1.74304
1.74304
-0.606667
-0.606667
-0.00226463
-0.00226463
1.78682
1.78682
1.78682
1.78682
1.78682
2.10876
2.10876
2.10876
2.10876
0.176711
-0.307316
-0.307316
1.55535
0.873031
0.873031
0.873031
0.873031
0.873031
0.873031
0.873031
0.873031
-0.768728
-0.768728
-2.33768
-2.53267
-2.53267
-2.57645
-2.23249
-3.8757
-3.8757
-3.8757
-3.8757
-1.69686
-1.69686
-1.69686
-1.69686
-1.69686
-1.69686
-1.69686
-1.69686
0.940896
0.940896
-1.41774
-1.41774
-1.41774
-1.41774
-1.41774
-0.553665
-0.553665
-0.553665
-0.553665
-0.553665
-1.15928
-1.61242
-0.98122
-2.18522
-2.18522
-2.18522
-2.18522
-1.64764
-1.92608
-1.14448
1.15346
-0.329138
-0.329138
-0.329138
-0.329138
-0.329138
0.1009
0.697866
0.697866
-0.0622279
-0.0622279
-0.0622279
1.66692
1.66692
1.66692
3.73286
1.29231
1.29231
2.31913
2.31913
0.560363
0.560363
0.560363
0.27722
-0.805444
-0.805444
-0.805444
-0.805444
-0.348884
-1.48291
-1.48291
0.645208
3.17821
0.747352
-0.763111
0.235305
1.85556
1.85556
1.85556
1.85556
0.828287
0.577905
0.577905
0.577905
1.24945
1.24945
1.96025
1.35243
0.845488
-0.888393
-1.45232
0.476371
-1.19676
-1.19676
-1.19676
-1.19676
1.37112
1.88651
1.88651
0.369275
-1.75856
-1.85496
-1.08503
-1.08503
-1.08503
-1.08503
-1.08503
1.16288
1.16288
1.16288
1.16288
3.53729
3.53729
3.53729
3.53729
1.39807
1.39807
-0.582238
1.80891
1.80891
1.80891
1.80891
1.80891
1.80891
1.80891
-0.13152
0.516176
0.6521
0.6521
-1.07991
-0.122288
1.22544
1.22544
1.22544
1.22544
1.22544
1.22544
1.22544
1.22544
1.22544
1.22544
1.22544
1.22544
1.22544
1.22544
1.22544
3.16139
2.37039
2.37039
3.65675
2.31897
2.31897
0.0211461
-0.430161
-0.430161
1.28312
1.28312
0.0493806
2.04591
2.04591
2.04591
1.81003
-0.414763
-0.414763
-0.414763
-0.414763
1.04992
-0.430702
1.62344
-0.841298
0.450543
0.450543
0.450543
1.32522
-1.30584
-0.887732
-3.38659
-3.38659
-1.30223
0.916082
3.52286
5.1711
5.07196
5.07196
5.07196
2.72418
2.72418
2.72418
2.72418
3.69538
4.2539
6.1524
3.68696
1.37459
1.37459
1.37459
-0.278691
-2.31972
-4.68748
-5.52434
-5.52434
-5.52434
-6.21814
-5.24332
-6.25504
-3.67238
-3.67238
-5.78748
-5.20073
-2.82851
-0.417852
-2.01222
-3.43963
-3.43963
-3.91138
-3.86547
-3.86547
-3.86547
-3.86547
-1.35424
0.0326206
0.0326206
0.0326206
0.306418
1.47149
1.55818
2.15677
0.582613
0.582613
0.582613
1.84135
1.84135
1.84135
1.84135
1.84135
0.947271
-1.48674
-1.48674
-1.20385
0.795778
-1.25695
-1.25695
-2.43267
0.0681649
-2.28675
-1.52327
-1.88509
-1.88509
-0.920824
-0.122494
-0.122494
-0.0304566
0.98851
-1.30304
-1.30304
-1.8088
-4.39455
-3.56783
-1.0087
-1.0087
-1.5466
0.733379
2.09993
0.767937
0.767937
0.767937
0.767937
0.767937
2.58956
2.58956
1.14179
2.33332
2.33332
2.33332
2.33332
2.33332
1.84067
-0.705917
-0.705917
-0.705917
-0.705917
-0.705917
-0.705917
-0.966783
-1.40346
-1.40346
-1.40346
-1.40346
-1.40346
-1.40346
-0.666257
-0.666257
-0.666257
-0.666257
-0.666257
-0.0955021
-0.0955021
0.42983
2.30659
0.0705192
0.46506
0.46506
0.46506
0.46506
0.46506
0.46506
0.46506
0.0478548
0.0478548
-0.903662
-0.903662
-0.903662
-0.903662
-2.93295
-2.93295
-2.93295
-2.93295
-2.93295
-2.93295
-1.5604
-2.81531
-2.81531
-2.09067
-2.28181
-2.28181
-2.28181
0.383469
0.383469
0.383469
0.383469
0.383469
0.383469
0.383469
0.871507
0.871507
0.871507
0.871507
0.383468
-2.30799
-2.30799
-2.30799
-2.30799
0.0757285
1.90789
-0.309829
-0.309829
-0.744707
-1.08504
-2.08536
-2.08536
0.179716
0.179716
2.31605
1.77683
2.49784
3.49192
3.49192
2.47822
1.94739
3.16389
4.20719
3.00658
3.00658
3.00658
3.77466
3.77466
3.77466
3.77466
2.13732
-0.0589384
-0.0589384
-0.0589384
-1.07424
-1.07424
-0.97692
-1.57114
-1.57114
-2.75535
-5.3345
-7.5644
-5.72849
-5.72849
-3.36888
-3.36888
-3.36888
-2.02576
-2.02576
-0.708298
-0.708298
0.764165
1.61348
1.18238
1.18238
-0.110455
-0.110455
1.50125
1.50125
1.50125
-0.436264
-0.436264
-0.768373
-0.768373
-0.768373
-1.94364
-1.94364
-1.94364
-1.94364
-1.94364
-1.94364
-1.94364
-1.94364
-1.94364
-1.94364
-1.94364
-1.94364
-1.94364
-1.94364
-0.352836
-0.773381
-0.773381
1.00272
2.05377
2.69877
0.97666
0.97666
0.406226
0.406226
0.406226
0.406226
0.406226
0.406226
0.406226
0.406226
3.08437
3.08437
2.89047
0.630653
-1.74806
-1.74806
-1.74806
-2.59363
-1.07265
-3.69466
-3.69466
-3.69466
-1.29767
-0.0236574
0.011669
0.011669
0.011669
-1.59557
-1.59557
-3.89647
-3.89647
-2.80537
-3.56826
-3.56826
-1.7642
0.352914
-2.0019
-1.03681
-1.03681
0.865809
0.865809
0.865809
-0.246844
-2.5541
-1.2585
-2.75786
-4.51265
-2.53457
-2.53457
-2.90138
-2.91585
-2.91585
-4.86222
-4.86222
-4.86222
-3.09772
-3.09772
-3.09772
-3.09772
-3.09772
-3.09772
-1.25615
-2.10424
-2.10424
-2.10424
0.558965
0.558965
-0.298618
1.22184
-0.571189
-0.571189
-0.571189
-0.571189
-0.396839
-0.396839
-0.396839
-2.50236
-2.50236
-1.68967
-1.68967
-1.68967
-1.72358
-1.72358
-1.72358
-1.72358
-0.645305
-0.645305
0.976014
1.52968
1.52968
3.49367
4.9259
2.76765
1.87463
1.87463
-0.333488
-1.94582
-1.15947
-1.15947
-1.15947
-1.15947
-0.439532
-0.237257
-0.237257
0.298965
0.298965
0.298965
0.298965
2.0814
3.71162
3.71162
3.71162
1.95733
1.95733
1.95733
1.95733
1.95733
-0.304735
-1.06583
-0.0863726
-0.0863726
-1.74542
-0.130329
-0.130329
-0.130329
-0.130329
1.60949
1.60949
1.60949
1.60949
-1.09
-1.09
-1.76312
-0.48616
-1.01761
-3.39408
-3.13972
-3.13972
-3.13972
-3.13972
-1.59531
-2.04613
-2.04613
-1.34653
-1.34653
-3.27459
-3.27459
-1.6459
-3.39491
-0.994805
0.236174
-0.0482991
2.4779
2.03587
2.03587
-0.279899
2.1091
2.4693
0.185319
0.185319
2.54305
2.54305
1.1952
1.1952
1.1952
0.396788
-0.537753
-0.537753
-0.537753
-0.537753
-0.537753
-0.537753
-2.66984
-2.66984
-1.80528
-3.62499
-1.95914
0.0483291
-0.277574
-1.99701
-1.99701
0.457355
0.457355
1.99103
-0.246212
1.58299
-0.172582
-0.172582
2.27381
2.27381
2.27381
2.27381
2.27381
0.827367
0.827367
-0.472829
2.12597
0.657422
0.657422
2.2499
2.2499
1.55115
1.55115
1.55115
1.55115
1.36739
4.01679
2.47087
0.534912
0.534912
0.534912
0.534912
2.04613
-0.164447
-1.85651
-1.85651
0.277378
0.277378
0.277378
2.91276
2.91276
2.91276
1.02235
0.866142
0.866142
0.866142
0.866142
-1.72875
-4.01648
-4.01648
-2.14659
-3.56988
-5.23687
-5.23687
-5.23687
-3.66564
-1.70132
-2.09394
-1.42946
-1.42946
-2.21914
-0.399011
-0.399011
-0.399011
-1.25938
-1.25938
-1.25938
-0.840899
-0.840899
-2.42747
-2.42747
-2.42747
-1.3805
-1.3805
-2.4171
-2.4171
-4.25741
-4.25741
-4.25741
-4.25741
-6.88094
-6.88094
-6.88094
-6.88094
-6.88094
-6.88094
-6.88094
-6.88094
-6.88094
-6.54694
-6.54694
-6.54694
-6.54694
-4.32092
-4.26309
-4.26309
-4.31586
-3.03955
-3.03955
-0.965158
0.485049
3.17404
3.17404
1.45165
3.45719
3.45719
1.9561
1.9561
1.9561
1.9561
4.30047
4.30047
2.02456
2.02456
2.02456
2.02456
2.86051
2.86051
5.39478
5.39478
6.04556
6.04556
3.677
3.677
3.677
3.677
3.677
3.677
5.00355
5.00355
5.5468
5.5468
8.24622
7.4238
6.81251
5.2094
5.2094
5.37604
3.02817
3.02817
3.24969
1.71156
4.0336
4.0336
2.51674
2.51674
1.10329
1.10329
3.27286
5.0628
2.87475
2.4385
2.4385
4.10389
5.04282
2.51761
2.51761
0.533556
0.533556
0.130208
-1.59525
-1.59525
-3.07103
-3.07103
-2.4771
-3.48356
-3.48356
-3.48356
-3.48356
-1.36508
-1.50115
-1.50115
-0.880884
-0.880884
-0.880884
0.777297
0.777297
0.777297
-0.0730292
-0.986253
-0.0711724
-0.0711724
2.23449
2.23449
-0.367551
-0.618421
-0.618421
-0.618421
-0.618421
1.19863
-0.641841
-0.641841
-2.67257
-2.67257
-2.67257
-1.20752
-1.20752
0.123147
0.123147
1.96151
-0.0896425
-0.0896425
-1.98435
-0.634318
-1.48085
0.817805
0.817805
0.817805
0.557324
0.557324
0.557324
0.557324
2.1717
2.94901
0.409614
1.78847
4.19826
2.59758
2.59758
2.59758
0.0765363
-0.668589
-0.668589
-0.668589
-0.668589
-0.668589
-0.668589
-0.668589
-0.668589
-0.668589
0.747105
3.08399
3.08399
3.08399
3.4972
3.4972
6.14332
5.42916
3.69611
2.18337
0.372978
2.65104
1.03381
-1.21925
-0.886777
-0.886777
1.73005
1.73005
1.73005
2.55745
2.55745
2.55745
-0.0982258
-1.19817
-2.96016
-2.96016
-2.96016
-0.457741
0.374181
0.374181
1.67785
3.91217
3.91217
1.82457
1.82457
-0.146264
-0.146264
-1.07555
1.21031
1.21031
1.21031
0.114607
-1.45515
-1.04838
-1.04838
-1.04838
-1.04838
-1.04838
-1.04838
-1.04838
-0.49234
-1.11207
0.108553
0.108553
-1.65757
-2.42126
-1.65387
-0.996521
-0.996521
-0.996521
-0.474335
1.60666
2.26765
2.26765
2.26765
2.26765
2.26765
2.26765
2.26765
-0.0607857
1.49774
0.883888
0.551791
0.551791
2.68897
2.68897
2.68897
2.68897
0.123303
0.189551
2.09278
2.09278
-0.217925
0.76341
-0.690012
-0.690012
1.93256
1.93256
-0.765912
-0.765912
-1.33011
-2.27669
-2.82356
-2.82356
-2.18094
-0.0925024
-0.630775
1.54141
1.54141
1.54141
-0.686652
-0.686652
0.839437
0.839437
0.839437
0.490581
0.490581
0.490581
0.486888
0.486888
0.486888
0.486888
0.486888
-2.16065
-4.48302
-1.8026
0.235205
-0.176432
-2.10472
-2.10472
-2.23051
-2.13982
-3.05713
-4.82918
-4.82918
-4.82918
-4.82918
-4.82918
-3.65861
-3.65861
-3.2964
-5.46729
-3.91084
-4.43211
-4.43211
-5.23672
-3.14993
-1.31038
-1.31038
-1.31038
-2.57626
-3.64031
-6.10681
-5.31815
-3.98417
-5.35005
-5.35005
-3.45397
-3.45397
-3.33526
-3.33526
-3.49183
-1.47582
-2.83503
-2.83503
-2.83503
-2.83503
-4.83812
-3.1266
-0.803398
0.300221
2.35543
2.35543
-0.245543
-0.245543
0.0456809
-0.794387
1.14659
-0.953508
0.697869
0.697869
-1.81741
-1.81741
-1.81741
-1.81741
-1.81741
-1.81741
-1.81741
-4.40941
-3.81043
-4.02987
-1.84342
-0.64628
-2.44436
-2.44436
-1.22299
-0.680437
-0.680437
-0.680437
0.657542
2.22487
3.02597
1.38821
1.38821
0.319532
1.01338
1.01338
1.01338
-0.796223
-0.796223
-0.796223
-1.24302
-1.24302
1.07517
-0.325288
-0.822633
-0.996203
-0.996203
-0.996203
0.736253
0.736253
0.736253
-1.16601
-0.752382
-0.752382
1.9004
0.159356
0.159356
0.130782
0.130782
0.130782
0.130782
0.130782
0.130782
0.130782
2.69224
2.69224
4.49539
4.49539
4.49539
3.06751
3.06751
3.06751
3.06751
3.06751
3.06751
2.98085
0.940458
0.475224
0.475224
0.328355
-1.22436
-1.15254
-1.15254
-2.56877
-3.36355
-1.61455
-1.61455
-1.61455
-1.61455
-1.48321
0.447149
-0.604495
-2.79411
-0.277372
-0.160976
-0.160976
-0.952871
-0.276353
-0.276353
-0.276353
0.527893
0.527893
0.527893
-1.66094
-1.66094
-1.49754
-1.49754
-1.49754
-2.21288
-2.21288
-0.176878
-0.176878
-2.22654
0.387653
1.07977
-0.715408
1.31447
1.31447
1.31447
0.121783
2.56064
2.56064
2.56064
2.22334
2.22334
2.22334
1.78637
0.324346
1.90383
2.3112
2.46158
2.46158
0.626582
-0.80377
1.05933
1.05933
1.54978
-0.0743933
-0.0743933
-0.0743933
-0.0743933
0.730695
0.466812
2.48746
2.72369
2.72369
2.72369
2.72369
1.65571
-0.832382
1.69702
2.0096
3.46227
3.46227
1.16833
-1.50563
-3.61875
-3.61875
-2.0332
-0.813175
-1.00458
-1.00458
-1.00458
-1.00458
-2.27526
-0.792334
-0.792334
-2.39708
-1.28703
-1.28703
-3.45652
-3.45652
-1.44905
-1.44905
-0.551935
-0.551935
-0.551935
-0.279085
-0.279085
-0.279085
-0.279085
-0.279085
-0.265621
-0.265621
-0.265621
1.95336
1.95336
1.57255
1.57255
1.57255
0.622775
0.622775
-1.18194
-1.18194
-1.18194
0.347707
-1.61688
-1.61688
0.745808
-1.83178
0.215666
0.215666
0.215666
1.53124
1.53124
-0.64999
-0.64999
1.13611
-0.475287
-0.475287
1.5275
-0.897095
0.856866
0.856866
0.856866
-1.19395
-2.37033
-2.37033
-1.27522
-2.1443
-4.15918
-2.2418
-2.2418
-2.69707
-2.69707
-2.62188
-2.62188
-2.62188
-3.1266
-1.29313
0.933371
0.933371
0.933371
0.933371
0.933371
0.933371
0.206708
0.614371
0.614371
-1.62211
-0.407971
-1.44304
-1.44304
-1.44304
-3.83761
-1.18463
-1.18463
1.3767
1.3767
0.289129
0.289129
0.289129
0.289129
0.289129
0.289129
0.289129
0.577557
1.20736
1.20736
1.20736
1.20736
-0.503726
-0.503726
2.0546
1.25985
1.25985
1.25985
1.25985
1.48236
-0.640277
-0.640277
-0.408312
-0.408312
-2.38157
-2.04351
-2.04351
0.429762
0.429762
0.166787
1.58775
1.58775
1.58775
-0.0425309
0.242752
0.242752
0.242752
-0.640509
-0.640509
0.224323
0.224323
0.224323
0.224323
0.200603
0.2647
0.2647
0.2647
0.2647
0.2647
0.2647
0.2647
-0.836289
-0.836289
-0.836289
0.6534
0.6534
-1.06389
-1.06389
-1.06389
-1.32772
-1.23921
-1.24727
-1.24727
-1.24727
-3.36953
-3.36953
-3.36953
-3.36953
-5.98713
-3.66049
-3.66049
-3.66049
-3.66049
-3.66049
-3.66049
-3.66049
-3.66049
-3.66049
-3.66049
-3.66049
-3.45956
-1.08518
-1.08518
-1.08518
-1.08518
-1.08518
-1.08518
0.0431345
0.258928
-1.69278
0.300848
-0.685183
1.94174
1.94174
0.920919
0.920919
0.920919
3.19393
4.72387
5.01502
5.0025
5.0025
5.0025
2.7869
2.7869
1.15277
1.15277
1.15277
1.15277
1.15277
1.15277
1.15277
-0.878436
-0.878436
-0.878436
1.38893
1.50886
2.12891
0.757569
1.90528
-0.535326
-0.521338
-0.181233
-2.83983
-2.83983
-2.83983
-0.18166
-0.18166
-0.18166
-0.18166
-0.18166
-0.324745
-0.324745
1.86857
1.47562
1.47562
2.03501
2.25707
4.86474
3.37756
3.37756
3.37756
3.37756
3.37756
5.83064
5.83064
4.32659
4.32659
4.70274
4.70274
4.08414
2.7326
2.61581
2.61581
4.24451
4.24451
4.24451
1.99141
1.99141
1.99141
-0.463233
-2.52888
-2.52888
-2.38418
-0.855456
-2.64256
-2.64256
-0.199078
1.70531
0.282418
0.282418
2.16868
0.890386
-1.33567
-2.13967
0.375126
0.375126
2.07538
2.07538
2.07538
0.0330345
1.52696
-0.0146225
-0.0146225
-1.28013
0.291861
0.291861
0.0752214
-1.89504
-1.89504
0.644209
1.17215
1.17215
-1.31239
-1.31239
-1.31239
-1.31239
-1.31239
-1.31239
-1.31239
-1.31239
-1.31239
0.690713
0.690713
-1.76543
-0.885875
0.751645
1.61638
0.834476
-1.44645
-1.44645
-3.52615
-1.87485
-1.87485
-1.86849
-1.86849
-0.668364
-0.785475
-0.785475
1.29424
1.29424
-0.942953
-0.942953
0.193243
0.531544
2.92506
1.45246
1.45246
1.45246
2.68851
2.54892
1.53054
2.39295
2.39295
2.45485
2.45485
2.45485
2.45485
2.45485
2.45485
3.47596
3.47596
3.28766
1.1319
3.07055
3.07055
3.07055
3.07055
4.65282
5.23406
5.07308
5.07308
3.12367
1.11219
1.11219
1.11219
-0.855084
1.52668
-0.0835352
-2.37731
-2.37731
-2.37731
-2.37731
-2.37731
-0.235917
-1.38121
-1.38121
-1.38121
1.11489
1.11489
1.11489
1.11489
1.11489
1.93379
-0.561541
-1.12108
-1.12108
-1.12108
-1.12108
-1.12108
-1.91551
-2.56094
-2.39025
-1.1068
-2.12772
-3.98383
-3.98383
-3.00995
-0.864195
-0.962224
1.18904
-1.46974
-1.95842
-0.087749
1.52686
-0.196289
-0.196289
-0.196289
1.8227
1.8227
1.8227
0.612239
-1.06418
-1.06418
-1.06418
-1.06418
0.471555
0.545755
0.545755
0.545755
0.545755
0.545755
-1.88306
-1.88306
-1.88306
-3.79285
-3.79285
-2.1008
-2.1008
-2.1008
-2.1008
-1.43208
0.835399
0.835399
0.835399
-1.63795
-1.63795
-2.5993
-2.5993
-0.725452
-0.725452
0.0391276
0.924582
-0.630042
1.45403
0.990875
0.990875
2.96866
0.381497
1.46382
1.46382
0.335905
-0.211517
1.58743
1.58743
2.53771
4.34382
4.34382
3.55093
3.68513
4.50615
1.96317
1.96317
-0.733063
0.112467
-1.00195
-1.00195
-1.00195
-1.53037
-1.53037
-1.53037
-1.53037
-1.53037
-1.53037
-1.53037
0.0432239
0.330003
1.56338
0.0347204
0.0347204
0.0347204
0.0347204
2.33926
1.36776
1.54052
1.54052
-0.763012
-1.18239
1.3876
4.03996
1.64387
2.16584
2.16584
2.16584
3.13354
4.01725
3.51345
6.0287
6.0287
6.0287
3.52993
1.95249
1.95249
3.26897
0.661296
1.97498
3.31297
1.27693
1.43121
1.43121
1.43121
1.43121
1.43121
-1.14237
-0.218877
0.336721
1.28702
1.28702
1.33443
3.61177
3.61177
3.61177
1.78226
1.78226
-0.453737
-0.453737
-1.32348
-0.98548
-0.665459
-0.154157
-0.154157
1.93864
1.27308
1.27308
1.27308
3.9017
3.9017
1.39158
1.23235
1.23235
0.203533
-0.127188
-2.40029
-2.40029
-0.516182
-0.516182
2.04883
3.95581
3.95581
3.40696
4.16442
5.38622
3.462
3.462
3.56394
5.38563
6.80234
6.02074
4.94359
4.94359
4.94359
3.30187
2.09566
4.43259
4.43259
6.44307
7.06644
7.22924
6.44291
5.47713
5.9789
5.24523
7.79405
7.79405
6.14822
6.14822
6.63057
6.63057
5.75216
4.15592
4.48161
3.96446
2.04278
-0.631522
-0.631522
-0.631522
2.01221
2.01221
0.0656467
0.0656467
0.203163
-1.98081
-1.98081
-1.98081
-0.88143
-0.274275
-0.274275
-0.766873
1.25827
1.25827
1.25827
1.25827
3.3418
2.37288
3.74258
3.74258
5.45903
5.45903
5.32398
5.65673
3.89872
1.97789
1.97789
2.59258
5.26325
2.98685
2.98685
1.03261
-1.16793
0.121313
0.121313
0.121313
2.25125
2.25125
0.751609
0.751609
1.16054
1.16054
0.353146
0.353146
0.353146
-2.28246
-0.60982
-0.608038
-0.608038
-0.608038
-0.608038
-0.608038
-0.608038
-0.608038
-0.608038
-0.608038
-2.07668
-2.07668
-4.46093
-4.46093
-4.46093
-4.46093
-4.46093
-4.46093
-2.31543
-3.70001
-3.05193
-3.05193
-0.379939
-0.379939
-0.379939
-0.0857146
-0.0857146
-0.0857146
-0.0857146
-0.961509
-0.961509
-0.961509
-0.961509
-0.961509
-0.961509
1.05657
3.47845
5.62832
5.62832
4.56686
1.98863
1.12751
-0.140196
-0.140196
-0.140196
-0.140196
-2.83851
-2.68562
-2.68562
-2.68562
-2.68562
-4.03914
-4.03914
-2.16984
-2.16984
-2.9147
-2.9147
-2.9147
-2.9147
-0.785314
-0.606582
1.05876
1.05876
1.05876
1.05876
3.59346
1.73276
-0.333219
-0.333219
-0.333219
-0.333219
1.49429
1.92802
1.92802
-0.651212
-1.71963
0.695605
0.695605
-0.00616435
1.00279
1.00279
-0.325087
-0.795062
-0.763634
-0.0163672
-0.0163672
-0.0163672
-0.0163672
-0.0163672
-0.0163672
-0.0163672
0.839509
-0.620795
-0.620795
-0.620795
1.91576
0.704818
0.704818
-1.85342
-2.7337
-2.7337
-2.7337
-1.91996
-1.50537
-0.92887
-0.92887
1.21561
0.162756
0.162756
0.162756
-0.355376
0.807831
0.0729561
0.0729561
0.0729561
0.0729561
-1.22308
-1.22308
0.238001
0.238001
-0.176632
-0.176632
-2.20262
-2.20262
-2.20262
-2.20262
-0.624835
-2.33525
-1.09111
-0.372618
2.18804
0.100291
0.821915
3.03777
3.03777
1.69899
-0.0245277
1.23632
1.23632
1.23632
1.23632
1.23632
0.507522
1.13145
1.13145
1.13145
1.48502
-0.902117
1.20256
0.856068
0.856068
0.856068
-0.438775
-0.828009
-0.232861
-0.667149
-3.17696
-4.12665
-4.12665
-3.08977
-3.72351
-3.72351
-3.72351
-3.72351
-3.72351
-3.72351
-5.75615
-5.75615
-5.75615
-4.61538
-4.61538
-6.8585
-4.516
-4.516
-4.25127
-5.38385
-2.97759
-2.97759
-1.90693
-3.93619
-3.79583
-4.71917
-6.25056
-6.25056
-6.03919
-5.16114
-4.23718
-4.23718
-3.62539
-2.0027
-2.0027
-2.0027
-1.26486
-1.26486
1.29118
1.29118
1.51053
1.51053
0.00697567
2.43689
2.43689
3.94252
4.37278
2.40739
2.40739
2.92659
3.92607
5.21944
5.10865
5.10865
4.69669
6.05591
6.05591
6.34169
4.90173
4.90285
3.94318
3.31913
0.656921
-1.743
-2.7462
-2.7462
-2.7462
-3.86695
-2.00396
-2.00396
-3.19106
-0.527885
-0.527885
-2.37419
-2.37419
-2.37419
-1.17991
-1.17991
-2.03504
-2.03504
-2.03504
-2.03504
-2.03504
-3.62301
-2.81243
-2.33295
-1.56198
-1.56198
-1.56198
-1.56198
-1.56198
0.671982
0.671982
-1.4313
-1.4313
0.799821
-1.53158
-3.56545
-0.978039
-0.978039
-0.457448
-2.67646
-2.67646
0.00982255
0.00982255
0.00982255
0.00982255
0.00982255
0.00982255
0.00982255
0.601066
-1.19221
-1.19221
-1.19221
-1.19221
-1.71338
-1.8176
-2.315
-2.315
-2.315
-2.315
-3.19334
-2.70384
-4.61594
-4.64561
-4.64561
-4.64561
-4.64561
-2.7584
-2.7584
-1.98048
-1.98048
-2.9271
-4.92306
-4.92306
-2.84191
-2.84191
-2.84191
-2.84191
-3.67724
-3.65838
-3.65838
-1.70364
-3.21335
-3.21335
-2.71054
-2.71054
-2.71054
-0.726082
-0.726082
-3.25757
-5.1342
-5.1342
-5.1342
-6.98699
-6.98699
-7.22509
-7.22509
-7.22509
-4.56053
-6.26396
-6.26396
-3.76593
-1.35012
-1.35012
-1.35012
-1.22555
-1.99556
-1.99556
0.66376
3.26747
1.3967
1.3967
1.3967
1.25593
3.58886
0.933558
0.933558
0.933558
0.933558
0.933558
0.933558
0.933558
0.933558
1.19103
-0.375441
-1.55167
1.06999
2.59433
2.09135
3.86061
1.17741
-0.924034
-0.924034
-0.924034
-1.33099
-1.33099
-1.33099
-1.33099
-2.81626
-0.615589
-0.615589
-0.615589
-2.74832
-4.55037
-4.55037
-4.55037
-4.4487
-4.4487
-4.4487
-5.35802
-3.61753
-3.61753
-3.61753
-2.81785
-2.81785
-1.40484
-0.900767
-0.0354555
-0.0354555
-0.0354555
1.49852
1.00174
1.00174
-0.273165
-2.91059
-2.91059
-2.91059
-2.91059
-2.80411
-2.80411
-3.04007
-3.04007
-1.24975
-0.38669
-2.60896
-2.60896
-2.60896
-2.60896
-1.49177
-1.49177
1.10731
1.10731
1.10731
-0.393372
-3.00834
-3.00834
-3.00834
-3.00834
-2.93566
-1.4322
-1.4322
-1.4322
0.921752
3.14276
4.88418
4.88418
6.63106
6.63106
6.89575
6.89575
4.47004
4.47004
2.31951
2.31951
2.31951
2.31951
2.37954
1.68115
3.45117
1.28256
-0.913772
-0.913772
-1.17429
-1.17429
-1.17429
-0.540747
0.767417
0.767417
0.983788
0.983788
0.983788
2.53011
2.53011
2.53011
2.53011
2.53011
2.53011
2.53011
3.21749
3.21749
1.60016
1.60016
1.60016
1.60016
3.24404
0.699538
0.699538
1.92627
1.92627
1.7296
1.41206
1.41206
1.41206
0.744344
0.744344
0.744344
0.744344
0.744344
0.744344
3.03703
1.15705
1.56507
1.56507
1.56507
1.56507
1.56507
3.10899
3.10899
3.10899
3.10899
1.11583
1.11583
0.711785
0.476211
0.476211
0.625392
0.625392
1.01137
1.01137
-0.468636
-2.47442
-0.301218
1.97952
1.97952
1.97952
1.97952
1.97952
1.97952
1.97952
2.03015
1.04983
1.04983
1.04983
3.40737
2.45586
1.84713
1.39416
-0.96251
-0.751959
-0.751959
1.69617
1.69617
-0.567006
-0.936316
-0.936316
-2.60297
-2.60297
-2.64256
-0.739846
-0.0827074
2.58557
2.57519
2.57519
0.937848
2.46093
2.46093
1.51518
1.51518
1.51518
1.85136
1.19297
1.19297
2.06798
0.359392
-0.0834708
0.280587
-0.0570918
-1.12793
-1.12793
-2.37251
-0.289698
-0.289698
-0.289698
-0.289698
-0.917295
-0.917295
-0.365332
-0.365332
-0.365332
-1.08357
-1.08357
1.38888
1.38888
1.46823
2.27361
2.27361
0.527554
1.07957
1.07957
0.225514
0.225514
0.225514
0.225514
2.78672
1.84307
1.84307
0.553469
0.76013
-1.07101
-1.07101
-2.01434
0.610316
0.610316
-1.46099
-1.81237
-1.81237
-1.218
-1.218
-0.239505
-2.00054
-4.01015
-4.26282
-4.26282
-3.26313
-3.26313
-3.26313
-0.697572
-0.697572
0.579619
0.579619
2.47219
2.47219
1.5761
-0.508614
1.87737
3.63783
3.63783
4.96023
4.96023
5.29072
6.13492
6.13492
5.76878
8.30432
6.84032
4.27592
4.27592
4.27592
3.34179
3.34179
3.34179
4.68923
4.68923
2.97541
3.50186
3.50186
1.80066
1.46773
-0.422128
-0.422128
0.764806
-1.76998
0.913576
-0.930028
0.16866
0.16866
0.16866
1.93938
2.36972
2.36972
2.36972
0.162205
0.162205
0.162205
-1.94896
0.649096
-1.00974
-1.00974
-2.78571
-1.77604
-1.77604
-3.03937
-3.03937
-3.03937
-1.11706
-1.6846
-2.49032
0.153841
0.115377
0.115377
1.29362
-1.05947
-0.00288644
1.28015
1.28015
1.28015
1.57221
2.08889
3.18612
3.18612
1.1577
1.1577
3.27043
0.596196
-1.28885
-1.28885
-2.14602
-1.0777
-1.0777
-1.0777
-1.0777
-1.0777
-1.0777
-1.0777
-1.0777
-3.33463
-0.975587
-0.975587
-0.975587
0.0684335
0.0684335
0.460495
-1.6257
-1.6257
-1.6257
-1.6257
-1.6257
-3.11468
-3.11468
-3.11468
-3.11468
-3.11468
-3.11468
-0.710871
-0.710871
-0.710871
1.77073
1.77073
1.77073
2.75747
2.75747
2.75747
1.26582
1.26582
-1.36186
1.21827
1.21827
1.21827
-1.4054
-3.68678
-2.12112
-2.12112
-2.12112
-2.37525
-3.97358
-1.35704
-1.35704
0.755185
-0.745226
-0.745226
-0.745226
-0.745226
-3.09351
-1.81836
-1.81836
-1.19515
0.653896
0.70544
1.43517
1.43517
1.43517
1.43517
1.43517
-0.181663
0.613802
0.405904
0.405904
2.74628
3.24757
2.6078
3.22736
1.16524
0.627704
0.855892
3.44289
1.87686
1.05631
-1.37292
-1.37292
0.3083
1.95343
2.3292
2.3292
4.54647
4.18139
6.32917
4.53682
4.53682
4.09858
4.09858
1.47295
1.80266
3.76312
3.76312
4.77868
4.16095
2.47245
2.85793
2.85793
1.56936
2.40629
1.18434
1.18434
-1.49236
-2.29564
-2.29564
-2.29564
-2.32503
-1.51854
-1.36357
-1.19258
0.373684
-0.535113
1.48125
1.48125
1.48125
1.48125
1.48125
1.48125
-0.79485
-0.0590165
-0.608754
1.65606
1.65606
1.65606
1.65606
2.18446
2.18446
3.30555
3.30555
3.51861
3.51861
3.51861
1.53775
-0.291462
-0.509747
-0.509747
-1.47882
-1.47882
1.08867
2.74602
2.74602
0.650494
0.650494
0.650494
0.650494
-0.519063
-0.519063
-0.756052
-0.756052
-1.17578
-1.82935
0.415531
-0.0810866
-2.07795
0.110199
-0.664902
1.9387
2.1757
-0.144593
0.554953
-1.11467
0.365537
0.365537
-2.028
-2.028
-2.028
-3.89613
-3.89613
-3.89613
-3.89613
-3.89613
-3.64799
-3.74714
-3.74714
-1.73828
-1.45935
1.21651
0.618663
0.618663
-1.94544
0.326453
1.82137
-0.364208
2.22391
2.22391
2.22391
2.22391
2.22391
2.22391
2.22391
2.73376
2.73376
1.43524
-1.08069
-1.08069
0.875488
0.875488
0.875488
0.875488
0.875488
0.875488
0.875488
0.875488
-0.167272
1.06375
1.06375
-0.575406
-0.575406
0.347382
0.347382
1.53976
1.53976
-0.573615
-0.573615
-1.58062
-2.30189
-2.30189
-2.30189
-0.831782
-0.831782
-0.0323631
-1.97774
-1.97774
-1.97774
-1.97774
-0.42834
-0.42834
-0.42834
-0.294939
-1.42062
-1.42062
1.1338
2.08914
2.08914
2.08914
2.08914
2.08914
2.08914
2.06699
2.60941
2.60941
2.60941
2.13686
3.52214
1.39677
1.39677
3.5134
3.5134
5.43361
3.10738
1.97069
0.680669
2.71182
2.74576
2.72855
1.14682
1.02926
1.02926
0.64821
0.64821
-0.0700263
0.44722
1.2626
1.2626
1.2626
0.035806
0.035806
0.035806
-1.33593
0.208193
0.208193
0.208193
1.30056
3.61154
3.61154
3.61154
2.2761
2.2761
2.27628
2.27628
4.24086
4.24086
4.24086
4.24086
4.57757
4.84383
4.84383
4.84383
3.33171
2.14779
2.14779
2.14779
0.789564
0.789564
-1.21217
0.024172
0.024172
0.024172
-0.185922
-1.16808
-1.16808
1.52204
0.855914
3.07263
4.76368
5.45148
5.45148
5.96048
3.5508
3.67957
3.67957
3.36298
3.80716
6.39961
6.93525
5.15831
5.15831
3.11238
1.50183
1.50183
1.50183
0.156955
0.156955
-2.29202
-1.08771
-1.08771
-1.03853
-0.715157
1.80806
0.642461
-1.71816
-3.79653
-3.79653
-3.79653
-1.16466
-2.35005
-2.78926
-2.2196
-2.2196
-0.749416
1.42333
1.88757
1.88757
3.31048
0.797945
3.22794
3.22794
1.736
0.524221
0.524221
0.629572
0.629572
0.629572
1.23777
-0.773138
1.66629
1.66629
-0.63216
0.504776
-1.77063
-1.77063
-1.77063
-2.05497
-1.25389
-1.25389
-1.6616
-1.57071
-0.567768
-1.21051
-1.21051
-3.00372
-2.44445
-2.44445
-4.65841
-2.99333
-2.66574
-2.66574
-2.66574
-2.66574
-2.66574
-0.586755
-2.31669
-2.31669
-0.977281
-2.71511
-0.107977
-0.107977
0.528497
0.528497
1.12967
1.12967
0.832136
-0.938171
-0.938171
-0.938171
-0.938171
-3.06245
-3.06245
-3.06245
-3.06245
-3.06245
-3.25095
-3.25095
-2.31769
-0.953954
-0.953954
1.48069
1.48069
2.95561
2.95561
2.95561
2.95561
2.95561
3.15841
0.617379
0.617379
0.617379
0.617379
0.126933
0.126933
0.126933
1.65887
1.65887
-0.114684
-1.24556
-1.24556
-1.24556
-2.51526
-2.51526
-3.07881
-3.07881
-3.07881
-3.07881
-1.40547
-0.0690379
-2.20927
-2.20927
-2.20927
-3.73856
-3.77948
-3.77948
-2.2441
-2.2441
-2.2441
-2.2441
-2.2441
-2.2441
-0.948632
-1.04065
-0.27305
0.398863
2.26909
2.26909
2.26909
3.74186
3.74186
3.91018
2.63965
2.63965
-0.00541505
-0.00541505
-0.00541505
-1.86235
-1.86235
-1.86235
-0.063056
1.82411
3.66012
1.61
0.173516
0.173516
0.766481
0.766481
0.766481
0.766481
-0.207406
-2.12945
-4.2014
-2.52844
-0.524942
-0.524942
-0.524942
1.26854
-0.398837
-0.398837
-0.398837
-0.398837
0.94983
1.79573
1.79573
0.869238
0.869238
2.13553
2.13553
2.13553
2.13553
2.13553
2.13553
2.13553
2.13553
0.687539
1.48953
-0.273983
-0.682187
-0.682187
-2.40065
-2.40065
-2.40065
-2.40065
-1.43031
-1.07354
-2.82795
-2.82795
-2.19918
-2.19918
-2.71718
-2.71718
-5.37341
-5.37341
-5.37341
-5.57146
-3.46859
-3.46859
-3.46859
-5.5593
-5.5593
-4.8577
-4.8577
-3.11172
-5.57416
-3.87545
-3.87545
-3.87545
-1.39615
-1.72516
-1.04195
-2.558
0.0822327
-1.77012
-0.123545
2.41316
1.16841
1.16841
2.46994
4.46285
4.46285
6.88549
6.87361
7.62788
6.17372
6.09391
7.87557
6.71151
5.90501
3.82348
4.62689
2.22316
2.22316
1.85898
4.25744
4.25744
4.25744
4.25744
4.25744
5.95286
5.95286
5.95286
5.95286
5.30298
2.8972
2.8972
2.60806
0.794414
0.794414
-1.76271
-1.76271
-0.621276
-0.621276
0.0221992
-1.03588
-1.03588
-1.03588
-1.03588
-0.296603
0.713803
0.530415
0.277165
0.277165
0.277165
0.277165
-1.30032
-1.30032
0.954981
0.954981
0.925141
0.925141
0.925141
0.925141
0.29342
-1.72628
-1.83763
-1.83763
-2.67897
-2.67897
-2.67897
-0.73623
-0.536264
-0.536264
-0.536264
-0.536264
-2.07507
-2.07507
-2.07507
-2.07507
0.500914
0.0704684
0.0704684
0.0704684
0.0704684
0.0704684
-0.715276
-0.715276
-0.715276
-0.715276
-0.715276
-0.715276
0.559047
0.559047
0.559047
0.559047
0.559047
0.559047
-0.49284
-0.49284
-0.49284
1.97276
1.97276
1.97276
1.97276
1.97276
1.97276
0.367988
-0.822634
-0.822634
-0.822634
-0.822634
-0.822634
-0.822634
-0.822634
-0.822634
-1.11694
-1.11694
-1.11694
1.11962
1.11962
-0.257185
-0.257185
-0.515664
-1.67211
-2.59176
-0.133156
1.36859
1.06853
-1.22655
1.42178
1.06113
1.06113
-0.275255
2.29729
2.29729
2.29729
0.614956
1.14885
1.80075
0.2145
-1.33266
-1.33266
1.32664
-0.654247
-3.12834
-3.12834
-3.12834
-3.12834
-3.12834
-0.496818
-0.496818
-0.634181
1.20444
-0.730303
-0.730303
1.93536
3.54287
3.54287
3.54287
1.80734
1.86378
1.86378
1.86378
1.49484
1.49484
1.49484
1.49484
1.49484
0.0113848
0.0113848
0.0113848
0.760954
0.760954
0.433085
0.433085
0.433085
0.433085
2.02616
2.02616
-0.504836
-1.94787
-1.94787
-1.94787
-1.42142
-0.787242
-1.67998
0.214571
0.214571
0.747769
0.747769
0.747769
0.747769
0.747769
-1.65147
-3.39835
-3.39835
-1.08315
-1.09763
-1.09763
-1.09763
-1.09763
-1.09763
-1.09763
-1.09763
-1.09763
-1.09763
-1.09763
-0.0155953
-0.0155953
-0.0155953
-1.63247
-3.38063
-3.38063
-3.38063
-3.38063
-3.38063
-3.38063
-3.38063
-1.92902
-2.35696
-0.520197
-0.520197
-0.520197
-0.520197
0.469208
0.656945
0.656945
-1.07791
-1.07791
-1.07791
0.452612
0.00203696
0.00203696
0.00203696
-0.961511
-0.961511
-2.84068
-2.60322
-0.0314229
-0.0314229
0.507188
1.0292
1.0292
-1.61874
-1.61874
-1.61874
-1.99804
-1.99804
-0.938906
-0.938906
-0.938906
-0.228702
-1.20691
-1.20691
1.44617
-0.353245
-1.06498
0.0886474
0.0886474
0.0886474
0.0886474
0.0886474
0.307634
2.00263
2.43023
2.43023
4.08247
4.08247
4.35929
4.35929
4.53128
3.28892
3.28892
3.28892
3.28892
3.28892
2.90491
1.68446
1.71964
1.71964
0.444584
0.444584
0.444584
2.69064
2.82387
1.43284
0.584501
3.11072
3.11072
0.664896
0.664896
-1.00672
-3.1124
-1.98866
-1.98866
-1.98866
-2.52317
-4.78655
-2.39045
0.0100376
0.0100376
0.0100376
-2.64467
-2.64467
-0.132182
-0.132182
-0.132182
-0.132182
0.00333204
0.00333204
0.00333204
-0.430681
0.14446
0.0264514
-0.78894
-0.78894
-1.42067
-1.03931
-1.4096
-2.36609
-2.36609
-0.0357241
-2.52582
-2.52582
-2.52582
-4.02966
-4.63873
-4.63873
-3.16904
-1.46633
-0.103987
-0.103987
2.16131
4.03856
3.32717
3.32717
4.86627
4.08575
3.22273
3.22273
3.22273
3.22273
2.08709
2.32015
2.32015
1.28232
0.288211
1.42103
0.0638488
0.0638488
-1.62539
0.311345
-1.25228
-1.25228
1.00121
1.00121
1.00121
1.00121
-1.24677
0.663496
0.590329
0.590329
0.00845621
0.00845621
0.00845621
0.00845621
0.00845621
0.00845621
0.00845621
0.00845621
0.00845621
0.00845621
0.00845621
0.00845621
0.00845621
0.00845621
0.00845621
0.00845621
0.00845621
0.00845621
0.00845621
1.01998
-0.263929
2.1458
-0.321858
0.0365301
0.0365301
1.19608
-0.982791
-0.218152
-0.218152
-0.218152
-0.218152
-0.218152
1.99793
-0.670494
-0.0441145
-0.0441145
-0.0441145
-0.0441145
-0.0441145
1.36723
3.93229
2.65473
1.80893
1.97128
1.97128
1.97128
4.41283
4.41283
5.2209
4.2124
4.2124
3.39879
2.8888
1.58344
1.58344
1.58344
-0.53361
-0.53361
0.641963
0.641963
0.641963
0.641963
0.641963
0.641963
0.641963
0.641963
0.641963
0.641963
0.641963
0.641963
-1.88007
-0.94782
-0.94782
1.27041
-1.31021
-0.0201586
2.07805
2.07805
2.07805
2.07805
2.07805
3.7755
3.7755
4.10387
4.10387
4.10387
4.10387
3.46873
1.37599
1.37599
-0.468998
0.261794
0.261794
0.261794
0.261794
-1.65729
-1.8694
-1.8694
-0.587313
-0.587313
-0.587313
-0.587313
0.632392
0.632392
1.88138
1.88138
1.94521
1.94521
1.94521
1.95944
1.95944
2.48762
2.48762
0.84271
-0.678833
-0.168251
2.18437
0.965265
2.82385
2.10347
4.76037
4.05768
2.63382
4.31821
4.31821
2.22373
1.44743
1.44743
1.44743
1.78093
1.78093
0.430041
2.95264
2.95264
1.07499
-1.21937
-2.15892
-2.15892
-1.36495
0.0977696
1.78646
-0.160578
-1.87682
-1.87682
-2.87073
-0.54926
-1.65077
-1.65077
-2.10774
-2.10774
-2.10774
-2.10774
-1.07123
-0.0733098
-0.0733098
-2.02677
-4.10719
-4.10719
-2.0462
-2.76396
-4.4653
-4.4653
-2.84784
-4.2949
-4.65796
-4.65796
-3.45634
-3.45634
-3.45634
-0.935176
-0.935176
1.08583
1.08583
-1.48683
-1.48683
-1.48683
-1.48683
-1.48683
-1.48683
-1.48683
0.0543056
-0.0329269
0.897646
1.88868
-0.356197
0.781592
0.781592
0.618217
-2.01563
0.274265
-1.86958
-2.61603
-2.61603
-2.61603
-1.77795
0.90349
0.90349
0.90349
0.90349
0.0469383
0.0469383
0.902487
1.7835
2.06983
2.06983
2.06983
2.59906
0.371808
0.371808
0.371808
0.371808
0.371808
1.32828
-0.130331
2.19389
2.76543
1.33985
1.33985
2.82509
2.82509
2.82509
1.15713
1.15713
-1.54022
-1.54022
-1.54022
-2.9906
-2.13124
-0.670538
0.960677
3.43403
3.43403
0.865557
0.0570884
-0.903441
-0.115245
-1.24917
-0.557417
-0.907778
0.63186
0.63186
-2.02017
-2.02017
-2.02017
-2.02017
-0.55671
0.965047
0.965047
0.965047
0.965047
0.965047
0.965047
0.965047
0.965047
-0.970784
-0.970784
1.65323
1.65323
1.65323
2.24779
-0.450644
-2.22284
-2.22284
-4.45249
-4.45249
-4.45249
-4.45249
-4.45249
-4.45249
-4.45249
-4.45249
-4.45249
-3.07435
-2.49923
-4.43326
-4.6063
-4.6063
-4.6063
-2.95398
-4.14611
-2.81356
-2.35674
-2.35674
-0.997839
0.07024
0.07024
1.36211
1.36211
1.36211
2.38115
0.269314
0.269314
-0.942717
-0.942717
0.66754
0.66754
0.66754
0.66754
0.66754
0.66754
-0.859976
-0.859976
-0.859976
-0.520551
-1.32185
0.793069
0.793069
1.97765
-0.692649
-0.692649
1.83538
2.85162
0.478995
1.29245
1.29245
1.29245
1.29245
1.29245
1.29245
1.29245
1.29245
-1.28129
-1.28129
-1.28129
-1.28129
-0.433608
-0.433608
0.667392
-0.532902
-0.532902
-2.97701
-2.97701
-2.97701
-2.68444
-2.68444
-2.68444
-2.68444
-0.0555168
-0.0555168
-0.0555168
-0.0555168
1.82875
1.63576
1.63576
3.75293
3.75293
1.59109
1.59109
1.32228
2.73436
4.69168
3.57864
5.28087
5.28087
5.28087
5.28087
5.28087
5.28087
5.29107
5.29107
3.50982
3.01003
1.69096
0.0151703
0.0151703
0.0151703
-1.77155
0.141063
0.141063
0.141063
0.141063
0.141063
0.141063
0.141063
0.141063
0.133687
0.734605
0.734605
0.705119
2.62418
1.38548
0.185368
0.185368
-2.49776
-3.14779
-1.10461
-3.59979
-5.15654
-3.10356
-3.10356
-3.10356
-3.10356
-2.20284
-2.20284
-2.20284
0.0498435
0.0498435
0.0498435
2.00393
2.00393
2.00393
2.00393
2.00393
3.27226
3.27226
3.27226
2.24132
2.24132
0.306137
1.20685
1.20685
1.20685
-1.24824
0.869407
0.869407
-0.63777
-0.744689
-0.744689
0.787363
1.9283
3.69034
2.8387
2.8387
2.69286
5.24707
5.24707
5.24707
4.01841
4.01841
4.01841
4.01841
1.92424
1.92424
1.92424
1.92424
-0.12462
-0.12462
1.23077
1.23077
1.02193
1.02193
1.02193
1.7545
3.0621
3.0621
2.8591
2.14122
0.169582
0.169582
0.169582
0.00359076
0.00359076
0.00359076
-1.11101
-1.11101
-1.11101
-1.11101
1.1018
1.1018
1.1018
1.1018
1.4601
-0.991528
-0.692427
-2.59965
-2.59965
-1.10639
-1.10639
-1.10639
-2.30278
-2.30278
-2.30278
-2.30278
-4.37232
-5.97601
-6.89658
-8.44005
-8.44005
-8.44005
-10.5178
-13.0436
-13.0436
-10.5037
-8.47769
-8.51483
-6.67726
-4.30091
-4.23446
-2.0628
-2.71301
-3.11538
-0.985599
1.19799
3.38836
1.98079
0.0652998
-1.30722
-1.69701
-1.69701
-1.69701
-1.239
-1.239
0.0573471
2.05502
1.56593
-0.803834
-0.803834
-0.803834
-0.803834
-3.46337
-3.22496
-2.92986
-2.61397
-1.58802
-2.04247
-2.04247
-2.04247
-2.09898
0.020906
0.020906
0.508238
1.79349
0.0529932
0.0529932
-2.54934
-2.54934
-1.18906
-1.18906
-1.18906
-1.18906
-1.2574
1.15912
-1.42892
-1.42892
-1.42892
-1.42892
-1.42892
0.830901
-1.29205
-1.87267
0.615542
-0.866942
-1.72098
-1.72098
-0.556422
-0.556422
-0.556422
-0.556422
1.80415
1.80415
1.18105
-1.18428
-1.18428
-2.03246
-2.03246
-2.03246
-3.78534
-3.78534
-5.50364
-3.75256
-5.2994
-3.87566
-4.00738
-3.44124
-3.20372
-3.20372
-3.20372
-1.93977
-1.93977
-1.93977
-1.93977
0.316176
-0.676976
-0.676976
-2.05539
-2.37895
-2.37895
-2.37895
-2.37895
-2.37895
-1.30897
-1.30897
0.170813
0.929978
0.929978
-1.05828
0.231507
-1.93406
-0.0291568
-0.0291568
-0.0291568
-0.0291568
-0.0291568
0.126579
1.72787
1.72787
-0.23785
-0.23785
-1.68807
-1.68807
-1.68807
-2.2734
-1.39448
-1.33126
-1.33126
-1.33126
-2.88815
-2.88815
-1.09009
-1.09009
-1.09009
-1.09009
-2.2812
-2.2812
-1.43511
-1.43511
-1.43511
1.0512
1.0512
1.0512
1.0512
0.783774
-1.78269
-3.09252
-2.58246
-2.4314
-0.527285
-1.07603
-1.07603
-2.44331
-2.44331
-2.44331
-2.59578
-2.59578
-2.89321
-2.89321
-1.70718
-4.34842
-4.30944
-5.55973
-6.7896
-6.7896
-6.65443
-7.46548
-6.3701
-6.09783
-6.09783
-4.5246
-4.5246
-4.5246
-4.5246
-2.4346
-2.4346
-3.14501
-3.14501
-2.77953
-1.97084
-1.9728
0.69661
2.95687
4.32231
3.68694
1.83017
1.83017
1.83017
1.83017
1.83017
1.85488
1.85488
4.51862
4.51862
4.51862
4.16888
5.56382
4.08283
3.74381
3.74381
3.74381
1.31986
-0.845623
-0.845623
-3.03895
-1.66764
-1.66764
-1.66764
-1.66764
-0.0363293
-2.6748
-2.6748
-2.6748
-2.53836
-2.63639
-2.44029
-0.127523
-0.127523
-1.90973
-1.90973
-1.90973
-0.434672
-0.434672
-0.434672
-0.434672
-1.87246
-0.81827
-1.21643
-0.239238
-0.239238
-1.20578
0.738481
-1.2457
-2.46037
-0.591786
-0.435545
-0.637919
-0.570878
-0.570878
-2.18461
-2.12658
-2.14604
-2.14604
-3.3886
-3.3886
-3.17245
-1.05463
0.244349
1.77904
1.91383
1.7953
1.7953
2.00467
2.00467
0.251042
0.251042
0.816099
0.816099
0.225168
0.225168
0.225168
-0.718535
-0.718535
-2.84347
-2.84347
-1.59542
-0.544103
1.7621
1.7621
1.7621
1.7621
-0.535588
-2.47369
-2.47369
-2.47369
-2.57846
-2.57846
-2.57846
-4.51503
-2.52248
-2.52248
-2.52248
-0.463866
-1.044
-3.18102
-5.1406
-5.1406
-5.19785
-3.42026
-3.63582
-3.00669
-1.6625
-1.6625
-1.6625
-3.52163
-1.09023
-1.09023
0.884019
0.884019
0.884019
0.884019
2.32058
0.467199
-0.173736
-0.173736
-0.173736
-1.8034
-1.8034
-1.8034
-1.8034
-1.8034
-1.8034
-3.92628
-3.92628
-3.92628
-4.23254
-4.23254
-4.23254
-5.88065
-3.51285
-3.51285
-3.51285
-1.46676
0.976136
0.976136
0.976136
-1.55992
-1.50522
-0.0804198
0.329057
1.41879
-0.0917135
-0.0917135
-0.0917135
-0.0917135
-0.0917135
-0.0917135
-0.0917135
-1.15768
-2.0557
-2.0557
-3.59706
-2.73815
-2.73815
-2.73815
-2.42113
-2.42113
-2.42113
-1.1876
-1.1876
-1.9109
-4.00307
-1.90997
-1.90997
-1.90997
-1.90997
0.626704
0.626704
2.36541
4.51243
3.06669
3.06669
3.06669
3.06669
0.66691
-0.085759
-0.085759
-0.085759
-0.085759
2.34805
2.34805
2.34805
1.84338
-0.363048
2.1496
2.98071
2.02747
2.02747
-0.0180519
-0.0180519
-0.0180519
-0.0180519
-0.219783
-0.219783
-0.875072
-0.875072
-0.875072
-0.875072
-0.875072
-0.875072
1.73012
1.73012
1.73012
1.73012
1.73012
1.73012
1.545
1.545
1.545
0.396569
0.396569
0.396569
0.396569
0.396569
-2.20352
-2.20352
-1.22205
-1.74503
-1.74503
-1.23751
-0.396701
0.622047
0.622047
-0.358366
-2.87328
-4.90439
-4.90439
-4.90439
-4.90439
-2.86741
-4.81114
-4.81114
-4.81114
-4.81114
-2.95921
-2.95921
-2.95921
-2.95921
-3.35413
-3.35413
-4.31545
-4.31545
-6.71246
-8.72811
-6.03545
-5.19108
-5.19108
-7.20233
-7.20233
-6.95036
-6.95036
-6.95036
-6.95036
-6.95036
-6.95036
-6.95036
-6.95036
-6.74454
-7.149
-7.26616
-7.26616
-7.26616
-7.26616
-7.26616
-7.26616
-6.44341
-4.93834
-4.90691
-6.7236
-4.44343
-4.44343
-2.37148
-2.37148
-2.37148
-2.37148
-2.37148
-5.04238
-3.20731
-3.20731
-0.542449
-0.19966
-0.19966
-0.761205
-0.761205
-0.761205
-0.761205
-0.761205
-1.0794
-1.0794
1.23127
1.97313
1.97313
1.97313
0.935424
0.935424
2.81442
2.81442
2.81442
2.81442
2.81442
3.19975
3.19975
3.19975
3.19975
3.19975
1.70349
4.17582
1.86028
0.366408
0.366408
0.36486
1.6648
-0.452844
1.05394
1.05394
2.61058
2.61058
1.44256
1.44256
1.44256
1.44256
1.44256
1.44256
-0.984448
-0.984448
-2.0365
-3.37129
-3.37129
-3.37129
-1.5859
-1.5859
0.262456
0.262456
0.262456
1.33622
3.01842
4.47983
3.43148
3.01261
3.01261
3.01261
0.586888
1.83939
-0.366516
-0.14223
1.85368
1.85368
1.85368
-0.574672
-0.574672
-0.466719
-1.02141
-1.02141
-1.70325
-2.87183
-2.23282
-3.38683
-3.38683
-1.20523
-0.395367
-2.89324
-1.96716
-1.96716
-1.81569
-3.57558
-3.57558
-3.57558
-4.84096
-4.23212
-6.37271
-6.37271
-6.37271
-6.72029
-4.43387
-1.87283
-1.87283
-1.87283
-1.87283
-1.87283
-0.475965
-0.475965
-0.475965
-0.475965
-0.475965
-0.475965
-0.475965
-0.475965
-0.475965
-1.15168
-2.72199
-2.72199
-2.72199
-3.28865
-1.61023
-1.18933
-1.84876
-0.590791
-0.590791
-0.214604
-0.214604
-1.45417
-1.45417
-1.45417
-3.84872
-3.84872
-5.42515
-5.42515
-3.36214
-3.36214
-2.17908
-0.11898
-0.502179
-0.502179
-0.502179
-0.502179
-2.82033
-2.82033
-3.50803
-3.50803
-3.50803
-3.50803
-1.92677
-1.92677
0.408579
1.6014
3.52501
3.52501
5.34017
5.34017
5.34017
4.50292
4.50292
4.50292
4.50292
3.23473
3.23473
1.40534
1.40534
1.40534
2.90785
2.90785
2.41593
2.41593
0.031845
0.031845
0.031845
0.782442
-0.997249
-1.22993
-1.22993
-1.22993
-0.149945
-0.149945
0.595684
0.485548
0.485548
1.1368
2.97165
4.10448
3.50689
5.37141
5.37141
2.86484
2.86484
2.86484
3.4234
3.4234
5.69496
3.37753
3.37753
5.78544
4.69522
2.2881
2.2881
2.2881
0.0423315
-1.90631
-1.90631
-1.90631
-3.86176
-3.86176
-3.86176
-4.73195
-6.92333
-7.548
-8.2418
-7.89744
-7.89744
-7.89744
-8.12948
-7.41889
-6.59559
-5.33706
-6.49638
-6.49638
-4.09804
-2.26392
-3.30503
-1.20088
-1.20088
-1.20088
-1.20088
-1.20088
-1.20088
-1.20088
-1.20088
-1.80307
-1.80307
-1.80307
-2.19657
-1.01879
-2.50472
-0.986053
1.51338
1.51338
1.51338
-0.478244
-0.478244
-0.478244
-0.478244
-0.478244
-0.478244
-0.478244
-3.13558
-0.677146
-0.677146
-0.677146
-0.677146
-0.677146
-0.677146
-0.677146
1.52579
1.52579
1.52579
1.52579
1.52579
1.52579
-0.780839
-0.780839
-2.3009
-2.3009
-2.3009
-2.3009
-2.3009
-1.03932
-1.03932
1.3456
0.0813845
0.0813845
2.36022
2.36022
2.36022
-0.245137
-2.54589
-2.40226
-1.65589
-1.11602
-1.11602
-0.370939
-0.370939
-0.370939
-0.900021
-0.563804
-0.563804
-0.563804
-0.563804
-0.563804
-0.563804
-0.563804
-0.563804
-0.563804
-2.82812
-1.89636
-1.89636
-2.3521
-2.3521
-2.3521
-2.09481
-2.09481
-1.10935
-1.10935
-1.10935
1.12553
1.12553
1.12553
1.12553
3.73049
2.02687
-0.237066
-0.237066
-0.237066
1.18053
0.624319
-1.29787
-1.29787
-1.29787
-1.29787
-1.41824
-1.41824
-1.41824
0.390758
-1.82149
-1.82149
-1.82149
-1.82149
-2.47143
-2.47143
-1.09334
-1.09334
-1.09334
-1.09334
-1.09334
-1.09334
-1.09334
-1.09334
-1.09334
-1.09334
-1.09334
-1.09334
-1.09334
-1.09334
-1.09334
1.18627
0.412703
1.26593
1.26593
1.26593
1.26593
1.26593
1.26593
2.29221
2.29221
4.34535
4.34535
6.75014
6.75014
6.75014
6.75014
6.13065
6.13065
6.24834
3.83537
3.83537
1.92025
3.30603
4.79936
4.79936
4.79936
4.58377
4.58377
2.72929
1.70767
0.696745
1.88445
1.88445
-0.305986
-0.305986
-0.305986
-1.53837
-1.53837
-1.28705
-1.28705
-0.20076
-1.01872
-1.01872
-0.947227
-1.06685
-1.06685
-1.06685
-1.06685
0.584367
0.836571
0.836571
0.836571
0.836571
-0.217406
-0.217406
1.88548
1.88548
1.88548
1.88548
0.799962
0.799962
0.799962
0.575703
0.575703
-1.78073
0.0872611
-2.01015
-0.85295
-0.85295
-0.85295
-0.85295
-0.85295
-0.85295
-0.118555
1.6621
-0.114188
2.1252
2.1252
2.1252
1.48942
1.48942
0.986662
0.986662
0.986662
0.986662
0.986662
0.986662
0.986662
0.986662
0.986662
0.986662
0.986662
0.758855
0.758855
0.758855
1.66348
2.29897
-0.35728
-0.35728
-0.878941
-0.878941
-1.86128
-1.43593
-1.43593
0.39967
-0.827728
-0.816351
-1.30365
-1.30365
-1.46929
-1.46929
-1.46929
-1.46929
0.720092
0.720092
-0.371888
1.7479
1.47979
1.97066
2.45312
2.45312
2.45312
3.24183
3.24183
2.97499
2.40454
1.59869
1.59869
1.59869
0.58658
0.58658
0.58658
-1.41027
-1.41027
0.832317
0.832317
0.832317
0.832317
1.74322
3.4786
3.4786
4.48014
4.48014
2.57374
1.52687
1.52687
1.52687
1.52687
1.52687
1.52687
-0.893532
-1.52549
-3.14539
-3.14539
-2.77319
-3.62201
-3.58682
-3.58682
-3.44387
-3.44387
-1.84789
-1.84789
-1.84789
-1.84789
-3.1425
-3.4926
-2.80285
-2.80285
-2.80285
-2.42767
-5.01029
-2.9069
-1.86963
-1.86963
-1.86963
-0.221662
-0.221662
1.03323
1.03323
1.03323
1.03323
0.728259
0.728259
-1.62733
0.844169
0.844169
2.25738
-0.320039
-0.146535
-1.84501
-3.77742
-3.77742
-3.77742
-1.86523
-3.68469
-3.68469
-5.5755
-3.09349
-3.25811
-3.25811
-1.89853
0.440748
0.440748
0.187732
0.187732
0.187732
0.187732
0.187732
0.187732
-0.288827
-0.288827
-0.288827
-0.288827
-0.288827
-1.458
0.717353
2.12108
-0.208706
-2.1955
-2.1955
-1.81034
-1.81034
-1.81034
-3.48266
-4.21632
-4.21632
-4.21632
-3.42686
-3.42686
-5.20225
-4.13272
-6.06692
-6.06692
-6.06692
-6.06692
-6.06692
-3.90924
-1.29025
-0.752469
-1.47384
-1.47384
-1.47384
-1.47384
-1.47384
-1.47384
-1.47384
-3.08724
-3.08724
-3.08724
-3.08724
-3.08724
-2.61124
-2.61124
-0.298207
-0.298207
-0.775296
-0.775296
-1.00446
-1.69884
0.415937
0.878099
0.878099
0.878099
0.878099
0.878099
-0.844568
-0.844568
-0.844568
0.413016
2.17396
2.51451
2.88915
0.446821
0.446821
1.1381
1.1381
0.0692285
0.0692285
2.52562
2.52562
2.4861
2.4861
0.357516
0.357516
0.357516
0.357516
0.169978
0.169978
-1.88167
-0.0632914
1.72274
3.52941
3.65961
3.0326
3.0326
4.36609
4.36609
4.36609
4.36609
2.32912
2.32912
0.297457
2.88614
1.04145
0.8722
1.12245
-1.20328
-1.20328
-1.20328
-0.833221
-0.833221
1.11634
1.11634
3.73516
3.73516
3.73516
3.73516
5.18924
5.18924
3.09594
3.09594
0.443554
0.443554
0.443554
0.443554
2.9445
1.94799
1.94799
0.236449
0.236449
1.16405
1.16405
-0.818193
-0.818193
-0.818193
0.756211
2.69395
3.42194
2.14514
2.14514
2.14514
3.42056
3.42056
3.42056
2.14214
2.14214
2.14214
2.14214
2.14214
3.45389
3.45389
5.07334
5.07334
5.07334
5.07334
4.62409
3.88823
4.37971
4.37971
2.40222
2.40222
2.40222
1.45476
1.45476
1.45476
1.45476
-0.590662
-0.923451
-0.923451
-3.38091
-2.4874
-1.39872
-1.39872
-1.39872
-0.796303
-1.50153
-1.50153
-1.50153
-1.50153
-1.36445
-1.36445
-1.36445
-2.39171
-2.39171
-3.49651
-3.49651
-0.905082
-0.905082
1.30603
3.55459
3.55459
3.55459
3.55459
3.6537
3.6537
3.6537
1.38408
1.38408
1.92267
0.0916926
-0.331409
-0.331409
-0.331409
-0.331409
0.0327275
0.0327275
1.33997
2.35893
2.35893
0.0238164
-0.433615
-0.433615
-3.04915
-3.96628
-2.78157
-2.78157
-2.78157
-2.78157
-1.34002
0.738274
-0.407228
-0.407228
-0.407228
-0.407228
-0.407228
-0.529682
-0.529682
-0.529682
1.62769
3.81998
3.81998
5.7133
4.83973
5.07659
4.35227
1.79789
3.57612
2.38342
0.354518
0.354518
0.354518
0.480919
-2.13162
-2.56553
-2.56553
-2.56553
-0.665751
-0.665751
-0.665751
-0.665751
-1.83346
-1.95033
-1.95033
-4.20884
-2.93896
-0.602497
-0.602497
-2.83974
-3.39328
-3.39328
-3.39328
-1.24077
-1.24077
-1.24077
-1.24077
-1.24077
-1.24077
-1.24077
-0.906779
-0.906779
-1.37336
-0.903331
-0.903331
1.64588
1.64588
1.64588
-0.865162
-1.27514
-0.271877
2.27334
1.13168
1.13168
1.13168
-1.14079
-1.14079
-1.14079
-1.14079
-0.760777
-0.760777
-2.26434
-2.26434
-0.126261
2.25265
-0.214454
2.12862
0.0932518
0.0932518
0.40656
0.40656
0.40656
0.40656
-0.588872
-2.82076
-4.59271
-4.59271
-3.9864
-3.9864
-3.9864
-1.45123
1.13507
1.13507
0.29494
0.29494
-0.648379
-0.648379
0.63959
-1.82885
-0.226534
-0.226534
0.42359
0.42359
-1.16954
-1.16954
-1.16954
0.40338
0.727298
-1.89715
-1.89715
-1.9262
0.0228813
-1.58922
-1.58922
-0.67278
-1.12876
-1.12876
-1.12876
-1.12876
1.55543
1.01854
0.844744
-0.0946577
-0.0946577
-2.14335
-3.06882
-0.829714
1.06466
1.06466
1.04073
2.79149
0.843655
1.54813
0.962507
0.0185829
0.0185829
0.0185829
0.0185829
-0.044047
-0.044047
-0.044047
1.92115
1.92115
1.92115
1.92115
1.92115
1.99436
-0.104647
1.68994
1.68994
4.26864
4.26864
4.26864
2.16667
-0.1029
1.97497
1.97497
2.88064
0.361087
1.05239
3.50459
2.43226
1.49104
1.55947
1.55947
4.2242
2.5109
2.98147
2.98147
2.98147
2.98147
2.44297
2.44297
2.71243
2.71243
4.76928
6.23442
6.31232
6.74127
6.74127
5.23877
2.84118
2.84118
2.84118
2.84118
1.22265
1.22265
1.22265
1.26248
-0.512582
-0.512582
-0.512582
-0.512582
-0.512582
-0.512582
-2.1847
-2.1847
-0.743917
0.571243
1.38129
0.333174
0.333174
0.333174
0.333174
0.333174
0.333174
0.333174
0.333174
0.333174
1.87801
1.87801
1.87801
1.87801
1.87801
-0.797831
-0.797831
-0.797831
1.41658
-0.378001
0.189755
-2.10658
-2.10658
0.29231
0.29231
2.23113
0.267358
2.80093
2.80093
2.08946
2.08946
2.08946
0.775896
-1.37972
-0.320963
-2.92848
-2.92848
-2.92848
-2.65448
-1.11737
-1.11737
1.25952
3.95256
3.95256
3.65238
3.65238
3.65238
3.65238
3.65238
3.10447
2.95421
2.52522
4.27368
4.94609
4.94609
2.74325
2.74325
2.74325
2.74325
2.74325
4.43399
4.88512
4.88512
4.11378
1.71593
1.71593
1.71593
2.86634
2.18247
2.18247
0.895759
0.895759
0.895759
0.639911
0.639911
0.616913
0.616913
0.837586
0.879823
0.879823
0.879823
0.879823
1.1447
-0.26946
0.833801
-0.907578
-0.907578
0.194156
1.96192
1.96192
0.283383
0.283383
0.283383
-1.68106
0.269964
0.269964
0.269964
-1.26161
1.2836
-1.29317
-1.29317
-1.29317
-1.29317
-0.845708
-2.05846
-2.05846
-2.88534
-2.88534
-2.88534
-1.34168
-1.34168
-0.70582
-0.70582
0.700575
-1.96088
-1.96088
-1.96088
-1.96088
-1.96088
-4.11524
-4.11524
-2.24408
-3.23623
-2.01284
-2.01284
-0.0293426
2.55703
3.72529
3.72529
3.72529
3.72529
3.72529
1.13826
1.13826
1.84739
3.68503
1.90999
1.48929
-1.137
0.354667
0.329791
0.329791
-2.02492
-2.02492
0.0916421
1.57472
1.7404
1.94167
1.03133
0.651316
0.651316
-1.92877
0.179814
-0.757444
0.401217
0.401217
1.74753
1.74753
1.74753
1.74753
-0.879201
-1.773
-1.773
-3.84842
-2.82071
-2.60078
-2.60078
-2.60078
-2.60078
-0.596504
-1.13214
-1.13214
-1.13214
-1.13214
-1.13214
-1.13214
-1.13214
-1.13214
1.5359
1.5359
1.5359
1.39161
1.39161
1.39161
1.00706
-0.924504
0.606861
1.45876
1.45876
1.50011
1.62407
1.69232
2.01007
2.01007
2.01007
2.01007
2.01007
2.27836
3.82342
2.37843
2.37843
2.37843
0.819564
0.782737
0.782737
2.1762
2.1762
2.1762
4.11423
1.7153
1.84538
1.84538
3.3246
3.3246
1.23172
1.23172
2.75412
1.19056
1.19056
1.19056
1.08799
1.08799
1.95318
1.95318
1.95318
1.95318
1.95318
1.95318
3.43769
5.79272
5.75445
5.75445
3.90911
3.90911
5.38525
6.57732
6.55922
6.55922
3.89767
3.02658
4.19989
3.10898
3.27935
3.27935
1.1776
1.1776
2.52865
1.51468
1.51468
2.89983
3.37567
3.37567
4.80119
4.80119
6.2124
6.2124
5.5992
5.5992
5.5992
7.01551
7.75406
7.75406
7.69589
7.81966
5.48381
7.06909
4.63207
2.06359
0.501392
0.501392
-1.91418
0.0409608
0.0409608
0.0409608
0.0409608
2.34444
3.35185
3.35185
5.90075
5.90075
5.90075
5.79807
5.47301
3.74674
3.89536
3.89536
1.90578
0.996937
0.818035
0.818035
-1.83127
-1.83127
-1.83127
-1.83127
-0.00194726
2.64345
2.64345
2.64345
2.64345
4.43637
4.43637
4.43637
2.34101
2.34101
2.34101
0.617365
0.617365
0.0462983
0.0462983
-1.37946
-1.37946
-0.964756
-0.964756
-0.964756
-2.58601
-4.71026
-4.71026
-2.7416
-2.26812
-0.673259
-0.673259
-0.673259
1.06631
1.06631
-0.412459
-0.412459
-0.980899
-0.980899
-0.875456
1.65821
1.65821
1.65821
1.65821
1.65821
0.283412
0.283412
0.283412
0.283412
-1.26629
-0.87133
-1.6233
-0.347938
-0.525822
-0.525822
-0.525822
-1.61781
0.411543
0.411543
2.3283
0.179702
1.74885
1.74885
1.74885
-0.301442
-0.301442
2.36226
1.30632
2.09502
3.67699
3.67699
3.67699
2.16728
1.45567
1.45567
1.45567
0.445317
0.445317
-0.993873
-3.5812
-3.5812
-3.5812
-1.39809
-0.312778
-0.426966
-0.207739
-2.89176
-1.29483
-2.34699
-2.34699
-2.34699
-2.34699
-2.57566
-2.57566
-0.578169
-0.578169
-0.578169
-0.578169
-0.578169
-0.578169
-0.578169
-0.578169
-0.578169
0.375639
1.38387
2.69623
3.79574
3.79574
3.79574
1.54872
4.20289
2.3719
2.3719
2.3719
2.3719
3.34772
2.6347
0.319805
0.319805
0.319805
-0.852725
1.55629
4.01793
3.28796
3.28796
3.28796
1.02674
1.79461
2.27176
-0.122394
-0.122394
-1.16924
-0.345545
-0.345545
-1.60919
-3.30944
-2.42268
-2.42268
-3.758
-3.758
-2.57213
-2.57213
-2.57213
-1.2093
-1.2093
-0.789461
0.918749
0.761591
2.44888
0.29416
0.29416
0.29416
-0.11715
-0.11715
0.47818
0.47818
0.47818
-2.12136
-2.12136
-3.22378
-3.54421
-3.38527
-2.12399
-2.12399
-2.78348
-4.51075
-4.51075
-5.68609
-4.38279
-4.57535
-5.40591
-5.40591
-4.04281
-4.04281
-4.46771
-4.46771
-4.58392
-4.58392
-4.58392
-6.24644
-3.81269
-3.37329
-3.37329
-3.37329
-3.37329
-3.37329
-2.10238
-2.10238
-2.10238
-2.52132
-2.52132
-2.52132
-2.52132
-0.394415
-0.394415
-0.394415
-1.13228
-1.13228
1.19874
1.19874
1.80349
1.76776
1.76776
1.83832
-0.814675
-0.814675
-0.814675
-0.814675
-0.814675
-3.21759
-4.00323
-5.19332
-2.57437
-0.0328102
0.833457
0.833457
0.833457
0.833457
0.833457
-0.053848
-0.053848
1.45401
1.45401
2.74773
2.74773
4.86745
4.86745
3.36756
4.5678
4.5678
4.5678
4.5678
3.39313
3.39313
2.30244
2.30244
2.30244
2.30244
3.40356
3.40377
2.58579
4.11874
3.11667
3.11667
3.11667
3.51032
3.51032
3.51032
3.51032
3.51032
3.51032
3.51032
4.37686
3.20403
3.20403
1.75808
1.75808
1.75808
-0.492915
-2.2304
-2.2304
-2.2304
-2.2304
0.244939
-1.94849
-1.94849
-2.2084
0.221961
1.11841
3.24825
5.23
3.15735
0.716103
-1.55756
-1.72275
-0.750634
-0.750634
-0.750634
1.46416
3.97906
4.83867
4.93297
4.93297
3.36778
4.92431
4.92431
5.48447
3.04561
3.15736
3.15736
1.48129
1.48129
0.486429
0.486429
0.747821
0.747821
0.747821
0.747821
0.747821
0.747821
-0.286494
-0.286494
-0.286494
-0.286494
-0.286494
-1.61544
-1.61544
-1.61544
-1.61544
-1.61544
0.175164
0.175164
-0.743337
-0.743337
-0.743337
-0.743337
-0.743337
-0.743337
-0.743337
-0.743337
-0.743337
-0.743337
0.0856088
1.13425
1.80928
1.80928
1.29162
1.29162
-0.301362
-2.34278
-1.56713
-1.56713
-2.16858
-2.16858
0.0969869
-1.80455
0.564617
2.18271
-0.255621
-0.255621
-0.255621
-1.60577
-2.54137
-2.00779
-2.00779
-1.18867
-1.18867
-1.18867
-1.18867
-2.74154
-2.74154
-2.74154
-2.74154
-0.963929
1.00885
1.00885
1.00885
-0.087325
-0.693461
-1.44243
-1.44243
-1.44243
-1.89032
-0.497022
-0.260375
2.22186
2.22186
2.22186
2.22186
1.32349
3.40335
2.06372
2.06372
2.06372
2.06372
-0.512969
1.32655
3.35884
1.19211
2.59413
3.81588
3.81588
6.10331
6.46194
4.19144
4.19144
4.19144
3.9201
3.9201
3.51171
3.51171
1.17182
1.17182
1.17182
1.17182
1.17182
-0.219905
-0.280712
-0.280712
-0.280712
-2.03541
-2.03541
-2.03541
-2.03541
-2.03541
-2.03541
-2.03541
-2.03541
-0.688946
-0.688946
-0.0264299
-0.0264299
2.30663
0.444748
2.5789
0.306147
0.306147
2.88045
1.19616
2.66514
0.131358
1.72353
3.8082
3.8082
3.8082
6.46884
6.46884
6.46884
8.28378
7.73412
6.02546
6.02546
4.23565
4.23565
4.23565
4.23565
4.94948
5.32807
5.32807
5.32807
4.75204
4.75204
6.55842
6.55842
6.55842
6.55842
4.74382
4.74382
4.74382
4.74382
2.33025
-0.360754
-0.360754
-0.360754
0.671781
-1.22645
-1.5967
1.04729
1.04729
1.04729
1.04729
3.57306
3.51158
4.65871
2.83945
0.556756
2.21342
1.91674
1.91674
3.42254
1.98627
1.98627
1.98627
3.494
3.494
3.494
3.494
3.494
3.494
3.494
5.08307
4.21065
1.91708
-0.139057
-0.139057
-0.139057
-1.46541
-1.46541
-1.46541
-1.46541
-1.46541
-2.37087
-2.65745
-0.838377
-0.838377
-2.38762
-2.76705
-4.74796
-3.99288
-2.77359
-2.77359
-2.77359
-2.77359
-1.50239
-1.50239
-1.93679
-1.64547
0.628518
-1.15337
-3.22722
-3.22722
-1.89631
-1.89631
-1.42128
-0.51651
0.540457
1.9057
4.07631
4.59666
2.87162
4.38291
4.38291
3.27613
3.27613
2.1615
1.72657
3.1601
2.16864
2.16864
0.994677
-0.51184
-2.49133
-0.803656
-0.803656
-0.803656
-0.803656
-0.530502
0.633717
2.63803
2.63803
2.63803
2.63803
2.83047
3.98541
2.14604
1.30417
1.30417
1.30417
2.89382
2.89382
5.56818
4.59846
3.33844
3.49149
3.49149
2.11982
2.11982
2.29057
2.29057
2.29057
2.29057
2.83175
2.83175
2.83175
2.2185
2.2185
-0.187116
-2.82557
-2.31795
-2.31795
-0.493657
-0.493657
-2.40387
-2.40387
-2.40387
-0.7899
1.4223
1.4223
-0.1873
-0.1873
-0.1873
-0.1873
1.08703
1.08703
3.47397
4.96925
4.96925
4.69349
3.15696
1.97737
0.103314
-0.202926
-0.202926
-0.202926
-0.349561
-0.349561
1.17664
1.85277
1.85277
1.85277
2.62917
0.941774
0.874444
2.46711
2.99418
2.99418
5.45023
7.77796
7.77796
7.77796
9.81618
9.81618
10.3303
10.3303
11.3911
11.3911
11.3911
9.1593
7.56528
6.35495
5.96817
5.96817
3.73759
6.26635
6.26635
4.28897
4.28897
1.84512
1.84512
1.21577
1.21577
1.21577
1.21577
3.65961
1.26995
1.26995
1.26995
-1.03087
0.219583
0.219583
0.219583
2.50953
0.949448
0.949448
0.949448
0.922461
0.922461
3.16163
3.16163
3.16163
1.0994
1.62413
1.62413
1.27219
0.443208
0.443208
-0.26112
-1.8897
-1.8897
-1.8897
-1.13212
0.245996
0.245996
0.245996
0.245996
0.878346
0.878346
0.878346
0.878346
0.878346
0.878346
-0.627843
-0.627843
-0.627843
-1.17587
-2.9541
-1.35331
-1.35331
-0.598159
-0.598159
0.513341
2.69055
2.69055
0.967202
1.11304
1.11304
1.11304
1.11304
0.906541
0.47912
0.47912
0.672764
-0.491617
-0.491617
-0.491617
-0.491617
-0.491617
-0.491617
-0.491617
2.01851
2.01851
1.49947
-0.145969
-0.145969
-0.145969
0.576246
0.576246
-0.971834
-0.605876
-0.605876
-0.605876
-0.605876
1.42518
3.67507
2.76961
2.76961
4.8249
4.8249
5.31518
4.14234
3.96904
5.87146
6.72859
7.23745
7.23745
5.14567
5.14567
3.45561
2.30477
-0.118614
-0.118614
-0.565686
-0.565686
-0.565686
-0.565686
1.5413
1.5413
1.5413
3.02774
2.9281
0.996039
1.53321
1.53321
1.53321
1.53321
1.53321
2.16809
2.16809
0.811922
0.811922
0.811922
0.811922
-1.14658
-1.14658
-1.14658
-1.10967
1.21918
1.21918
1.21918
3.42713
3.42713
4.71803
7.2488
5.10579
4.25119
3.85427
2.99692
2.99692
2.99692
2.99692
2.99692
2.99692
2.99692
3.6691
3.06905
2.52067
1.03588
1.03588
1.03588
1.03588
-0.404392
-0.713013
-2.61901
-2.61901
-5.23998
-5.23998
-5.23998
-7.07076
-8.76617
-8.76617
-10.4318
-10.4318
-9.56621
-9.80489
-8.34733
-8.34733
-8.34733
-8.34733
-7.56165
-9.82445
-7.99465
-9.82575
-9.3534
-7.08668
-5.51433
-5.10795
-6.36041
-7.32366
-7.32366
-7.32366
-5.09243
-5.09243
-6.93062
-5.61863
-7.76592
-9.72551
-8.66757
-8.66757
-7.31939
-5.32061
-3.86046
-2.10501
-2.23485
-2.23485
-2.23485
-2.23485
-1.91497
-0.253781
0.576108
0.00698766
0.00698766
2.29109
0.012033
0.669432
0.669432
1.59793
0.155697
0.155697
-1.99384
-1.99384
-1.99384
-1.99384
-1.99384
-1.99384
-1.99384
-3.90683
-2.7407
-2.7407
-2.7407
-2.7407
-2.5077
-2.14379
-0.376279
-0.376279
-0.376279
-0.376279
-0.194454
-0.194454
-0.194454
-1.7446
0.446822
0.769415
-0.41467
-1.74436
-1.74436
-1.74436
-1.74436
-0.169023
-0.169023
-0.169023
-0.169023
-0.169023
-0.169023
-0.169023
-0.169023
-0.169023
-0.169023
0.481422
0.481422
1.95004
1.95004
3.17395
3.17395
3.17395
3.17395
4.71909
4.71909
4.71909
4.71909
4.71909
6.19253
8.48012
8.48012
6.84669
8.27886
6.35045
6.35045
4.23311
4.61702
3.67671
3.67671
3.67671
2.93567
2.93567
3.32948
5.00583
6.20854
6.20854
6.20854
6.20854
7.36565
6.29874
7.85354
7.85354
7.85354
7.56237
7.56237
5.00473
5.00473
5.63042
5.63042
5.00252
5.00252
5.00252
5.00252
4.09984
2.26599
3.10428
3.10428
3.68616
5.036
3.22028
0.630387
0.630387
3.02394
3.02394
3.02394
5.36058
4.81773
7.19994
5.2532
5.2532
6.71587
7.62611
7.73118
8.66413
8.66413
8.66413
6.84454
6.05706
6.05706
6.60086
3.94322
3.94322
4.75936
4.75936
4.91403
5.13095
7.09829
6.23416
6.23416
5.59193
5.59193
7.06512
7.16853
7.16853
7.16853
6.1262
3.98421
4.12187
4.12187
3.06778
0.691999
0.691999
-1.78011
-0.790314
-0.790314
-0.790314
-3.36876
-1.79707
-2.71048
-2.71048
-2.71048
-2.71048
-2.71048
-2.71048
-2.71048
-2.71048
-2.62674
-2.62674
-2.62674
-2.62674
-2.62674
-0.305131
-0.305131
-0.305131
-0.332784
-2.32342
-2.32342
-2.32342
-1.78223
-1.78223
-1.78223
-1.96099
0.48393
0.48393
0.48393
2.01133
0.608428
2.86552
0.594787
0.594787
0.594787
-0.39418
-0.39418
0.552928
0.552928
1.09779
1.09779
1.09779
2.73945
2.73945
2.73945
3.99888
4.73236
3.46039
0.795848
0.795848
1.25499
1.25499
-0.0869865
-0.0869865
-0.0447021
-0.0447021
-0.0447021
0.335446
2.64513
2.64513
0.687467
1.76611
1.76611
-0.456785
1.34079
1.34079
1.34079
3.12127
3.31453
4.19479
4.19479
4.19479
1.77681
-0.570195
-0.570195
-0.570195
-0.570195
-1.08752
0.908778
0.908778
2.94311
3.44056
1.3057
1.3057
1.3057
3.61353
1.9665
1.9665
0.330647
0.330647
0.330647
0.330647
2.05057
1.16512
0.396629
0.396629
0.709215
0.709215
2.47338
2.47338
0.165632
0.165632
-0.0937832
-0.0937832
-0.0937832
-0.0937832
1.49473
1.49473
1.49473
0.427865
-2.11129
-2.39575
-2.39575
-2.39575
-1.20714
-1.20714
-2.7664
-2.7664
-3.97164
-2.28518
-1.6024
-1.37632
-1.37632
-1.64529
-4.18507
-4.43012
-3.23833
-2.47241
-3.90655
-3.90655
-3.90655
-5.44265
-5.44265
-5.86024
-5.79793
-5.79793
-5.79793
-5.79793
-5.79793
-5.79793
-6.54188
-5.23214
-5.37922
-7.26148
-6.76778
-6.76778
-6.76778
-6.21664
-6.21664
-6.21664
-6.21664
-6.21664
-6.21664
-5.53965
-4.40358
-4.40358
-4.40358
-4.60003
-3.82823
-3.82823
-2.34081
-2.34081
-0.0416307
-0.0416307
-2.13441
-2.13441
-2.13441
-2.09872
0.422525
0.422525
0.129259
0.129259
0.129259
0.129259
0.129259
0.129259
1.71624
3.98014
3.35046
3.35046
1.4648
2.22722
2.22722
2.22722
2.4046
1.82972
1.82972
1.82972
0.711939
0.711939
0.711939
0.711939
0.711939
1.83978
1.83978
1.83978
0.998661
1.38818
2.04614
2.04614
2.04614
1.53333
1.53333
-0.0838333
-0.0838333
-0.0838333
-0.0838333
-0.0838333
-0.437348
-0.16442
-0.16442
-0.16442
-0.16442
-0.16442
-0.16442
1.46253
2.69434
1.63727
0.421241
0.421241
0.421241
-1.26482
-1.26482
-1.26482
-1.26482
-1.26482
-1.0242
-1.38159
-1.38208
-1.08025
-2.18582
-1.72739
-1.15258
-0.71837
-0.71837
1.80445
1.80445
1.80445
1.80445
1.80445
1.80445
1.80445
1.80445
3.6193
3.6193
3.91822
3.91822
3.91822
2.4356
2.4356
-0.0533584
-0.0533584
-2.25403
-2.25403
-3.88323
-1.80099
-2.82587
-2.82587
-2.82587
-0.358482
-0.358482
-0.358482
-0.358482
2.07862
2.73792
0.407746
2.02857
0.0327529
-2.31542
-0.742493
-0.742493
-0.742493
-2.30783
-0.920252
-0.920252
1.69226
1.69226
0.713114
-1.50537
-1.01504
-1.01504
-2.82679
-0.193727
0.502297
-0.202969
-0.202969
-0.202969
1.34728
1.34728
1.34728
1.34728
1.34728
2.55404
2.66445
2.66445
2.66445
2.66445
2.66445
2.66445
2.66445
2.66445
2.66445
3.50243
4.2666
2.88229
2.88229
1.56395
1.56395
1.56395
-0.745917
1.61851
4.16621
6.6283
6.6283
8.26933
6.25776
6.25776
7.113
4.59972
5.26059
6.94982
6.94982
9.0686
7.74881
7.93639
7.93639
7.93639
8.50015
8.50015
5.87656
5.86326
6.32883
6.32883
6.32883
5.8084
5.8084
5.8084
5.8084
5.8084
5.69047
3.37256
3.08299
3.08299
1.55425
-0.997464
1.27112
3.33793
1.64959
3.5791
3.5791
3.32672
2.19676
2.19676
3.52999
3.52999
3.52999
3.52999
2.23766
2.23766
2.23766
2.23766
2.71988
2.58249
4.05942
1.52453
2.9539
2.9539
3.02444
3.02444
3.02444
1.34729
1.34729
1.34729
1.34729
1.34729
1.34729
1.72143
1.72143
1.72143
2.66459
0.375258
0.375258
0.375258
2.88595
2.51645
3.31986
3.14098
3.14098
3.14098
2.92631
0.910109
0.910109
-0.607264
-1.87497
-1.87497
-0.335266
-0.335266
-0.335266
-0.335266
-0.335266
-0.335266
-0.335266
-0.335266
-0.335266
1.11982
1.11982
1.11982
1.11982
1.11982
1.11982
-0.0632361
-1.1188
-1.1188
0.444284
0.444284
1.09956
-1.0063
-1.0063
-2.54904
-2.54904
-0.798352
-0.231156
1.56501
1.56501
0.974496
0.974496
0.974496
0.974496
0.974496
0.974496
3.00395
3.00395
4.09322
4.09322
1.90417
1.90417
2.37814
2.37814
2.37814
2.37814
1.07142
-1.17479
-1.17479
-1.17479
0.246388
0.246388
2.85229
1.30642
1.30642
-0.947536
-0.947536
0.011667
0.011667
0.671867
-0.554948
2.11875
2.11875
0.517859
0.517859
0.517859
0.517859
-1.28104
1.1386
1.46888
3.49041
4.46634
4.46634
2.67841
0.183435
0.183435
0.183435
2.69101
2.69101
3.7947
3.7947
1.83612
-0.0505004
-0.417691
-2.90641
-1.46601
-1.46601
-1.46601
0.602884
0.602884
0.602884
0.602884
-0.364287
-1.92688
-1.92688
-1.92688
-1.92688
-2.60401
-2.60401
-2.60401
-1.46275
-1.46275
-3.56325
-1.78879
-1.78879
-1.78879
-1.78879
-1.78879
-1.78879
-0.441883
1.72387
-0.109379
-0.109379
-0.109379
-0.109379
-0.109379
-0.109379
-0.109379
-0.109379
-2.62578
-2.62578
-2.93604
-2.93604
-2.93604
-2.85179
-1.41897
-1.41897
1.25329
1.54241
1.54241
1.54241
1.54241
-1.14119
-1.14119
-1.14119
-1.14119
0.585002
0.585002
0.585002
0.585002
-0.107322
-0.107322
0.452232
-0.271822
1.71678
0.960504
0.960504
0.960504
0.960504
0.960504
0.960504
0.960504
0.960504
-1.67578
-1.67578
-1.67578
0.466431
0.466431
0.466431
-1.63936
-1.63936
-1.63936
-1.63936
0.875821
0.875821
-1.48222
-1.48222
0.623553
0.623553
0.292965
1.99102
1.99102
1.99102
-0.587732
-0.587732
-0.587732
-0.587732
-0.587732
-0.587732
-0.587732
-0.587732
-0.587732
-0.587732
-0.587732
-0.587732
-0.587732
-0.587732
-0.587732
1.21392
1.21392
1.21392
1.21392
1.21392
1.21392
1.21392
-1.15579
-1.15579
0.890441
-0.670379
1.43202
1.43202
1.43202
1.07775
1.07775
0.688411
0.688411
0.688411
0.688411
-1.97015
-1.97015
-1.97015
-0.0731295
-1.8234
0.150334
-0.200418
-2.64638
-2.64638
-0.775978
-0.775978
-0.775978
-0.775978
-1.26507
-1.26507
-1.26507
-3.37247
-0.722794
0.138407
2.3541
-0.0742468
-0.0742468
-0.0742468
0.274433
-2.01249
-2.01249
-2.01249
-2.44946
0.227886
0.704804
0.0514311
0.0514311
0.0514311
0.0514311
-2.22103
-0.500191
0.0511826
0.0511826
0.0511826
-2.46562
-2.46562
-2.46562
-2.46562
-2.46562
-2.46562
-0.594309
-2.52009
-3.7423
-1.92845
-1.92845
-0.117515
1.97155
1.97155
1.97155
1.11258
-1.40745
-1.40745
0.813602
-0.787696
-0.787696
-1.46858
-1.46858
0.571659
0.932491
-0.379355
-0.379355
-0.507074
0.0589027
0.0589027
-2.22305
-2.48678
-0.0571139
-0.0571139
-0.0571139
-2.53395
-0.15303
-0.595562
1.60239
1.60239
-0.889385
-1.2486
-1.2486
-2.88127
-0.688117
0.914442
0.0990706
-0.950347
-0.950347
-0.950347
-0.950347
-2.55937
-1.13893
-1.13893
-0.305672
-1.26167
-1.66413
-0.669448
-0.446072
-0.446072
1.32516
1.37302
-0.397955
-0.397955
-0.397955
2.13773
2.13773
3.82811
5.23661
5.63788
3.72216
2.28091
4.08649
1.97969
1.97969
-0.362006
-0.362006
-1.70466
-1.70466
-1.70466
-1.70466
-0.459127
-0.459127
-0.459127
-0.459127
-0.459127
-0.459127
-1.09092
-1.09092
-2.69424
-0.0345588
-0.0345588
0.30704
1.46733
1.46733
1.46733
-0.411036
-1.7153
-4.30056
-5.9851
-6.84517
-5.17293
-5.17293
-5.17293
-5.17293
-3.53163
-3.53163
-3.53163
-1.32669
-1.10863
0.520198
-2.03637
-4.50598
-4.50598
-4.50598
-3.05993
-3.05993
-5.22759
-5.65465
-3.77416
-3.77416
-3.77416
-2.78239
-2.78239
-2.78239
-3.71132
-3.71132
-3.71132
-4.08454
-3.74976
-2.29113
-2.29113
-3.68384
-1.78923
-1.78923
0.426944
0.426944
0.371324
-1.51591
-1.31656
-1.99668
-1.99668
-1.99668
-3.7174
-3.7174
-3.7174
-4.68537
-3.9037
-1.69692
-1.69692
0.302472
0.302472
2.75996
2.75996
2.75996
1.67087
1.67087
0.89836
-0.697519
-2.92522
-2.92522
-5.17086
-5.17086
-5.17086
-3.95082
-3.40569
-1.92264
-1.93672
-1.93672
0.426967
-1.93503
-3.03614
-2.00822
-2.00822
-2.00822
-0.990164
-0.990164
-0.990164
-0.990164
-0.990164
-2.25925
-0.467755
-0.467755
-0.467755
-0.467755
-0.467755
1.16554
2.37388
2.59806
0.198743
0.198743
0.198743
1.27856
1.27856
-0.227681
-1.38438
-1.5417
-2.56345
-2.974
-1.22417
-1.49123
-1.0343
1.0575
-0.729257
-1.7688
-1.7688
-2.60378
-2.60378
-2.60378
-0.763656
-0.763656
-1.73445
-1.73445
0.0564134
0.0564134
0.0564134
-1.19871
0.914566
0.826284
0.826284
0.826284
0.826284
-1.53547
-1.53547
-1.53547
-1.53547
-1.53547
-1.53547
-1.53547
-1.53547
-1.53547
1.00826
-1.6848
0.157917
0.157917
-0.777509
-0.777509
0.15851
0.15851
0.15851
-2.00253
-1.1016
0.247379
0.247379
-2.30406
0.0259593
0.0259593
0.0259593
0.753631
0.753631
-0.0209838
-0.0209838
0.510414
-1.3793
-2.54645
-0.957086
-0.957086
0.568898
0.568898
0.568898
-0.131145
-0.131145
0.0663766
0.0663766
0.0663766
0.0663766
0.0663766
1.81934
-0.360058
-0.360058
-0.943986
-0.956113
-0.956113
-0.956113
-3.28582
-3.28582
-2.10605
-3.9293
-3.9293
-3.93338
-3.96146
-2.0283
-2.0283
0.48208
0.48208
-1.61588
-2.73143
-2.73143
-4.42302
-3.74947
-1.75497
-1.75497
0.604575
0.604575
0.604575
0.604575
-0.544733
-0.893381
-1.63892
-1.63892
-1.63892
-3.09144
-2.22024
-0.350924
-0.350924
-0.350924
-2.35806
-1.98624
0.309872
0.563379
-1.29617
-1.29617
-2.57319
-2.57319
-0.834343
-0.834343
1.8148
1.8148
-0.103001
-0.103001
-0.103001
2.00575
3.50926
3.50926
3.70617
3.70617
3.70617
1.82046
2.33953
1.2317
2.128
2.128
1.35696
0.346183
-1.59809
0.911962
0.911962
-1.24604
0.149626
0.149626
0.149626
0.149626
0.149626
0.149626
0.149626
0.149626
0.149626
0.149626
0.149626
0.149626
0.149626
0.964544
0.964544
0.964544
0.964544
-1.42512
-0.209224
-2.26838
-2.26838
-0.77101
-0.77101
-0.77101
-0.594069
-0.594069
-0.755933
-0.755933
-0.755933
-2.78132
-1.22223
-2.53263
-0.736342
-0.736342
-0.736342
-0.736342
-0.736342
-0.736342
-0.736342
-0.736342
1.69339
1.69339
1.69339
1.69339
1.69339
-0.828051
-0.828051
0.657945
0.266972
1.03559
1.39002
1.39002
1.39002
1.39002
1.39002
1.39002
2.37865
1.67776
0.34312
0.34312
0.34312
1.92406
1.92406
1.92406
1.92406
-0.328606
-0.0824211
-0.0824211
-0.0824211
2.16254
2.16254
2.16254
2.16254
1.59075
1.03708
1.03708
1.03708
1.03708
-0.662867
1.70272
1.42651
1.42651
0.0422721
0.0422721
0.0422721
0.0422721
0.0422721
-1.26215
-0.595237
-0.595237
-0.595237
0.589778
-1.19364
-1.96793
-0.452467
-0.452467
1.84497
1.5905
1.5905
1.5905
1.5905
-0.256285
-0.256285
-1.64895
-0.532912
-0.532912
-1.3551
0.0338785
0.616222
-1.36727
-1.6933
-1.6933
-1.6933
-1.6933
-1.23438
-0.387217
-1.12622
-2.2464
-2.2464
-0.973847
-1.8099
0.806485
-0.596939
-2.37939
-2.37939
-0.267387
-0.267387
0.653289
1.62677
1.62677
4.28857
4.28857
4.28857
4.28857
4.28857
2.79027
2.79027
2.79027
2.79986
4.69803
4.69803
4.69803
4.69803
4.69803
4.69803
4.69803
5.68036
3.55066
5.28638
6.90213
5.50428
3.7206
3.40745
3.40745
3.25494
3.25494
3.25494
3.25494
3.25494
3.25494
3.25494
3.25494
1.72375
-0.956554
-2.26927
-4.13431
-4.13431
-2.95013
-1.03921
1.38599
1.38599
1.27279
1.62871
-0.29288
-0.29288
0.214542
0.0731983
-1.94244
-4.27758
-4.27758
-6.32731
-6.32731
-6.32731
-6.32731
-3.93821
-2.32434
-1.56131
-1.56131
-0.534298
-0.534298
-0.454386
-0.454386
1.30212
1.30212
1.48032
1.48032
-0.261887
-0.261887
-0.261887
-0.261887
-2.9218
-2.9218
-1.9656
-0.851999
-0.851999
1.01012
-1.10351
0.634729
0.634729
0.634729
0.634729
0.634729
-1.31946
-1.10479
-1.10479
-1.10479
-1.10479
-1.10479
0.416379
0.416379
0.474724
0.439706
-0.103113
-0.103113
-0.103113
-0.595737
-2.05427
-2.05427
-2.05427
-2.05427
-0.763671
0.347569
2.21217
2.49522
0.174851
-1.00196
-1.00196
-1.00196
-1.00196
0.141161
1.92049
-0.318314
0.89803
0.204164
0.812889
-1.21004
-1.21004
-1.21004
-1.21004
-1.21004
-1.21004
-1.21004
-1.21004
-1.21004
-1.21004
-1.21004
1.29102
1.98866
1.98866
1.67424
-0.614393
-0.614393
-0.471207
-0.471207
-2.3236
-1.57073
-0.248507
-0.518346
-1.90085
-3.19502
-1.36611
-1.73407
-1.73407
-1.73407
-3.56929
-5.79154
-3.09871
-3.09871
-3.09871
-1.48956
-1.1552
-1.36834
-1.99052
-0.291296
-1.04009
-2.63482
-3.51961
-3.51961
-3.51961
-2.50998
-0.865427
-0.865427
-0.865427
-0.865427
-0.865427
-0.865427
-3.16783
-3.16783
-3.16783
-4.31829
-4.44129
-3.52743
-1.10509
-3.10541
-1.33095
-0.98984
-2.38183
0.0706316
0.0706316
-1.6611
-0.396503
-0.396503
-0.396503
1.24255
1.24255
1.24255
3.21931
0.718429
0.787354
0.787354
0.787354
0.282957
1.51728
1.51728
1.51728
1.51728
2.63457
1.07647
1.91863
1.91863
1.91863
1.91863
0.730146
0.870436
-1.35162
-1.35162
1.24539
1.24539
-1.01592
-2.04682
0.373456
1.21098
-0.644719
0.945716
0.945716
0.945716
0.945716
2.44865
2.44865
2.41825
0.659775
1.35758
1.35758
0.421541
0.421541
0.421541
-1.25432
-0.495437
-2.72244
-1.79329
0.116842
0.116842
0.0308703
2.06211
2.8833
4.3635
4.3635
2.36734
2.36734
2.36734
-0.259099
-0.259099
-0.259099
-1.35416
-1.35416
-1.35416
-1.35416
1.30354
-0.441259
0.911216
0.468514
0.468514
0.0767576
0.0767576
0.0767576
0.0767576
-1.13688
-1.13688
0.0437309
0.0437309
0.0437309
0.0437309
1.3656
0.818951
0.818951
0.818951
-0.0965822
-0.0965822
-0.73957
-2.3631
0.0676231
1.68575
2.27783
2.10913
2.10913
0.209586
0.209586
-0.638559
-2.8443
-1.13802
-1.13802
-1.13802
-2.58865
-2.58865
-2.58865
-0.653313
-0.653313
-0.653313
-0.653313
-0.653313
-0.653313
-0.653313
-0.653313
-3.08392
-0.660211
0.470477
0.470477
2.09814
2.09814
3.26845
3.26845
3.26845
2.33971
2.33971
0.116276
-1.21382
-0.810362
-0.810362
-0.810362
-2.61488
-2.61488
-1.95648
-1.95648
-3.77385
-3.88683
-3.88683
-3.72338
-3.72338
-3.31999
-4.06324
-4.08154
-4.08154
-4.08154
-5.70121
-5.70121
-3.17943
-3.89152
-3.11402
-0.907171
-2.86051
-2.72652
-0.781862
-0.858595
-1.79517
-1.79517
-0.920245
-0.920245
-0.920245
-0.580897
-0.484717
-0.484717
1.35937
1.35937
1.59682
1.01294
1.01294
2.20965
1.52909
-0.913104
-0.913104
-0.913104
-0.458072
-0.458072
-0.458072
1.11691
0.86257
0.86257
0.86257
-0.0991397
-0.0991397
-0.0991397
1.70643
1.70643
1.70643
1.70643
1.70643
1.70643
1.70643
1.70643
1.70643
3.12317
0.430538
-0.999762
-0.999762
-0.999762
1.33917
1.33917
1.33917
1.33917
1.33917
-1.00148
0.633103
0.633103
0.633103
0.633103
-1.06072
-1.06072
1.37845
1.37845
1.27813
1.27813
0.412606
0.438939
1.02664
-1.32523
0.188575
0.188575
0.188575
2.19862
2.19862
2.19862
2.19862
2.19862
2.19862
0.00913147
0.00913147
0.00913147
2.70349
2.70349
0.0272881
-1.53297
-0.26192
-0.26192
-0.26192
-0.26192
-2.90278
-0.766939
-2.51498
-2.51498
-3.98098
-3.98098
-3.98098
-2.15098
-2.15098
0.382636
2.13522
4.73063
5.84434
5.84434
5.84434
5.84434
5.84434
3.36055
3.36055
0.734869
2.18665
-0.0930393
0.557844
0.557844
0.557844
-0.845212
-0.845212
-0.845212
-0.845212
-0.845212
-1.89257
-0.619454
-0.954016
-0.954016
0.0521066
0.0521066
0.0521066
-1.41082
0.548524
-0.952285
-0.952285
-0.136253
1.28936
1.28936
3.55991
5.17338
5.17338
4.94369
4.94369
4.94369
3.68636
3.68636
3.68636
3.68636
3.68636
3.68636
3.68636
3.68636
3.68636
3.68636
1.38238
1.38238
1.38238
2.77773
1.66232
1.66232
1.66232
2.61114
2.61114
2.61114
2.61114
2.61114
2.61114
0.504197
0.504197
0.504197
0.504197
0.504197
0.504197
0.504197
0.504197
0.908263
1.45927
1.45927
2.38205
2.38205
1.69251
3.82758
3.82758
2.79544
1.04678
1.04678
1.58005
1.58005
-0.518221
-2.38943
-2.38943
-2.38943
-4.23277
-4.23277
-6.40844
-6.40844
-6.40844
-6.40844
-6.40844
-3.79863
-3.79863
-1.79907
-1.79907
-1.79907
-1.69601
-1.69601
-1.69601
-3.1184
-3.1184
-3.1184
-1.31233
-1.31233
1.26057
2.87813
2.87813
0.885924
-0.0506458
-0.0506458
2.22294
2.22294
2.22294
2.22294
2.22294
2.22294
2.22294
3.77251
3.77251
2.42392
2.42392
1.2732
2.59443
4.83994
3.7464
1.41874
1.70502
1.80831
1.80831
1.80831
0.895599
0.895599
0.895599
0.895599
0.895599
-1.27969
-3.89667
-4.15131
-4.15131
-4.15131
-5.05685
-2.56015
-2.56015
-2.89189
-2.89189
-2.89189
-1.65853
-0.955874
-0.54008
-0.54008
-0.54008
0.283126
0.283126
0.283126
-0.716778
-0.716778
1.21524
-0.673658
1.9987
-0.564029
0.315861
0.315861
0.315861
0.315861
-0.595904
-1.0252
-1.0252
-1.0252
-1.0252
-1.0252
-2.29087
-4.96738
-4.96738
-5.73792
-5.99004
-3.71817
-1.08781
-3.29152
-2.56905
-2.56905
-2.56905
-1.05979
-0.597804
-0.597804
-0.597804
1.495
1.495
3.58501
3.58501
3.58501
2.48991
2.48991
2.48991
1.50192
1.50192
1.49459
0.590105
0.590105
-1.13658
-1.13658
-1.13658
-1.18958
1.50039
1.50039
1.50039
1.50039
1.50039
1.50039
1.50039
2.79532
0.82247
-1.08764
-0.457277
-0.457277
-1.87778
-3.48137
-2.22352
-2.22352
-2.22352
-2.05823
0.351976
0.351976
0.351976
0.351976
0.351976
0.351976
0.351976
0.351976
1.68709
2.63566
2.58866
2.58866
1.40855
1.40855
-0.0293899
-0.0293899
-0.0293899
1.734
-0.918431
-0.918431
-2.99335
-0.94887
-0.94887
-0.94887
-0.34657
-0.34657
-0.34657
-0.34657
-2.03221
-2.389
-3.85157
-1.88772
-1.88772
0.0398853
0.0398853
0.0398853
0.0398853
0.0398853
-0.888318
-1.95509
-1.95509
-2.02341
-3.37164
-3.05306
-3.05306
-0.790397
-2.75865
-2.55861
-2.55861
-0.214725
-0.214725
-0.214725
-0.214725
1.92777
1.98378
1.98378
0.525278
-1.72559
-1.72559
-1.72559
-1.72559
-1.72559
-1.72559
-0.0672934
-0.0672934
-0.0672934
-0.0672934
1.05863
0.576205
0.576205
1.70913
3.22506
2.48545
2.33007
0.469115
0.469115
0.469115
0.469115
-0.305882
-0.305882
-2.50675
-2.50675
-2.50675
-2.50675
-2.50675
-0.656232
-1.90566
-1.90566
-0.793091
-0.793091
1.04343
-1.24329
-1.24329
-1.24329
0.935052
1.35689
0.847065
0.847065
0.847065
1.46038
1.66515
3.96637
2.48457
4.70599
4.70599
4.70599
2.79438
4.76914
3.24456
3.24456
0.605506
0.915456
2.31564
2.31564
3.9267
2.34369
4.45335
4.45335
4.22818
4.22818
1.75742
1.75742
1.12759
1.12759
1.12759
2.4466
0.160488
2.80383
2.80383
5.36938
5.36938
3.51708
3.51708
2.48399
2.48399
2.48399
2.48399
0.551079
0.551079
1.81912
1.81912
1.81912
1.81912
0.762058
-0.741498
-1.68297
-0.393219
-2.7592
-1.61785
-1.16077
-0.191743
-0.191743
-0.191743
1.26239
2.82459
4.59397
4.73311
2.45088
2.45088
2.45088
2.45088
2.45088
-0.139503
-0.139503
-0.139503
-0.139503
-0.139503
0.856624
-0.489264
0.309986
0.309986
2.26113
3.66273
2.19076
0.995064
0.995064
3.50509
3.50509
2.68916
4.12172
2.92934
2.76794
4.38741
3.51383
3.51383
5.89738
6.58887
6.58887
6.58887
6.58887
6.58887
4.30594
4.30594
4.30594
4.30594
4.30594
2.36769
4.52273
6.12324
6.12324
3.82321
3.82321
2.59378
2.59378
2.59378
2.59378
4.03855
4.03855
1.37111
1.37111
0.367919
-0.267422
0.251512
0.053347
1.64209
1.64209
1.64209
3.78301
6.15043
6.15043
6.15043
5.13466
3.81804
3.81804
3.81804
3.81804
3.81804
3.81804
2.70893
3.75909
2.05656
2.05656
2.05656
0.815894
0.815894
1.86995
1.86995
3.16145
3.16145
1.09083
1.09083
1.09083
-1.27537
-1.27537
-1.27537
-2.84823
-3.09216
-3.09216
-3.10227
-0.819451
-0.819451
0.465969
0.465969
0.465969
1.95193
0.145003
-2.11808
-0.347315
-0.347315
-0.347315
-0.347315
0.773197
0.773197
0.342458
0.342458
0.342458
-2.04057
-0.0406472
1.53406
1.53406
1.33148
-0.942513
1.64381
1.64381
-0.96161
1.09318
-1.45276
0.556669
0.556669
0.556669
0.556669
2.55597
2.55597
2.55597
1.70478
1.70478
2.93771
2.93771
5.53807
3.23607
3.23607
3.23607
1.92002
1.92002
3.65094
3.65094
4.8326
4.89532
2.43928
1.30448
0.326753
0.326753
0.326753
-2.1935
-2.1935
-2.1935
-1.38113
0.620093
3.28695
3.28695
2.9128
3.11589
3.11589
3.68463
1.5096
3.48412
4.38617
2.71435
0.417734
0.417734
0.417734
-1.73787
-1.73787
-1.94128
-1.94128
-0.98919
-0.98919
-3.1361
-3.1361
-3.1361
-3.47242
-1.93666
-1.93666
0.718938
0.718938
0.718938
0.189662
0.189662
0.189662
1.39944
1.39944
1.22007
3.71375
3.71375
3.1473
1.56676
1.56676
-0.875492
-0.875492
0.779015
0.779015
0.779015
0.779015
0.779015
0.652675
0.652675
0.652675
-0.0841457
-1.23816
-1.23816
-1.23816
1.43997
1.43997
1.43997
1.43997
1.29232
1.29232
1.29232
3.76225
1.73382
0.69419
0.160529
0.160529
0.160529
0.160529
0.160529
-2.27538
0.183416
0.183416
-0.11316
-0.11316
-0.11316
-0.11316
-1.63298
-2.67612
-2.67612
-2.67612
-1.64231
-1.64231
0.812295
0.812295
0.812295
-1.56527
-1.56527
-1.56527
-2.22517
-2.22517
0.0408077
0.0408077
0.0408077
0.0408077
0.0408077
0.0408077
-2.20575
-2.20575
-2.73937
-2.73937
-2.73937
-3.42688
-3.42688
-2.15269
-2.15269
0.539352
0.539352
0.539352
0.539352
0.539352
-1.15305
-1.15305
-1.58839
-1.8469
-0.407574
-1.22588
-1.42273
-1.42273
0.347294
0.347294
0.250303
0.261822
0.261822
0.261822
0.261822
0.261822
0.521362
0.521362
0.521362
-0.473515
-1.59077
-2.18017
-4.21093
-4.21093
-4.21093
-4.21093
-4.6997
-2.34377
-4.22372
-4.22372
-4.22372
-4.22372
-4.22372
-2.93203
-2.93203
-0.44855
-0.44855
-0.44855
-0.44855
-0.44855
-0.72237
-0.72237
-0.72237
-0.72237
-0.72237
1.85457
1.85457
1.85457
1.85457
0.274207
0.274207
0.274207
-1.89142
-0.897415
-3.4529
-4.69912
-4.69912
-4.69912
-4.69912
-4.18245
-6.09353
-4.03567
-5.61472
-5.61472
-4.24537
-2.3342
0.128642
-0.870849
0.332001
-1.85248
-0.633429
-0.860485
-1.91013
0.152379
-1.07924
0.133604
0.225045
-1.00895
-1.00895
0.88213
-0.540247
1.13849
1.30451
-0.274104
-0.274104
2.21111
4.82735
6.50708
6.50708
4.79133
6.05653
6.05653
6.05653
6.05653
6.05653
6.05653
6.05653
4.69516
3.30086
3.30086
2.245
2.245
1.25023
2.92148
2.57419
2.57419
2.57419
2.57419
1.34158
1.34158
1.35279
0.964463
-0.432054
-0.432054
-0.0627183
-1.39699
-1.39699
-1.39699
-3.34795
-4.46734
-4.0389
-4.0389
-5.31463
-3.50443
-3.73384
-3.73384
-1.11907
-3.04834
-3.04834
-3.04834
-2.99969
-2.99969
-2.65102
-1.38566
-1.41032
-1.41032
-0.0899965
-1.73512
-0.788877
-3.16571
-4.33794
-4.33794
-4.11788
-2.37175
-0.877628
-0.877628
1.42868
1.42868
1.42868
2.52256
-0.0614431
-0.0614431
-0.314424
1.29991
1.29991
1.29991
-0.924801
-3.31036
-3.31036
-4.80715
-4.80715
-4.86964
-2.30071
-1.55521
-1.53609
-1.53609
-2.15392
0.409543
-1.11484
-1.11484
-1.11484
-1.11484
-1.36776
0.299373
0.299373
0.299373
0.299373
-0.520003
-1.60959
-1.60959
-4.01473
-5.16559
-6.72668
-4.6404
-3.97392
-1.88445
-1.88445
-1.88445
-1.88445
-0.274358
-0.274358
-0.274358
-0.274358
-0.274358
-0.274358
-0.274358
-0.274358
-0.274358
0.179085
0.179085
0.179085
0.179085
0.179085
0.179085
0.179085
0.179085
0.0868141
-0.674458
-0.674458
0.896925
0.896925
3.21704
1.22717
1.16898
-1.3812
1.24813
1.24813
1.74344
1.74344
1.74344
1.91997
1.91997
2.23862
3.4271
3.4271
0.806141
0.806141
0.806141
0.806141
0.806141
0.806141
0.806141
0.806141
-1.52616
-1.52616
-1.52616
-1.20814
-1.20814
-1.20814
-1.20814
-1.84928
-0.557379
-0.557379
-0.557379
-0.557379
-2.15308
-4.29902
-3.81755
-1.89236
0.663919
-1.78347
0.647348
0.647348
0.647348
0.647348
0.647348
0.647348
0.647348
0.647348
0.647348
0.647348
0.647348
0.647348
0.647348
0.647348
0.647348
0.647348
2.40936
2.40936
3.91709
4.47968
5.97401
8.07402
6.51991
6.51991
4.24616
3.47861
0.9034
0.9034
3.36111
3.36111
3.36111
2.19925
2.19925
4.32665
2.47301
2.47301
3.52002
3.52002
3.52002
2.76429
1.20174
-1.46433
1.02629
1.02629
3.10334
0.576613
-0.643033
-2.08589
-2.08589
-2.98637
-2.98637
-5.36001
-4.35501
-1.81789
-1.81789
-2.19887
-2.19887
-2.118
-1.6659
