0
0
0
0
0
0
0
0
0
0
0
0
0
0
0
0
0
0
0
0
0
0
0
0
0
0
0
0
0
0
0
0
0
0
0
0
0
0
0
0
0
0
0
0
0
0
0
0
0
0
0
0
0
0
0
0
0
0
0
0
0
0
0
0
0
0
0
0
0
0
0
0
0
0
0
0
0
0
0
0
0
0
0
0
0
0
0
0
0
0
0
0
0
0
0
0
0
0
0
0
0
0.219242
0.211968
-0.737441
-0.737441
-1.70596
-0.902458
-0.33656
-0.33656
0.365122
0.365122
-0.229841
-1.05917
-1.05917
-1.32643
-1.32643
-0.896591
0.299962
-0.147067
-1.27947
-1.27947
-0.972697
-0.972697
-0.972697
-1.84296
-1.18987
-1.76804
-1.28706
-1.28706
-1.9098
-1.9098
-1.9098
-1.9098
-1.11795
-1.11795
-1.75569
-1.75569
-1.75569
-0.796698
-0.225222
0.173351
0.173351
0.272455
0.115034
0.0842379
0.0842379
0.0842379
-0.801861
-0.845291
-0.845291
-2.04411
-2.46942
-2.46942
-1.92311
-1.11616
-1.11616
-1.11616
-1.11616
-1.11616
-1.11616
-1.04581
-0.848239
-0.848239
0.271355
0.604561
-0.00153637
-0.755215
-0.3109
-0.3109
0.0536783
0.0536783
0.0536783
-0.831123
0.288472
0.8278
0.886025
0.886025
0.9204
0.9204
0.9204
0.962014
1.5007
1.50148
1.50148
1.50148
1.50148
0.572308
-0.486392
-1.06439
-1.06439
-0.72059
-0.241419
-0.241419
-0.241419
-0.622954
0.467656
0.155814
0.155814
0.352029
1.10589
1.10589
0.059838
0.059838
0.0788641
0.0788641
0.350975
-0.693461
0.190813
0.190813
0.190813
0.277555
-0.686572
-0.686572
-0.686572
-0.686572
-0.686572
-0.686572
-0.686572
-0.686572
-0.467683
-0.467683
-1.05857
-1.05857
-1.05857
-1.05857
-1.05857
-0.559377
-0.559377
-0.559377
-0.580441
-0.737302
0.450617
0.450617
0.450617
-0.214748
-1.25797
-1.91091
-1.91091
-1.05257
-1.05257
-1.01365
-0.792987
-0.792987
-0.792987
-0.792987
-1.07078
-1.07078
-1.07078
-1.04172
-1.16701
-1.16701
-0.191368
-0.191368
-0.644059
-1.10261
-1.10261
-1.09613
-1.09613
-0.459866
-0.542478
-0.717767
-0.717767
-0.717767
0.451855
0.862677
1.2385
1.2385
0.189078
-0.80745
-1.04359
-0.407012
-0.407012
-0.407012
-0.0781199
-0.0781199
0.487041
0.487041
0.249144
0.249144
0.249144
1.35866
1.35866
0.878393
0.878393
0.878393
0.882294
0.853218
0.207077
-0.146287
-0.146287
-0.146287
-0.146287
-0.27885
-0.27885
-0.211481
0.929608
0.929608
1.43652
0.980244
0.980244
0.980244
1.37702
1.37702
1.37702
0.265215
0.265215
0.265215
0.265215
0.265215
0.265215
-0.440179
-1.28456
-0.480708
0.104083
0.104083
0.998069
0.998069
0.859297
0.116251
0.116251
0.116251
0.116251
0.502771
-0.183046
0.0558449
0.0558449
0.0558449
0.0692471
0.68414
-0.224867
-0.307276
-0.307276
0.870938
-0.195105
-0.142766
0.56007
0.56007
0.56007
-0.428926
-0.286437
-0.753996
-1.90705
-1.90705
-2.34985
-3.39678
-3.23446
-2.40476
-2.89629
-2.85377
-2.85377
-2.79297
-2.79297
-1.62321
-1.067
-1.067
-1.40564
-1.40564
-1.40564
-1.8059
-1.28657
-1.28657
-1.28657
-1.28657
-1.28657
-1.28657
-1.28657
-1.01876
-0.410962
-0.410962
-0.410962
-0.326074
-0.326074
-0.326074
0.791687
-0.328583
-0.328583
0.0316616
-0.107123
-1.17218
-0.894562
-0.911709
-0.911709
-0.911709
0.143509
0.143509
0.558641
0.558641
1.51375
1.51375
1.15684
1.15684
0.515509
0.515509
0.515509
0.515509
0.485241
0.355588
0.355588
0.636249
0.636249
1.79202
1.95208
1.43788
1.43788
0.578193
1.42793
1.42793
0.463569
1.5518
2.4749
2.4749
2.4749
2.13733
2.13733
2.13733
2.36031
3.08387
3.08387
2.09661
2.87079
3.04748
2.21945
2.21945
3.26835
2.2633
2.2633
2.2633
2.2633
2.2633
2.2633
1.38839
1.38839
1.38839
0.992554
0.992554
0.992554
0.992554
0.136591
0.372
0.444646
-0.67198
-0.67198
-1.76292
-2.04264
-2.04264
-2.04264
-1.659
-1.659
-1.659
-1.23984
-2.35651
-2.35651
-1.93561
-2.70314
-2.70314
-2.68193
-1.54364
-2.72779
-2.00068
-1.32284
-1.44476
-1.44476
-2.1079
-2.1079
-2.86986
-2.86986
-2.86986
-2.86986
-3.54667
-3.54667
-3.54667
-3.54667
-3.54667
-3.54667
-3.96565
-2.9888
-2.38047
-2.53061
-1.49445
-2.08433
-3.14803
-3.14803
-3.14803
-2.26324
-2.26324
-1.49742
-1.49742
-1.49742
-0.744874
0.410832
0.410832
0.246047
0.0200975
-0.619772
-0.619772
-1.51463
-2.0158
-1.20091
-2.25123
-1.22434
-0.765594
-0.0692793
-0.0692793
-0.0692793
-0.977705
-0.977705
-0.977705
-0.977705
-0.660342
0.152162
-0.041934
-0.041934
-0.041934
0.426918
0.426918
0.426918
0.426918
-0.359881
-1.45994
-1.45994
-0.3948
0.183794
-0.0526891
-0.0526891
-0.147608
-0.147608
-0.147608
-0.22634
-0.587235
-0.587235
0.0598711
-0.699884
-0.699884
-0.699884
-0.563759
-0.511206
0.341213
0.703591
0.703591
0.703591
0.308609
0.308609
0.308609
0.303263
0.691981
0.691981
0.0613682
0.0738958
-0.907349
-0.907349
-0.0817546
-0.539692
-0.539692
-0.539692
0.0289421
0.0289421
-0.0243986
-0.387852
-0.387852
-0.387852
-0.387852
0.318877
0.318877
0.318877
0.318877
0.318877
0.318877
0.318877
0.318877
0.318877
-0.458669
-0.458669
-0.458669
-0.458669
-0.458669
-0.458669
-0.458669
-0.458669
-0.458669
-0.458669
-0.458669
-0.458669
-0.458669
-0.458669
-0.458669
-0.458669
-0.458669
-0.458669
-0.458669
-0.458669
-0.458669
-0.458669
-0.458669
-0.458669
-0.15932
-0.15932
-0.632044
0.352304
0.352304
-0.422666
-1.48549
-1.83294
-1.83294
-0.978199
-1.04773
-0.925381
-1.0705
-0.338435
-0.338435
-0.245656
-0.809766
-0.93798
-0.93798
-0.12066
-0.12066
-0.135036
-0.135036
-0.0557898
0.167489
0.167489
0.167489
-0.564986
-0.871548
-0.631489
-0.488477
0.575368
0.575368
0.575368
0.575368
0.178137
0.0211724
0.0211724
0.0211724
0.0211724
-0.621986
-0.621986
-0.621986
0.564785
0.564785
0.110197
0.110197
0.110197
0.110197
0.110197
-0.525902
-0.525902
-0.525902
-0.525902
-0.525902
-0.654678
-0.654678
-0.654678
-0.654678
0.474763
-0.262439
-0.195093
-0.195093
-0.195093
0.478498
0.478498
0.330365
-0.534312
-0.534312
-0.51511
0.554388
-0.202693
-0.202693
-0.202693
-0.924895
-0.924895
-0.924895
-0.494711
-0.494711
-0.494711
-0.494711
-0.494711
-0.494711
-1.02558
-1.02558
-1.02558
-0.187182
-0.187182
0.105745
-0.624804
-0.624804
-0.624804
-0.624804
0.527805
0.527805
0.527805
0.340042
0.340042
0.340042
-0.57104
-0.57104
-0.394304
-0.394304
-0.810361
-0.810361
-0.810361
-0.810361
-0.810361
-0.810361
-0.0590411
-0.0590411
-0.0590411
-0.0590411
-0.804739
0.296779
-0.542102
-0.542102
-1.62565
-1.41518
-1.41518
-2.09327
-2.09327
-1.07614
-0.275527
-0.275527
0.712674
-0.12014
-0.12014
-0.12014
-0.12014
-0.12014
-0.12014
-0.12014
-0.12014
-0.12014
-0.12014
-0.12014
-0.12014
-0.12014
0.284589
0.317682
0.317682
0.317682
0.0427681
0.898278
1.00595
1.00595
1.00595
1.00595
0.542331
0.510776
1.52973
0.432621
0.0146923
0.104897
0.104897
0.104897
0.104897
0.964661
2.11572
0.984304
1.92641
1.92641
1.92641
1.43792
1.79661
2.37985
2.6905
1.49514
0.385096
-0.362651
-0.362651
0.484476
-0.644481
0.484925
0.484925
0.484925
0.484925
0.484925
0.484925
0.484925
0.484925
-0.691871
-0.691871
-0.413143
-0.436557
-0.436557
-0.286671
-0.286671
0.550518
0.550518
0.0729092
0.0729092
-0.456918
-0.456918
-0.456918
-0.456918
-0.456918
-0.456918
-0.456918
-0.456918
0.104006
-0.306749
-1.26184
-1.26184
-0.329162
-0.329162
-1.19652
-1.19652
-0.361894
-0.361894
0.499633
0.209311
0.209311
-0.676684
-0.465035
-0.980757
-0.0176433
-0.0176433
-0.0176433
-0.0176433
-0.0176433
-0.0176433
-0.0176433
-0.0176433
0.142218
-0.874574
0.154659
1.04302
1.04302
-0.0114219
-0.0114219
-0.0114219
0.842397
0.842397
0.842397
0.723487
0.723487
-0.113821
-0.113821
-0.489633
-0.489633
-0.489633
-0.213153
-0.213153
-0.213153
-0.213153
-0.34329
-0.34329
0.41842
0.41842
0.41842
0.41842
0.41842
-0.283838
-0.283838
0.729844
-0.0538817
0.343499
0.343499
0.343499
0.485875
0.415934
-0.581742
-0.581742
-0.581742
-0.396431
-0.396431
0.414338
0.562069
-0.331838
-0.183168
-0.183168
-0.183168
-0.183168
-0.183168
0.296597
0.233224
0.233224
-0.639505
-0.639505
-0.639505
0.0274528
0.0274528
1.17186
1.23451
0.169796
0.169796
0.169796
0.169796
0.169796
0.169796
0.169796
0.169796
0.169796
0.169796
0.169796
0.169796
0.169796
0.169796
0.169796
0.169796
0.169796
0.169796
0.169796
0.169796
0.169796
0.169796
0.169796
-0.991012
-0.728302
-0.728302
-0.180984
-0.180984
0.238907
0.522625
1.13739
1.76846
1.01937
1.18774
1.18774
1.18774
1.54369
1.54369
1.54369
1.54369
1.54369
1.54369
2.56195
3.55645
2.55468
1.69443
1.69443
1.94553
1.88701
1.88701
1.88701
0.742798
-0.0307359
-0.0307359
0.348587
0.0595885
0.0595885
0.0595885
0.0595885
0.0595885
0.0595885
0.0595885
-1.01577
-1.01577
-1.76937
-1.76937
-1.21526
-0.0546689
-0.0546689
1.11
1.11
1.11
0.0961804
0.0961804
-0.262026
0.851705
-0.159827
-0.159827
-0.159827
-0.159827
-0.159827
-0.408631
-0.408631
-0.408631
-0.408631
-0.408631
-0.408631
-0.638646
-0.223913
0.00914607
0.00914607
0.00914607
0.687512
0.687512
-0.293826
-0.365305
0.208327
0.0808153
-0.921838
-0.821394
0.374224
0.374224
0.374224
0.374224
0.374224
0.374224
-0.525742
-0.525742
-0.525742
-0.525742
-0.139425
0.926438
0.926438
1.55811
1.98486
1.98486
1.98486
1.42366
1.42366
0.33396
-0.528049
0.545186
0.545186
0.545186
0.889025
0.889025
0.889025
1.29632
0.525398
0.525398
1.2627
1.2627
1.2627
1.2627
0.36226
0.955941
0.955941
0.955941
0.955941
-0.222736
-0.21046
0.304586
0.304586
0.304586
0.304586
0.0060403
-0.316978
-0.0647327
-0.0647327
0.662606
0.662606
1.62563
2.39629
2.39629
2.09851
2.09851
2.82459
2.82459
2.32463
2.32463
1.19456
1.66616
1.66616
1.66616
1.66616
1.68424
1.68424
0.901691
0.901691
1.42542
1.42542
1.42542
1.42542
1.42542
1.25246
1.25246
2.33738
3.2181
3.03654
3.83007
4.39606
3.26973
2.46576
2.46576
1.34397
1.34397
1.34397
1.34397
1.29997
2.31821
2.31821
1.41847
1.41847
1.41847
2.36645
1.43168
1.91192
2.07659
2.1902
2.3374
2.58188
2.58188
2.56852
2.56852
2.42081
2.33142
1.5241
1.10117
1.10117
0.231703
-0.865817
0.250576
0.250576
1.41536
0.869662
0.270021
0.270021
1.0418
1.0418
1.0418
1.0418
1.03783
1.87016
1.87016
1.87016
0.966073
0.966073
0.0417293
0.0417293
0.0417293
0.0417293
-0.48894
-0.48894
-0.48894
-0.48894
-1.42663
-0.709334
-0.535363
-1.0308
0.0562412
0.0562412
0.0562412
0.0562412
0.0562412
0.0562412
0.0562412
0.0562412
0.0562412
0.0562412
-0.613357
-0.613357
-0.613357
-0.178711
0.824859
0.824859
0.824859
0.694773
0.694773
0.0848973
0.0848973
-0.336554
-0.336554
0.425485
0.688654
1.3131
2.37167
1.46115
1.2792
1.2792
1.2792
1.2792
1.2792
1.2792
1.2792
2.35893
1.32892
0.697523
-0.379944
-1.20805
-1.20805
-1.1009
-1.1009
-0.12942
0.795484
0.795484
0.795484
0.19336
-0.927844
0.0846658
0.0846658
0.0846658
-0.432446
-0.432446
-0.432446
-0.432446
-0.432446
-0.432446
-0.577617
-0.39907
0.370478
0.370478
-0.0931214
1.05012
1.05012
1.50187
0.695519
0.695519
0.851271
-0.0810793
0.44819
0.44819
0.44819
0.44819
0.764614
0.764614
0.0597273
-0.538058
-0.538058
-0.538058
0.458221
-0.262015
-0.262015
-0.262015
0.764876
0.463337
0.463337
-0.527903
-0.527903
-0.527903
-1.29442
-1.27741
-0.0882945
0.884537
0.884537
0.172974
0.172974
-0.38735
-0.38735
0.806313
0.458884
0.458884
1.16002
1.18101
1.18101
0.0208008
0.0208008
0.0208008
0.1107
0.1107
0.1107
-0.564483
0.504093
-0.0589318
0.145584
-0.5997
-0.5997
-0.5997
0.0385707
-0.496107
-0.496107
-0.496107
-0.496107
0.345984
-0.6707
-0.6707
-0.6707
0.476388
0.476388
0.476388
1.52581
0.437156
0.437156
0.8697
0.8697
1.49328
1.49328
1.00817
1.00817
1.00817
0.144415
0.144415
0.144415
0.144415
0.144415
0.0237967
-1.1728
-1.7224
-1.74777
-0.998068
-0.998068
-0.998068
-0.998068
-1.745
-2.71153
-1.91222
-1.99706
-3.15136
-3.15136
-3.15136
-3.15136
-3.15136
-3.15136
-4.01389
-5.06022
-4.83769
-3.6815
-3.6815
-3.6815
-4.29178
-3.17167
-2.85471
-2.85471
-2.85471
-2.22875
-2.22875
-2.22875
-1.58169
-2.07394
-2.07394
-2.07394
-1.05625
0.0585528
0.0585528
0.0585528
0.0585528
0.0585528
0.0585528
-0.731481
-0.731481
0.224227
0.384276
0.384276
0.384276
0.61757
0.277673
0.277673
0.277673
0.277673
0.277673
0.277673
0.277673
0.277673
0.214766
1.21243
0.164978
-0.857959
-0.857959
-0.857959
-0.339301
-0.27136
0.373489
0.373489
0.373489
-0.159899
-1.00649
-1.00649
-1.00649
0.00922501
-0.904666
-0.904666
-0.904666
-1.37352
-1.37352
-1.23693
-0.219418
-0.219418
0.851143
0.194758
0.71115
-0.302025
-0.56049
0.039533
0.039533
0.039533
0.039533
0.039533
0.039533
0.039533
0.039533
0.0293928
0.0293928
0.0293928
0.0293928
0.0293928
0.0293928
0.0293928
0.315581
-0.858011
-1.27876
-0.283297
-0.283297
-0.0900745
-0.0900745
-0.0900745
1.09792
0.394133
-0.495747
-0.615101
-0.296167
0.340296
0.340296
0.340296
-0.50209
-1.57581
-1.57581
-1.57581
-1.57581
-1.57581
-1.09118
-0.230408
-0.230408
-0.230408
-0.256644
-0.256644
-0.256644
-0.256644
-0.256644
0.301836
0.301836
0.301836
0.301836
0.755937
0.487651
0.487651
0.487651
1.43627
1.43627
0.495601
-0.214196
0.0986582
0.0986582
0.209976
0.209976
-0.313211
-0.313211
-0.313211
-0.313211
-0.313211
-0.313211
-0.0584379
-0.0584379
-0.0584379
-0.0584379
-0.0584379
0.349575
0.349575
0.481315
-0.63148
-0.63148
-0.63148
-1.3256
-0.143324
0.416087
-0.765813
-0.765813
-0.765813
-0.613558
0.571164
0.571164
0.571164
1.06547
1.1834
1.22134
1.28213
1.32906
1.95097
1.95097
1.08908
1.93982
1.93982
1.93982
1.93982
2.81973
2.81973
2.61691
2.61691
2.5355
2.5355
1.95578
1.2221
1.51785
1.51785
1.05941
0.398578
0.398578
0.947056
0.508985
0.508985
-0.0790098
-0.0790098
1.07634
0.157868
-0.697024
-0.697024
0.239681
0.0303542
0.0303542
0.0303542
0.0303542
0.0303542
0.0303542
0.0303542
0.0303542
0.0303542
0.0303542
0.0303542
-0.68098
-0.68098
-0.68098
-0.68098
-0.797336
-0.797336
0.333905
0.776917
0.776917
0.776917
1.75518
1.75518
1.75518
2.50602
2.22787
2.08241
1.63372
1.20913
1.20913
0.350202
0.350202
-0.148552
-0.148552
-1.01547
-0.354665
-0.754243
-0.754243
-0.34484
-0.34484
-0.34484
-0.34484
0.62265
0.62265
0.62265
-0.516375
-0.97218
-0.414692
-0.414692
0.617815
0.923438
-0.116818
-0.116818
0.236068
0.236068
0.236068
0.236068
0.236068
0.236068
0.236068
0.236068
0.236068
-0.6095
-0.6095
0.241111
0.241111
-0.283157
-0.465044
-0.465044
-0.465044
-1.23046
-1.67338
-1.65506
-2.61364
-2.61364
-2.61364
-2.61364
-2.24571
-1.46088
-1.1983
-0.143618
-0.143618
0.234418
-0.282635
-0.52299
-0.52299
-0.52299
-0.52299
-0.162011
-0.162011
-0.863884
-0.863884
-0.863884
-1.10128
-0.468206
0.584689
0.890951
0.890951
0.730596
0.730596
1.42188
1.42188
0.418158
0.418158
0.418158
0.418158
1.04396
1.04396
1.04396
1.04396
0.75564
0.75564
-0.174816
0.582967
0.582967
0.582967
0.986934
0.986934
0.986934
0.986934
0.986934
0.986934
0.435991
0.435991
0.0141656
0.928074
0.928074
0.928074
0.705436
0.705436
0.308508
0.308508
0.308508
0.308508
0.308508
0.308508
0.308508
0.308508
-0.776467
-0.776467
-1.49227
-1.49227
-1.49227
-0.931786
-0.931786
-0.931786
-0.78449
-1.97135
-1.73924
-1.73924
-1.09837
-1.6607
-1.6607
-1.6607
-0.764004
-0.764004
-0.000235731
0.653897
0.653897
0.653897
-0.396729
-0.396729
-0.396729
-0.994104
-0.783621
0.155925
0.155925
0.556817
0.0640569
-0.106783
-0.106783
1.05247
1.37552
1.37552
1.94348
1.21556
0.298349
-0.617275
-0.885595
-1.49261
-2.49663
-2.49663
-2.27373
-2.27373
-2.27373
-2.27373
-1.47959
-0.707849
-0.101197
1.00458
0.0372917
0.0372917
0.861102
1.73582
1.73582
2.13057
1.19074
0.0263658
0.0263658
0.0263658
0.0263658
0.70393
-0.234959
-0.234959
-1.31243
-2.38983
-2.38983
-2.38983
-3.07918
-3.23753
-2.56207
-1.8453
-1.8453
-1.32854
-0.724542
-0.724542
-0.147311
-0.366483
-0.366483
-0.366483
-0.366483
-0.366483
0.527795
0.106642
0.520041
0.520041
0.520041
0.520041
0.520041
0.0825704
0.0825704
0.405628
-0.21179
-0.21179
-0.21179
-0.21179
-0.21179
-0.21179
-0.21179
-0.21179
-0.21179
-0.21179
-0.21179
-0.21179
0.251828
0.245516
0.245516
0.245516
0.245516
0.207062
0.207062
0.23997
0.23997
0.23997
0.23997
0.513304
1.4132
1.4132
1.4132
0.596593
-0.396609
-0.396609
-0.580918
-0.924318
-0.924318
-1.06735
-1.06735
-1.34286
-1.34286
-0.622326
0.472858
0.472858
0.472858
0.472858
0.472858
0.472858
0.472858
0.210426
-0.54497
0.370413
0.901097
1.35442
1.29038
1.31108
0.639938
0.639938
0.639938
1.58676
1.58676
0.785802
1.54669
0.692104
0.692104
0.692104
0.440273
0.440273
0.440273
0.440273
1.25914
0.289557
0.289557
0.289557
0.351194
0.351194
0.351194
0.351194
0.351194
0.351194
0.351194
0.473407
0.473407
0.473407
0.473407
0.045251
0.045251
1.19897
1.27676
1.58037
0.403927
0.403927
0.403927
-0.260473
-0.260473
-0.260473
-0.260473
-0.807334
-0.807334
-0.208907
0.442458
0.442458
-0.411342
-0.991219
-1.17479
-0.592895
-0.592895
-0.592895
-0.592895
-0.592895
-0.427889
-0.427889
-0.427889
-1.14762
-1.14762
-1.10018
-1.10018
-0.752352
-0.394599
-0.4232
-0.4232
-0.4232
-0.4232
0.239933
0.239933
0.239933
0.239933
0.239933
0.239933
0.675783
0.3871
0.00214319
0.00214319
0.00214319
0.00214319
0.00214319
0.00214319
0.00214319
0.00214319
0.00214319
0.00214319
0.00214319
0.00214319
0.00214319
0.00214319
0.00214319
1.15305
0.162577
0.162577
0.162577
0.162577
0.162577
0.162577
0.162577
0.162577
-0.220751
-0.220751
-1.29267
-1.29267
-0.813155
-0.813155
-1.58991
-1.44585
-0.887126
-1.28565
-0.805041
-0.805041
-1.65777
-1.65777
-1.65777
-1.65777
-0.810715
-0.810715
-0.8387
-1.60692
-1.60692
-0.732816
-0.732816
-0.732816
-0.732816
-0.732816
-0.586763
-1.2353
-1.1716
-1.23161
-1.23161
-1.23161
-1.23161
-1.23161
-1.2472
-1.2472
-1.2472
-1.2472
-0.371347
-0.487261
-0.487261
-1.29307
-2.17738
-2.17738
-2.17738
-2.17738
-1.16722
-1.16722
-1.16722
-1.54188
-1.54188
-1.54188
-1.54188
-0.658688
-0.0705655
-0.0705655
-0.0705655
-0.0424089
1.14234
1.14234
1.14234
1.14234
1.14234
1.89664
1.42656
1.42656
1.49396
0.960332
0.785905
0.602821
0.212963
-0.819137
-0.819137
-1.60243
-1.60243
-1.5
-0.378812
-0.378812
-0.378812
-0.378812
-0.378812
0.676667
-0.0480681
-0.0480681
-0.63051
-0.63051
-0.63051
-1.44728
-1.30706
-1.30706
-0.572197
-0.272577
-0.272577
0.51591
1.25992
0.238019
-0.891954
-0.891954
-0.891954
-0.891954
-0.891954
-0.374647
-0.374647
0.555455
0.555455
0.555455
0.555455
1.36869
0.941013
0.941013
0.518576
0.518576
0.518576
-0.669118
-0.669118
-0.669118
-0.669118
0.0662367
0.0662367
0.0662367
0.0662367
1.1893
1.1893
1.1893
0.259289
0.259289
-0.779822
-0.779822
0.127691
-0.287245
-0.172803
-0.172803
-1.0972
-1.0972
-1.0972
-1.0972
-0.724069
-0.724069
-0.438831
0.677864
0.445018
0.445018
0.445018
0.980517
0.122882
0.122882
0.417253
-0.0491249
-0.355297
0.329787
0.329787
0.329787
0.329787
0.329787
0.329787
0.811444
0.811444
0.10754
0.10754
0.10754
0.10754
-0.92601
-0.92601
-0.92601
-0.404401
-0.404401
0.638771
0.638771
0.638771
0.638771
0.753278
-0.263099
-0.263099
0.920875
0.920875
0.578642
0.578642
0.578642
0.578642
0.578642
0.578642
0.639487
0.639487
0.639487
0.639487
-0.460087
0.598423
0.565698
-0.0785376
-0.0785376
-0.725467
-0.725467
-0.725467
-0.725467
-0.0736238
0.75156
0.75156
0.75156
0.75156
0.75156
0.75156
0.0441016
0.0441016
0.0935316
0.266379
0.266379
-0.527372
-0.15272
-0.15272
0.269748
0.269748
0.269748
1.35796
1.35796
1.35796
1.2451
1.2451
1.2451
1.2451
1.2451
1.2451
1.80782
1.46162
1.46162
1.68024
1.68024
2.05058
1.74944
1.74944
0.844039
-0.0171979
-0.551443
0.176896
0.157061
0.157061
-0.430474
0.388943
-0.52833
-0.000551713
-0.000551713
-0.199391
-0.199391
0.0080065
0.814611
0.814611
0.814611
1.74588
1.36381
0.516961
0.333323
0.333323
0.333323
0.333323
0.333323
-0.197152
0.740825
-0.123066
-0.123066
-0.123066
-0.123066
-0.123066
-0.593963
-0.593963
-0.593963
-0.35169
-1.12532
-0.198382
-0.198382
-0.198382
-0.198382
-0.244864
-0.244864
-0.244864
0.84449
0.838622
0.838622
0.888775
0.888775
0.888775
0.888775
1.01655
1.01655
1.01655
0.634726
-0.3671
-0.3671
-0.3671
-0.3671
-0.3671
-0.3671
-0.3671
-0.3671
-0.3671
-0.3671
-0.3671
-0.3671
-0.3671
-0.23479
0.900602
0.900602
0.900602
0.900602
-0.230245
-0.230245
-0.325687
0.523356
-0.367235
-0.367235
-0.367235
-0.367235
-0.367235
-0.367235
-0.367235
-0.367235
0.553034
0.582824
0.582824
1.50659
0.708298
0.722793
1.06209
1.06209
1.06209
1.87851
0.940055
0.940055
0.940055
-0.136069
-0.136069
0.910864
0.910864
-0.109644
-0.193753
-0.193753
-0.193753
-0.193753
-0.193753
-0.193753
0.962032
0.962032
-0.0835609
0.256634
0.256634
0.256634
0.256634
0.569226
0.569226
-0.499654
-0.499654
-0.499654
-1.07653
-1.07653
-1.07653
-1.07653
-1.07653
-1.07653
-1.07653
-1.07653
-1.32122
-1.32122
-1.32122
-1.32122
-0.437863
-0.437863
-0.437863
-0.437863
-0.437863
-0.57667
-0.57667
0.573969
0.573969
0.573969
0.041438
0.709582
0.709582
0.668311
0.668311
0.539107
0.539107
0.272349
0.21059
0.21059
0.21059
-0.299768
-0.41592
-0.41592
-0.41592
-0.41592
-0.41592
-0.41592
-0.157171
-0.157171
-0.157171
-0.157171
-0.157171
-0.382693
-0.382693
-0.777062
-0.777062
-0.777062
0.304543
0.304543
-0.0872061
-0.0872061
-0.0872061
0.245864
0.245864
0.245864
0.245864
0.245864
-0.946413
-0.946413
-0.946413
-0.946413
-0.31555
-0.31555
0.559792
0.559792
0.559792
0.559792
0.224807
0.353879
0.878282
1.08547
0.030915
0.030915
0.030915
0.030915
0.030915
0.030915
0.0532488
0.0300189
0.0300189
0.0300189
0.0300189
0.87304
0.786213
0.786213
1.10437
1.16853
0.518231
-0.303646
-0.303646
-0.303646
0.192018
0.192018
1.38054
1.38054
0.710442
0.710442
0.814577
0.814577
-0.0895429
-0.0895429
-0.0895429
-0.191628
-0.191628
0.348815
0.348815
0.348815
0.348815
0.464278
-0.115051
-0.115051
-0.115051
-0.115051
-0.115051
-0.846305
-0.306536
0.611499
-0.583591
-1.74797
-1.90539
-1.90539
-1.90539
-0.720766
-0.720766
-0.496608
0.396605
0.779671
-0.32638
-0.140283
-0.140283
-0.140283
-0.140283
-0.140283
-0.140283
-0.140283
-0.140283
-0.191609
-0.191609
-0.188029
-0.188029
-0.188029
-0.188029
-0.188029
-0.45203
-0.120242
-0.120242
-0.120242
-0.120242
-0.120242
-0.120242
-0.120242
-0.120242
-1.00268
-1.00268
-1.00268
-1.00268
-1.09037
-1.09037
-2.09599
-1.07771
-0.956152
-0.956152
-0.956152
0.24163
-0.595473
0.383248
0.985068
0.985068
0.985068
0.985068
0.382181
0.382181
0.382181
0.382181
1.41853
1.41853
1.41853
0.787212
0.787212
-0.158819
-0.286093
-0.286093
-0.286093
-0.286093
-0.286093
-0.286093
-0.481568
-0.481568
-1.13122
0.0309279
0.0309279
-0.418901
0.142064
-0.268516
0.594289
0.594289
-0.324509
-0.211157
-0.211157
-0.211157
-0.211157
-0.211157
-0.211157
0.357274
0.357274
0.357274
-0.372926
-1.10957
-1.10957
-1.18851
-0.408899
-0.408899
-0.408899
0.10673
0.10673
0.188088
0.188088
0.188088
0.0915984
0.0915984
0.0868448
0.0868448
-0.285686
0.189142
0.175563
0.000163659
-0.494746
0.190527
-0.0197659
-0.0197659
-0.0197659
-0.0197659
-0.0197659
-0.0197659
-0.0197659
-0.0197659
-0.0197659
-0.0197659
-0.0197659
-0.0197659
-0.912612
-0.10495
-0.360412
-0.725825
-0.725825
-0.725825
-0.725825
-1.00131
-0.393956
-0.736578
-0.246113
0.853366
0.853366
1.76332
1.76332
1.76332
1.76332
0.587619
-0.0083809
0.51447
0.188302
0.188302
0.188302
0.188302
0.188302
0.188302
0.188302
0.188302
0.188302
0.188302
0.188302
0.188302
-0.502777
-0.502777
0.481041
0.544013
0.544013
-0.285264
0.807686
0.807686
-0.347425
0.601313
-0.48957
0.561017
-0.289501
-0.289501
0.566323
0.192483
0.192483
0.192483
0.426464
0.724562
0.724562
0.724562
0.724562
1.54364
0.958508
0.646427
1.14822
1.14822
1.14822
0.693589
0.693589
0.693589
0.693589
0.693589
0.693589
0.713211
-0.321522
-0.321522
0.260559
-0.84188
-0.84188
-0.84188
-0.119543
-0.119543
0.834434
0.834434
0.792444
-0.343525
0.222433
0.590625
-0.607304
-0.584174
0.036245
0.645402
0.632546
0.11085
0.11085
0.11085
0.11085
0.11085
0.11085
1.05679
1.05679
-0.101841
-0.101841
-0.335164
0.231643
0.176727
0.176727
0.465676
0.465676
0.583851
0.583851
0.583851
0.583851
0.583851
0.176317
0.176317
0.176317
0.176317
0.176317
1.31672
1.31672
0.979528
0.979528
0.220646
0.220646
0.220646
0.220646
0.220646
0.220646
-0.973262
-0.973262
-0.46927
0.699156
-0.0447645
-0.0447645
-0.0447645
0.325017
0.325017
0.325017
0.325017
0.325017
0.123668
-0.305689
0.500895
1.23764
2.38649
1.80627
1.80627
0.75049
0.75049
-0.0333
-0.0333
-0.0333
-1.0665
-0.0701175
-0.0701175
-0.0701175
-0.0701175
-0.0701175
-0.0701175
-0.0701175
-0.0701175
0.376247
0.930899
0.930899
0.930899
0.930899
0.847904
1.04224
0.0543365
0.0543365
0.0543365
0.0543365
-0.0327855
-0.0327855
-0.0327855
-0.0327855
-0.0327855
0.349039
0.72568
0.72568
0.182206
0.182206
0.546494
0.41439
0.41439
1.30701
1.30701
1.73335
0.755138
-0.24027
0.233909
0.233909
0.233909
0.233909
0.233909
-0.0976063
-0.0976063
-0.0976063
-0.0976063
-0.0976063
-0.0976063
-0.400904
-0.400904
0.574528
0.117378
1.03772
1.03772
0.0349364
-0.837629
0.0680439
0.642314
0.642314
0.642314
0.642314
0.141246
0.141246
0.141246
0.141246
-0.678439
-0.134152
-0.180031
-0.180031
-0.180031
-0.180031
-1.0541
-0.91223
-0.91223
-0.237695
-0.0174029
0.718705
0.718705
0.374554
-0.117072
-0.117072
0.460521
0.460521
-0.42269
0.0766442
0.0766442
0.0766442
0.0766442
-0.511515
-0.511515
0.292513
0.292513
0.292513
0.292513
0.292513
1.43321
0.980023
0.947084
0.696945
0.696945
-0.29811
-1.44799
-1.14258
-1.14258
-1.14258
-1.26645
-1.26645
-1.26645
-1.76385
-0.901164
-0.127607
-0.26362
-0.26362
-1.14372
-1.14372
-1.14372
-1.14372
-1.14372
-1.14372
-1.14372
-0.527634
-0.527634
-1.12673
-1.12673
-0.48861
0.237935
0.237935
-0.743429
-0.743429
-0.743429
-0.743429
-0.65313
-1.74482
-2.10867
-1.44358
-1.44358
-1.44358
-1.29206
-0.356489
-0.999397
-0.812373
-1.70736
-1.70736
-1.70736
-1.58722
-1.58722
-1.58722
-1.8445
-2.89565
-2.89565
-2.49075
-1.342
-1.08462
-0.0875157
-0.0875157
-0.800127
-0.800127
-0.0546574
-0.0546574
-0.0546574
-0.0546574
-0.517519
-0.517519
-0.517519
-0.517519
-0.517519
-0.517519
-0.517519
-0.517519
-1.41862
-1.41862
-1.41862
-0.236719
-0.236719
-0.0273784
-0.0273784
-0.161405
0.336202
0.336202
0.336202
0.139063
0.139063
0.139063
0.139063
0.139063
0.750077
0.750077
-0.0715793
-1.06894
-1.06894
-1.06894
-0.177843
-0.177843
-0.177843
-0.177843
-0.177843
0.184636
0.184636
-0.984914
-0.984914
-0.984914
-0.651657
-0.713401
-0.529281
-0.880429
-1.72048
-1.15308
-0.724268
-1.87175
-1.85532
-1.07163
-1.07163
-1.07163
-2.13064
-1.25804
-1.25804
-0.875145
0.294193
0.294193
0.294193
0.294193
0.294193
-0.811337
-0.811337
0.312289
0.312289
0.312289
0.312289
0.312289
0.51656
0.51656
0.0253489
0.0253489
0.0253489
0.0253489
0.0253489
0.0253489
0.397549
-0.410356
0.505958
-0.264029
-0.3749
0.114448
-0.835987
-1.68591
-1.68591
-2.32873
-2.32873
-1.44875
-1.44875
-1.9158
-1.9158
-1.9158
-1.52581
-0.817292
-0.961318
-0.617216
-0.617216
-0.709718
-0.709718
-0.709718
-0.342684
0.814326
0.814326
0.814326
0.814326
0.814326
0.814326
1.03388
0.045663
0.230272
-0.86568
-0.86568
-0.86568
-1.48422
-1.48422
-1.48422
-1.48422
-1.48422
-1.2954
-1.2954
-1.2954
-1.03106
-1.03106
-0.381202
-0.381202
-0.381202
-0.103956
-0.232487
-0.232487
-0.232487
-0.556512
-0.556512
-0.768094
-0.768094
-1.12825
-1.96768
-0.953249
-0.169561
-0.169561
-0.825817
-0.825817
-0.825817
-0.825817
-0.890808
-0.890808
-0.890808
-0.890808
-1.26859
-0.99089
-1.03839
-1.03839
-0.221505
0.77384
0.77384
-0.416606
0.390149
0.390149
0.390149
0.585672
0.585672
0.585672
0.585672
0.585672
-0.151712
-0.151712
-1.0432
0.0959634
0.0959634
0.0959634
-0.0128732
-0.752526
-1.24121
-1.24121
-1.24121
-1.63005
-1.63005
-2.14941
-2.14941
-1.19734
-0.491598
-0.491598
-0.296152
-0.296152
-0.296152
-0.174923
-0.174923
0.0016692
-0.626723
-0.874239
-0.395016
-0.0303257
-0.0303257
-0.0303257
-0.0303257
0.144277
0.896688
0.161041
0.161041
0.161041
0.981783
0.0458895
1.0848
-0.0719449
0.999307
0.377403
0.377403
0.377403
0.377403
0.377403
0.377403
0.377403
0.377403
0.377403
0.377403
0.377403
-0.70252
-0.70252
-0.70252
-1.03912
-1.03912
-1.03912
-0.688964
-0.688964
-0.688964
-0.688964
-0.688964
0.224124
0.224124
0.224124
0.224124
-0.65883
-0.65883
-0.65883
-0.65883
-0.94287
-1.91071
-2.66662
-2.66662
-2.53828
-2.78131
-2.78131
-2.21318
-1.69651
-0.917641
-0.682204
-1.12424
-1.41752
-0.549337
-0.346206
-0.346206
-0.375286
0.657526
1.24987
2.30394
1.67132
1.67132
1.4895
0.290084
0.290084
0.290084
0.290084
0.290084
-0.14147
-0.14147
0.37672
-0.154556
-1.03254
-1.03254
-1.92334
-1.92334
-0.886217
-0.917983
-1.24869
-1.24869
-0.996627
-0.33151
0.85447
1.95939
1.95939
0.983108
-0.191917
-0.191917
-0.191917
-0.191917
-0.191917
-0.191917
-0.191917
-0.191917
-0.191917
-0.191917
-0.191917
-0.191917
-0.191917
-0.191917
-0.191917
-0.191917
-0.191917
-0.191917
-0.191917
-0.191917
-0.191917
-0.191917
-0.191917
-1.089
-0.458294
0.726063
0.726063
0.726063
0.208739
0.208739
0.208739
0.208739
0.208739
0.208739
-0.588081
-0.588081
-0.588081
-0.588081
0.0627015
0.0627015
1.12746
0.825522
0.787546
0.787546
0.787546
0.787546
0.787546
0.787546
0.454994
-0.0828705
-0.724818
-1.04091
-1.04091
-1.04091
-0.209775
-0.209775
-0.246928
0.153621
-0.0927407
-0.0927407
-0.899597
-0.194949
-0.194949
-0.194949
-0.194949
-0.194949
-0.643881
0.095517
0.962679
0.562415
0.562415
0.562415
-0.245075
-0.245075
0.10642
0.10642
0.10642
0.10642
0.10642
0.10642
0.10642
0.10642
0.10642
0.10642
0.10642
0.10642
-0.504975
-0.348725
-0.348725
-1.05354
-0.653458
-1.7548
-1.7548
-2.37338
-2.71333
-2.49407
-2.49407
-2.53477
-2.53477
-2.53477
-2.53477
-2.53477
-1.85596
-1.48254
-1.57786
-2.19382
-2.03644
-2.03644
-2.03644
-2.03644
-2.03644
-1.17768
-1.17768
-1.17768
-1.17768
-1.23399
-1.23399
-1.23399
-1.40453
-1.12771
-1.12771
-1.12771
-1.12771
-1.12771
-1.12771
-1.12771
-1.12771
-1.12771
-1.12771
-0.665349
-0.665349
-1.59743
-1.299
-1.299
-1.299
-1.299
-1.20325
-1.68519
-1.68519
-2.66186
-2.66186
-2.66186
-1.98078
-1.17177
-0.913979
-0.913979
-0.913979
-0.913979
0.047923
0.231031
0.231031
0.231031
0.78514
1.58061
0.617122
0.617122
0.617122
0.617122
0.690101
0.690101
0.093901
0.093901
0.093901
-0.898306
-0.4436
0.707872
-0.410349
-0.356158
0.831194
0.940444
1.48345
1.48345
1.83352
1.83352
2.308
2.308
2.308
1.60003
1.06333
0.871675
0.689508
0.0242869
0.970951
-0.0117557
0.983208
-0.0986284
-0.0986284
-0.130375
-0.130375
-0.130375
-0.130375
-1.07087
-1.07087
-1.07087
-1.18835
-1.18835
-1.18835
-1.18835
-1.18835
-1.18835
-0.691877
-0.691877
-0.691877
-0.691877
-0.691877
-0.897958
-0.897958
-1.21325
-1.21325
-1.82235
-1.62489
-1.62489
-0.498429
-1.28971
-1.28971
-1.28971
-2.25015
-1.61517
-1.61517
-1.61517
-2.43773
-2.43773
-2.43773
-1.68346
-0.543888
-1.65516
-1.13295
-2.29708
-1.18771
-1.18771
-0.0622597
1.02484
1.748
1.748
1.96854
1.96854
1.96854
1.96854
1.96854
2.14798
2.14798
2.44079
2.44079
3.2474
2.052
2.37547
1.51508
1.20625
0.405487
0.966848
0.966848
2.01801
0.927194
0.659504
0.0716281
0.668773
0.17083
-0.314815
-0.314815
-1.26173
-1.26173
-0.849264
0.0313524
0.0313524
0.620213
0.191665
0.191665
-0.178447
-1.18724
-0.72416
-0.72416
-0.296543
-0.911978
0.244664
0.32276
-0.75602
-0.13306
0.208414
0.208414
0.208414
0.478588
0.819307
0.47819
-0.287994
0.0331729
0.0331729
0.0331729
0.367396
1.23188
1.23188
1.94034
1.94034
0.985421
0.624244
0.624244
1.34961
1.04558
0.628183
1.4908
1.4908
1.4908
2.40048
2.73869
3.78742
3.78742
3.78742
3.78742
3.78742
3.78742
3.84801
3.94851
3.48325
2.84156
1.72003
0.812487
0.812487
1.13707
1.56571
1.56623
0.686636
0.686636
0.650711
0.650711
0.650711
0.650711
0.650711
0.650711
0.650711
0.660668
-0.349516
-0.349516
0.159217
0.788131
0.788131
1.83781
1.83781
1.83781
1.83781
1.83781
2.29113
2.29113
2.29113
2.29113
2.0854
0.920655
0.920655
0.920655
0.920655
0.920655
0.920655
0.920655
0.98901
0.98901
0.98901
0.673365
0.673365
0.673365
0.953344
-0.152536
0.785807
0.785807
0.785807
1.16621
1.16621
1.16621
0.0656138
-0.647555
-1.51673
-1.51673
-1.51673
-1.99588
-1.15962
-1.15962
-1.68775
-0.94721
-0.94721
-0.94721
-1.44267
-1.44267
-1.44267
-2.04916
-0.993249
-1.04781
-0.563326
-1.0529
-1.0529
-0.136933
-0.47522
0.654385
1.47094
1.47094
0.499009
0.499009
-0.588234
-1.29694
-0.352444
-0.0654233
-0.765724
-0.765724
0.272672
1.31921
1.28688
1.93796
1.93796
0.758056
-0.394871
-0.394871
0.789378
-0.316004
-1.03886
-1.03886
-0.675613
-1.68581
-1.97184
-1.97184
-0.912221
-0.912221
-0.912221
-0.912221
-0.912221
-0.43079
-0.995053
-0.995053
-0.995053
-0.859206
-1.13531
0.0606645
-0.256541
0.753388
0.753388
0.753388
1.26808
1.09119
0.173394
0.173394
0.697296
0.882152
-0.121808
-0.121808
-0.121808
-0.121808
-0.651164
-0.356323
-0.356323
-0.200408
-0.200408
-0.200408
-0.200408
-0.372862
-0.372862
-0.32275
0.186395
0.186395
0.186395
0.186395
0.186395
-0.942347
-0.0144547
0.166835
0.432577
-0.57709
-0.57709
-0.324734
0.573152
0.573152
0.661154
0.111504
-0.0135456
-0.0135456
-1.07687
-1.07687
-0.555759
0.467965
0.467965
0.142879
0.604966
0.604966
0.604966
0.604966
0.604966
-0.156521
-0.156521
-0.156521
-0.156521
-0.156521
-0.156521
-0.156521
-0.536216
-0.536216
-0.536216
-0.536216
-0.536216
-0.536216
-0.536216
0.487051
0.487051
0.487051
0.487051
0.581436
0.581436
0.581436
0.581436
0.581436
0.581436
0.581436
0.581436
-0.30074
-0.314151
-0.314151
-0.314151
-1.45558
-1.45558
-1.45558
-0.302761
-0.37413
-0.37413
0.241538
0.241538
0.380237
0.43933
0.499657
1.44052
1.44052
0.981893
0.981893
0.981893
0.981893
2.15801
2.15801
2.66595
2.66595
2.04228
2.04228
2.60551
2.60551
2.60551
3.38402
2.94245
2.94245
2.17529
2.40888
2.40888
1.36181
1.32252
1.32252
1.08666
1.08666
1.0078
1.0078
0.0884294
0.0884294
0.478504
0.478504
0.478504
0.478504
0.478504
0.478504
1.57143
2.70791
2.70791
3.30704
2.45384
2.09301
2.25282
1.21635
1.21635
1.21635
0.96621
0.572597
0.153971
0.123793
0.123793
0.123793
0.123793
0.123793
0.123793
-0.431144
-0.431144
-0.431144
-0.431144
-0.431144
-0.431144
-0.558825
0.0940819
0.741948
0.523035
0.523035
0.523035
0.523035
0.523035
0.523035
0.523035
1.44225
1.44225
1.44225
1.44225
0.524549
0.524549
-0.538449
-0.538449
-0.538449
-0.538449
-0.538449
-0.538449
-0.538449
-0.538449
-0.538449
-0.538449
-0.538449
0.45927
0.45927
0.45927
-0.599485
0.487513
0.487513
0.487513
0.487513
0.487513
-0.320101
-0.320101
-0.320101
-0.320101
0.470704
0.470704
0.470704
0.470704
0.470704
0.470704
-0.100436
0.450895
0.450895
0.450895
1.48937
0.746145
0.692334
-0.213352
-0.720405
-0.226939
-0.226939
-0.226939
-0.226939
-0.226939
-0.226939
-0.226939
-0.527793
-0.527793
-0.527793
0.404509
0.575398
0.575398
0.520973
0.520973
-0.584703
-0.584703
0.391126
0.391126
0.271786
0.320695
0.320695
-0.801182
-1.21248
-0.0632337
0.718845
0.718845
0.233312
0.967623
0.967623
0.00651796
-0.639687
-0.639687
-0.186431
-0.186431
-0.706918
-0.706918
-0.706918
-0.706918
-0.706918
-1.45211
-1.45211
-0.26136
-0.26136
-0.26136
0.572875
0.0790893
1.00148
-0.00348332
-0.00348332
-0.00348332
0.526361
0.526361
0.896912
0.896912
1.34382
1.34382
1.10094
1.93893
2.1851
2.79218
1.67202
1.17617
1.17617
0.433353
0.433353
0.433353
-0.0368386
-0.0368386
-0.202009
0.425089
1.57936
1.57936
1.57936
2.14268
1.42689
1.42689
0.61079
0.61079
-0.529019
-0.930546
-0.930546
-0.959337
-1.13995
-1.56891
-1.69029
-0.998205
-1.76191
-1.76191
-2.49644
-2.49644
-1.81755
-1.81755
-1.94318
-1.94318
-2.2057
-1.39078
-1.86194
-1.86194
-1.53631
-1.53631
-1.85003
-2.07458
-2.07458
-1.65149
-2.67982
-1.58014
-1.15785
-0.467113
0.199497
0.199497
0.199497
0.199497
0.199497
0.780365
0.218734
0.218734
-0.160347
-0.843127
-0.843127
-0.843127
0.104452
-0.87783
-0.87783
-0.87783
-0.87783
-0.917608
-0.30944
-0.30944
-0.493817
-0.405257
-0.057051
-0.057051
-0.057051
-0.057051
-1.12402
-0.541343
-0.541343
0.173401
0.173401
0.173401
0.173401
-0.706791
0.0387729
1.1436
1.1436
1.7205
1.25283
0.123517
0.123517
0.123517
0.123517
-0.191863
-0.191863
-0.191863
-0.191863
-0.189769
-0.189769
-0.189769
-0.616362
-0.616362
-0.225207
-0.225207
-0.225207
-0.225207
-0.225207
-0.225207
-0.225207
-0.225207
-0.225207
0.0842867
0.0842867
0.0842867
0.106367
0.106367
-0.828708
-0.828708
0.228596
-0.35543
-0.35543
-0.35543
-0.129923
-0.129923
0.210647
1.03753
1.03753
1.03753
1.03753
1.03753
0.720008
0.720008
0.720008
0.720008
1.43387
1.43387
1.43387
1.43387
0.476686
0.753555
0.911213
0.911213
0.108309
-0.857867
-0.857867
-0.857867
-0.857867
-0.0287314
-0.0287314
1.1306
1.5793
0.809863
-0.282519
-0.282519
-1.02522
-1.02522
-1.02522
0.0579069
0.0579069
0.0579069
0.0579069
0.0579069
-0.135879
0.650224
0.650224
0.650224
0.650224
-0.525312
-0.525312
0.563537
0.802115
0.802115
0.802115
0.802115
0.802115
1.24129
1.24129
1.24129
0.260538
0.260538
0.260538
0.260538
0.395054
0.395054
0.904506
0.0798801
0.0798801
-0.761595
-0.631501
0.485851
0.485851
0.485851
0.485851
0.485851
0.485851
0.485851
-0.352904
-0.352904
0.475088
0.475088
0.475088
-0.114255
-0.613021
-0.613021
-0.40571
-0.40571
-0.40571
0.0538022
0.0538022
0.0538022
0.0538022
0.0538022
0.0538022
0.0538022
0.0538022
0.0538022
0.0538022
0.0538022
0.0538022
0.0538022
0.0538022
0.0538022
0.0538022
0.0538022
0.0538022
0.0538022
0.0538022
0.0538022
0.0538022
0.0538022
0.0538022
0.0538022
0.0538022
0.0538022
0.0538022
0.0538022
0.0538022
0.0538022
0.0538022
0.0538022
0.0538022
-0.777351
-0.777351
0.2361
1.42149
1.42149
1.7669
1.82022
1.32994
1.01423
1.01423
0.116859
0.552327
0.552327
0.552327
0.552327
0.552327
-0.0386388
-1.22817
-1.22817
-1.22817
-2.41255
-2.29276
-2.24736
-2.24736
-1.43079
-1.43079
-1.11142
-0.256006
0.828257
1.08407
0.427276
0.427276
0.427276
0.427276
0.427276
0.517011
0.517011
0.517011
0.841151
0.841151
0.841151
0.841151
-0.0156773
-1.06566
-1.06566
-0.743508
-0.0146867
-0.0146867
-0.0146867
-0.0146867
-0.0146867
-0.0146867
-0.0146867
-0.0146867
-0.0146867
-0.0146867
0.445679
1.07106
1.07106
0.84641
0.84641
0.38249
0.38249
0.38249
0.162065
0.162065
0.162065
0.162065
0.162065
0.162065
0.162065
-0.830147
-0.830147
0.204557
-0.301692
0.382385
-0.0614581
-0.0614581
-0.0614581
-0.0614581
-0.0614581
-0.0614581
-0.0614581
-0.895714
-1.85362
-1.85362
-1.24433
-1.24433
-1.38707
-1.42445
-1.04911
-0.0638229
-0.0638229
0.88452
1.32508
1.32508
1.21702
0.928544
0.928544
0.928544
0.402615
0.402615
0.402615
0.658172
0.658172
0.658172
-0.377716
0.777559
0.937421
0.187454
0.540262
0.540262
-0.280682
-0.280682
-1.3491
-0.954498
-0.205427
-0.205427
0.932432
0.179072
0.179072
0.179072
0.179072
1.2788
0.604228
0.604228
0.604228
0.991487
1.37168
1.6594
1.6594
1.6594
1.6594
0.921023
0.921023
0.921023
0.921023
1.90933
2.44612
1.81894
1.81894
1.81894
0.794784
0.39423
1.13618
1.13618
1.13618
1.90179
1.21448
0.503207
-0.275192
-0.275192
-0.275192
-0.275192
-0.912932
-0.912932
-0.912932
-0.993498
-0.146117
0.284661
0.284661
-0.402666
-0.402666
-0.402666
0.529881
0.529881
-0.428814
-0.428814
-0.989955
-0.989955
-0.989955
-0.989955
-0.84016
0.103509
-0.637915
-0.637915
-0.870711
-0.870711
-0.870711
-1.19421
-0.342431
-0.342431
-0.342431
-0.342431
0.262342
0.671035
0.671035
-0.141891
-0.141891
0.479749
0.810674
0.33339
0.33339
0.33339
0.33339
0.445579
0.676724
-0.155983
0.676295
0.292741
1.35909
1.18349
1.46172
1.25839
1.82997
1.82997
1.22245
1.33204
1.33204
2.51263
1.8572
1.8572
1.61578
2.15328
1.39391
1.53683
0.791051
0.437591
0.437591
1.52432
0.380163
0.432134
0.148839
0.682109
0.682109
0.682109
0.682109
0.682109
0.682109
0.977603
0.977603
0.977603
0.977603
0.977603
0.70393
0.70393
0.475982
0.475982
0.475982
0.475982
0.475982
0.435332
0.297833
1.24986
1.24986
1.24986
1.24986
1.24986
2.00734
2.00734
0.87926
-0.0259601
-0.0259601
-0.0259601
-0.0259601
-0.0259601
-0.916552
-0.271905
-0.367102
-0.333729
-0.333729
0.0742506
0.520843
0.0540622
0.0540622
0.0540622
0.0540622
0.0540622
0.0540622
0.0540622
0.0540622
0.0540622
0.565065
0.949953
0.526649
0.104926
0.104926
-0.00193516
-0.118139
-0.981791
-0.981791
-0.981791
-0.981791
-0.981791
0.00722443
0.509755
0.509755
0.509755
0.509755
-0.354633
-0.354633
0.07812
0.07812
0.07812
-0.256035
-0.256035
0.709725
0.709725
0.165849
0.165849
0.165849
0.165849
0.84434
0.84434
0.84434
0.84434
0.84434
0.84434
0.84434
0.84434
0.84434
1.59534
1.59534
1.59534
1.59534
1.59534
1.59534
1.59534
1.59534
1.86541
1.86541
1.69228
1.8088
1.64443
0.674744
0.0582365
0.449608
0.449608
1.57301
2.43841
2.86986
2.86986
2.86986
2.40686
2.40686
2.28201
2.51686
2.51686
2.51686
2.51686
2.91684
1.99463
2.08395
0.990663
1.09297
1.09297
1.09297
0.483208
-0.581457
-0.486055
-0.486055
-1.58351
-1.31612
-0.685188
-0.685188
0.476688
-0.214051
-1.04555
-1.48445
-1.33064
-1.33064
-0.348396
0.000104522
0.000104522
-1.17877
-1.17877
-1.01675
-0.504386
-0.504386
-0.00359021
-0.687996
-0.563171
-0.844391
-0.844391
-1.36289
-1.55633
-1.55633
-0.572485
0.29097
0.29097
-0.232666
-0.232666
-0.684916
0.307149
0.690749
0.690749
0.690749
0.690749
0.690749
0.690749
0.0414833
-0.624782
-0.892728
-0.892728
-0.892728
-0.892728
0.126418
-0.534308
-0.534308
0.0322433
0.0322433
-0.898822
-1.71511
-1.19141
-1.06371
-0.0691343
-0.0691343
-0.0691343
0.865563
0.865563
1.67689
1.67689
1.67689
1.67141
1.27444
1.27444
0.101398
-0.370025
-0.370025
-0.370025
0.508056
0.0932162
0.0932162
0.0932162
0.67602
0.67602
0.67602
0.67602
-0.23854
-0.056834
-0.056834
-0.0656405
-0.0656405
-0.0656405
-0.0656405
-0.0656405
0.20237
0.20237
-0.90389
-2.08958
-2.08958
-1.12223
-1.12223
-1.12223
-0.774916
-0.774916
0.386253
0.386253
0.386253
0.386253
0.386253
0.386253
-0.117349
-0.117349
-1.20486
-1.20486
-2.27449
-2.27449
-1.56684
-1.0609
-1.88128
-1.88128
-1.85366
-1.16454
-1.72414
-2.20472
-2.20472
-1.438
-0.850746
-1.81206
-0.853368
0.0764265
0.0764265
-0.831365
-0.352979
-0.352979
-0.352979
0.183092
-0.860704
-0.482063
-0.482063
-1.54366
-1.13981
-2.19226
-2.01611
-1.88664
-2.04719
-0.908775
0.0687439
-0.616076
-1.72227
-2.71362
-3.89414
-4.08737
-4.08737
-3.40911
-3.85122
-3.85122
-2.99645
-3.16413
-3.03629
-2.47695
-2.47695
-2.47695
-2.47695
-2.31762
-1.8995
-1.8995
-2.5041
-2.5041
-2.5041
-2.5041
-2.06612
-0.868493
-0.868493
-1.3755
-1.3755
-0.578224
0.0950444
0.0950444
-0.748458
-1.30632
-1.9097
-1.38305
-1.95288
-1.95288
-1.92423
-1.92423
-1.92423
-1.92423
-1.92423
-1.92423
-1.13938
-0.0630138
-0.0630138
-0.0630138
-0.0630138
-0.833468
-0.833468
-1.36266
-1.36266
-1.36266
-2.3192
-2.55846
-2.5149
-2.51777
-2.51777
-2.10469
-1.56586
-2.29864
-2.87636
-1.76083
-2.21576
-1.84844
-2.49609
-1.71178
-1.0759
-1.0759
-1.0759
-0.643637
-1.15868
-1.15868
-1.90953
-1.90953
-1.90953
-0.867906
-0.867906
-1.72527
-1.72527
-1.72527
-2.07121
-2.15446
-1.17649
-1.17649
-0.193764
-0.0946963
-0.0946963
-0.0946963
-0.0946963
-0.0946963
0.523752
0.523752
0.523752
-0.389065
-0.389065
0.287814
0.287814
0.180478
0.180478
0.636777
-0.334565
-0.421868
-0.421868
-0.313625
-0.313625
-1.01654
-1.79098
-1.86823
-1.81364
-1.93893
-1.78991
-2.44808
-1.56267
-1.56267
-1.56267
-1.56267
-0.482354
0.367336
0.367336
0.367336
0.367336
-0.720593
-1.54215
-0.869361
-0.869361
-1.52214
-1.52214
-0.907455
-0.28289
-0.575788
-0.0742951
-0.0742951
0.570859
0.570859
0.570859
0.570859
-0.44169
-0.44169
-0.660924
0.336859
0.336859
-0.470228
-0.470228
-0.470228
-0.470228
-0.470228
-0.470228
0.0847808
-0.553081
-0.804203
-0.660812
0.512264
0.375349
0.200671
1.33763
1.33763
1.42964
0.28276
0.28276
1.1264
0.00905825
0.421174
0.421174
0.421174
0.421174
0.3886
0.3886
0.3886
0.3886
1.31331
1.31331
0.942094
0.942094
0.405862
0.405862
0.405862
0.405862
-0.271877
0.86704
0.86704
0.86704
0.86704
0.616937
0.616937
0.616937
0.846717
1.33049
1.90755
1.1529
0.824776
0.824776
1.09217
1.09217
0.743599
0.743599
0.743599
0.432623
0.432623
0.432623
-0.259457
-0.259457
-0.259457
-0.941149
-1.1545
-1.1545
-1.1545
-0.0987024
-0.0987024
0.634965
0.634965
0.634965
0.0115782
0.0115782
0.766559
1.04263
1.04263
1.04263
1.33436
0.912583
1.46846
1.46846
1.27419
1.89953
1.89953
1.89953
1.34457
0.74125
0.74125
0.74125
0.559668
-0.14392
-0.14392
-0.14392
-0.14392
-0.14392
-0.14392
-0.955613
-1.59646
-1.59646
-1.28456
-0.841929
-0.841929
-0.841929
0.311921
0.311921
0.311921
0.311921
0.311921
0.53298
0.53298
-0.535918
-0.535918
0.46046
1.15503
0.260992
-0.754603
0.355923
0.355923
0.355923
0.355923
0.355923
0.355923
0.355923
0.355923
0.355923
0.341499
0.341499
-0.402144
-0.367227
-0.367227
-0.367227
-0.367227
-0.367227
-0.367227
-0.367227
-0.367227
-0.314271
0.694849
0.219055
-0.55293
-0.159868
-0.159868
0.648138
0.648138
1.31743
1.31743
1.31743
0.257347
-0.656407
0.150547
0.150547
0.799486
-0.376504
-0.376504
0.239513
0.239513
0.733489
0.530049
0.363948
0.363948
0.363948
0.363948
0.363948
0.363948
1.47374
0.644816
1.06835
1.06835
0.0512876
0.0512876
0.0512876
-0.967505
-0.0957377
-0.0957377
-0.722598
-0.722598
-0.722598
-0.722598
0.122177
0.122177
0.122177
0.122177
0.30117
0.30117
-0.194647
-0.49978
0.465746
0.294181
0.294181
0.294181
0.294181
0.294181
0.537046
0.537046
0.537046
0.677728
0.994706
0.994706
0.892763
2.03619
2.86581
3.54423
2.70029
2.6733
2.6733
2.6733
2.6733
2.6733
3.28139
3.3091
3.79664
3.24159
3.16371
3.53906
2.62236
2.39796
2.39796
3.53186
3.53186
3.53186
3.39912
3.39912
3.39912
3.39912
4.04969
4.07728
2.88461
2.88461
1.72941
1.78314
0.89539
0.89539
1.96838
0.906844
0.906844
0.906844
-0.201003
-0.916249
-0.916249
-0.916249
-0.00408699
-0.00408699
1.04069
1.04069
0.913234
0.913234
0.913234
1.21666
1.21666
0.950302
0.950302
-0.115562
-0.906902
-1.98331
-0.825056
-0.825056
-0.825056
0.26352
0.26352
0.26352
0.997104
0.997104
0.777855
0.777855
0.226942
0.226942
0.226942
-0.428859
-0.0900545
-0.0900545
-0.923283
-0.923283
-0.0700941
-0.0700941
-0.0700941
-0.0700941
-0.0700941
-0.171355
-0.252204
-0.252204
-0.252204
0.222767
-0.170884
-0.170884
-0.170884
0.136544
0.136544
-0.0205689
0.754574
0.69408
0.69408
0.787103
0.81468
0.81468
-0.0749502
-0.0749502
0.731618
0.731618
0.731618
1.51567
1.51567
1.51567
2.57003
2.57003
1.40118
0.879892
0.879892
0.879892
0.879892
1.35174
0.57313
0.57313
0.57313
0.57313
0.57313
0.57313
0.57313
-0.467243
-0.806866
-1.31796
-1.31796
-1.31796
-1.31796
-0.305674
-0.305674
-0.305674
-0.989219
-1.60552
-1.33875
-1.79831
-1.87069
-2.52324
-3.02031
-2.49023
-2.39943
-1.75312
-1.75312
-0.638391
-0.638391
-0.638391
-0.638391
-0.13394
-0.792964
0.235569
-0.553928
-0.482197
0.657148
0.906893
0.333079
0.333079
0.6662
0.931466
0.931466
0.931466
0.375455
0.375455
0.752559
0.752559
0.752559
0.752559
1.09108
0.707102
-0.467313
-0.894482
-0.894482
-0.894482
-0.894482
-0.0817507
-0.0817507
-0.0817507
-0.0817507
0.198764
0.198764
0.710322
0.327348
1.06515
1.06515
0.892148
0.892148
0.892148
0.892148
0.323811
0.323811
0.323811
0.323811
0.323811
0.323811
-0.784826
-0.784826
-0.784826
-0.871056
-0.871056
-0.725664
-0.725664
0.0419693
0.225785
0.225785
0.225785
0.571854
-0.501715
-0.501715
-0.501715
-0.501715
0.267667
0.267667
0.267667
0.975705
0.975705
0.975705
0.975705
2.02926
2.02926
2.0916
1.08184
1.0172
1.0172
0.0419208
0.71738
0.71738
0.181065
0.181065
0.181065
0.181065
0.181065
0.181065
0.181065
0.983574
0.983574
0.983574
0.983574
0.983574
0.983574
0.983574
0.983574
0.327777
0.327777
0.327777
-0.847282
-0.504232
-1.1888
-0.800886
-0.800886
-0.800886
-0.800886
-1.15088
-0.0779868
0.45049
0.45049
-0.0481451
-0.326483
0.856227
0.856227
0.856227
0.856227
0.856227
0.856227
0.0361262
0.0361262
0.0361262
1.00322
1.00322
0.117813
0.117813
0.117813
0.117813
0.909533
-0.107112
-0.107112
-0.107112
-0.107112
0.5572
0.984437
0.984437
0.984437
0.984437
0.984437
0.381452
0.381452
0.586221
0.0138645
0.0138645
-0.109481
-0.391329
-0.391329
0.165421
0.165421
0.165421
0.165421
0.165421
0.165421
0.310816
0.310816
0.746749
-0.377991
-0.422298
0.11943
0.11943
0.11943
0.11943
0.11943
0.518896
0.518896
0.518896
0.518896
0.518896
1.19294
1.19294
1.19294
1.19294
1.07992
1.07992
1.07992
1.07992
0.503605
0.426663
1.34677
1.34677
1.34677
1.34677
1.1907
1.05483
0.371192
0.371192
0.711733
0.711733
0.711733
1.14419
0.768726
0.768726
0.241918
0.241918
0.241918
1.42651
1.42651
2.37881
2.37881
2.45818
2.45818
2.38119
2.43037
1.98917
1.98917
1.98917
2.14004
2.81901
2.81901
3.63711
2.79829
2.79829
2.79829
2.07663
1.15084
0.562908
0.0182315
0.0182315
-0.898886
-1.49351
-1.49351
-1.49351
-0.931453
-0.931453
0.0979095
0.0979095
0.0979095
0.0979095
0.0436942
0.0436942
0.0436942
0.0436942
0.0436942
-0.486304
-0.0959853
0.556245
0.556245
0.556245
-0.601982
-1.29819
-1.10497
-2.09125
-1.39855
-1.50778
-1.50778
-0.997911
-0.662683
0.408956
1.59032
0.465148
0.465148
0.773493
0.0605282
0.747594
0.638543
-0.545064
-0.545064
-0.545064
-0.545064
-0.545064
-0.545064
0.542471
0.454813
0.454813
0.454813
0.113404
0.113404
0.818494
0.217322
-0.274144
-0.274144
-0.688526
-0.688526
-0.688526
0.0552059
0.0552059
-0.13747
-0.818417
0.0876756
0.128943
0.557502
0.557502
0.557502
0.557502
0.66053
1.48647
0.842917
0.368264
0.368264
0.272604
0.272604
0.825397
1.77461
1.77461
1.77461
2.81784
2.81784
2.81784
2.56632
2.56632
2.89328
2.89328
2.42295
3.24591
3.24591
2.09662
2.09662
2.09662
1.33814
0.468986
1.63088
2.3013
2.83417
2.41206
1.55268
1.55268
2.27269
2.03636
2.03636
1.49436
2.05015
1.2893
1.85358
1.85768
0.722786
0.670653
0.670653
0.670653
0.670653
0.670653
1.10834
1.10834
1.10834
1.17135
0.598501
-0.468939
-0.468939
-0.479108
-0.479108
-0.479108
-0.0160856
-0.0160856
-0.255326
-0.623818
-0.623818
-0.623818
-0.623818
0.525586
1.58122
1.58122
0.555794
0.159495
0.159495
0.159495
0.159495
-0.164523
-0.164523
-0.164523
0.924031
1.18248
0.977479
0.0575096
-1.11315
-0.498969
-0.498969
-0.498969
-0.498969
-0.498969
-0.498969
-0.247922
-0.247922
-0.247922
-0.208044
0.283194
0.283194
0.37722
1.50859
1.50859
0.320344
0.320344
0.137885
0.938777
0.938777
0.938777
0.938777
0.938777
0.938777
0.564945
-0.327487
0.825436
0.825436
0.825436
0.825436
-0.136903
-1.1239
-1.1239
-1.1239
-1.1239
-1.1239
-1.1239
-1.27267
-1.27267
-1.27267
-1.27267
-1.27267
-0.91717
-0.627739
-0.627739
-0.627739
-1.21728
-1.21728
-0.422077
-0.422077
-0.422077
0.641314
0.641314
0.106117
0.255517
-0.554129
0.480917
0.480917
0.480917
0.480917
0.480917
0.480917
0.762992
0.762992
0.355801
0.355801
0.355801
0.355801
0.26569
0.26569
0.0554808
-0.989284
-0.617789
-0.617789
0.217853
0.545793
-0.259613
-0.259613
-0.259613
-0.259613
-0.259613
-0.259613
-0.259613
-0.259613
-1.08114
-0.701512
-0.701512
-0.701512
-0.701512
-0.876077
-0.537926
0.547921
-0.371556
-0.293715
-0.293715
-0.293715
-0.518293
-0.518293
-0.0131267
-0.209874
0.63958
0.63958
-0.201241
0.0245095
0.0245095
-0.326109
0.790841
0.790841
0.790841
0.790841
0.790841
-0.111745
1.02596
1.02596
0.208382
1.02728
0.150526
0.150526
0.394674
0.394674
0.394674
-0.69119
-0.69119
0.464305
0.372114
0.988286
0.988286
0.506379
0.448456
-0.723521
-0.723521
-0.270905
-0.270905
-0.145667
-0.145667
-0.145667
-0.145667
-0.145667
0.858539
1.65512
0.620078
1.68476
1.85661
1.29885
0.113626
0.113626
0.113626
0.113626
0.131918
0.131918
0.131918
0.131918
0.131918
0.131918
0.131918
0.131918
0.131918
0.131918
0.131918
0.131918
0.131918
0.131918
0.131918
0.901936
-0.275166
-0.755784
-0.260297
0.86774
-0.0385731
0.22997
0.22997
0.22997
-0.456458
0.0156578
0.0352419
0.0352419
0.0352419
0.0352419
0.0352419
0.0352419
0.0352419
0.0157314
0.0157314
0.0157314
0.0157314
0.128424
0.128424
0.128424
-0.972936
-0.389407
0.368973
-0.650053
-0.650053
0.506125
0.506125
0.506125
-0.551731
-0.551731
-0.551731
-1.23457
-0.278276
-0.278276
0.465293
0.465293
0.465293
-0.0906364
-0.388368
-1.23943
-0.384524
-0.384524
-0.934369
-0.934369
-0.934369
-0.763419
-0.763419
-0.763419
-0.763419
-0.763419
0.0453476
0.0453476
-0.376518
-0.376518
-0.376518
0.443172
0.443172
0.443172
1.26873
1.26873
1.26873
1.26873
1.58544
1.58544
1.58544
1.58544
1.02595
1.02595
1.02595
0.668451
0.668451
1.45767
1.37149
1.37149
1.97516
1.14348
1.14348
1.10044
0.727792
0.521549
0.521549
-0.313498
-1.27368
-0.857698
-0.857698
-0.857698
-0.857698
-1.38469
-1.38469
-0.955641
-0.955641
0.0263169
0.0263169
0.0263169
0.0263169
0.0263169
0.0263169
-0.580297
-0.0735088
-0.0735088
-0.973765
-0.973765
-0.973765
-0.466602
-0.584783
-0.584783
-0.01122
0.617492
0.692772
0.641897
0.850206
0.850206
0.772906
0.772906
0.772906
0.651399
0.651399
0.651399
0.651399
0.202906
0.202906
0.276612
0.153528
1.07242
1.12308
0.340693
-0.280616
-0.0358822
-0.930189
-0.66207
-1.32415
-0.496439
0.323446
0.165838
0.165838
0.487268
0.487268
-0.175279
-0.175279
-0.937472
-1.30714
-1.30714
-1.53172
-1.52234
-1.52234
-1.52234
-1.52234
-1.08294
-0.417283
-0.752734
-0.766141
-0.936877
-1.43815
-1.43815
-1.43815
-0.948952
-0.948952
-0.948952
-1.35522
-0.200518
0.372205
0.708105
0.708105
1.29719
0.527954
-0.523512
-0.972754
-0.972754
-0.643671
-0.643671
-0.466373
-0.302421
-0.35261
-0.35261
-0.35261
-1.22285
-1.22285
-1.22285
-1.22285
-1.0129
-0.434688
0.511821
0.858978
0.858978
0.433978
0.433978
-0.313045
-0.313045
-0.313045
-0.313045
-1.35057
-0.653099
-0.779226
-0.779226
-1.61262
-1.16718
-0.812195
-0.812195
-0.812195
-0.812195
-0.812195
-0.812195
-1.53208
-0.840108
0.103524
0.664568
1.23792
0.257235
-0.94196
-0.94196
-0.94196
-0.94196
-0.221461
0.204197
0.204197
-0.035654
-0.035654
-0.035654
-0.035654
0.325603
-0.0426357
0.595771
0.855703
0.114789
1.11937
1.11937
0.510076
0.837727
0.168078
-0.192899
-0.192899
-1.21154
-1.21154
-1.21154
-1.21154
-1.21154
-1.21154
-0.349173
-0.349173
-0.349173
0.144631
0.144631
1.04361
1.97561
0.943188
1.56195
1.56195
1.56195
1.14202
0.782421
1.1896
1.14494
1.40685
0.375108
0.375108
0.375108
0.375108
0.375108
0.375108
0.375108
0.375108
0.375108
0.375108
0.375108
0.375108
0.375108
-0.291611
-0.11296
-0.11296
-0.11296
0.135179
0.379175
0.690552
0.939641
0.939641
0.939641
-0.172583
-0.596657
-0.596657
-0.596657
-0.596657
-0.596657
-0.263934
-0.263934
0.237984
-0.514607
-0.514607
-1.50573
-0.340909
0.0135895
0.32084
0.32084
-0.845096
-0.845096
-0.845096
-0.742414
-0.115981
-0.793071
-1.00229
0.178578
0.178578
0.147048
-0.260709
-0.260709
-0.260709
-0.260709
-0.0769303
-0.0769303
-0.0769303
0.42907
0.42907
0.42907
0.42907
0.830134
-0.0999554
-0.0999554
-0.0999554
-0.996318
-1.63872
-1.08761
-1.08761
-1.4355
-1.4355
-1.40418
-0.512272
-0.512272
-1.23656
-1.23656
-1.23656
-1.23656
-0.844679
-0.917611
-0.917611
-0.917611
-0.236403
-0.236403
-0.236403
-0.236403
-0.236403
0.273992
0.273992
0.273992
0.273992
0.273992
-0.276167
-0.276167
-1.00312
-1.00312
-0.0305145
-1.21381
-1.21381
-1.21381
-0.037807
-1.03148
-1.03148
-0.452228
-0.452228
-0.396012
0.569125
0.569125
0.569125
0.569125
0.569125
1.29131
0.462229
0.462229
0.462229
1.04728
1.04728
-0.0423541
-0.955
-1.13797
-1.13797
-0.635168
-0.635168
-0.635168
-0.635168
0.167339
0.167339
1.15557
0.108782
0.108782
-0.615071
-0.615071
0.56993
0.56993
0.56993
0.640692
0.640692
-0.024006
0.336606
0.260499
0.326401
0.326401
0.326401
0.326401
0.588071
0.933726
1.25132
1.25132
1.25132
0.546935
0.942824
1.15695
1.15695
1.15695
1.15695
1.15695
-0.0352766
-0.0352766
-0.0352766
-0.0352766
-0.0352766
-0.0352766
-0.0352766
-0.797118
-0.0870089
-0.885144
-0.796122
-0.796122
-0.796122
-0.314968
-0.669046
-1.40382
-0.533647
-0.533647
-0.533647
-0.841456
-0.841456
-0.841456
-0.417414
-0.417414
-0.417414
0.32057
1.40763
1.40763
0.481762
-0.0567072
-0.0567072
-0.418343
-0.418343
-0.418343
0.073172
0.073172
-0.0700467
-0.0700467
-0.0700467
-0.0700467
-0.0700467
-0.0700467
-0.0700467
1.02847
0.514631
-0.186419
0.104541
0.104541
0.232371
0.183239
0.183239
0.183239
0.554524
-0.489877
0.45749
0.45749
0.45749
0.45749
0.45749
0.45749
0.465396
0.465396
0.465396
0.465396
-0.712254
-0.712254
-0.682687
-1.59414
-1.59414
-2.35856
-2.55585
-2.55585
-2.55585
-2.12883
-0.958801
-1.28906
-0.195253
-0.6935
-0.6935
-0.0216912
-0.0216912
-0.0955332
1.08512
1.08512
1.08512
1.08512
0.579904
1.62194
2.65267
2.09667
1.50487
0.822208
0.0483785
0.148769
0.148769
0.901712
0.901712
0.0416786
-0.134625
1.01855
1.01855
0.748441
0.748441
0.748441
0.542097
0.542097
0.542097
0.542097
0.542097
0.542097
0.542097
0.354906
1.41416
1.41416
1.25559
1.25559
1.25559
1.25559
1.25635
1.07485
1.07485
-0.0817576
0.396271
0.396271
0.217625
-0.569182
-0.569182
-0.569182
-0.569182
-0.569182
-0.569182
-0.569182
-0.569182
-0.569182
-0.569182
-0.569182
-0.569182
-0.569182
-0.569182
-0.569182
-0.569182
-1.64562
-1.64562
-1.11049
-0.792224
-0.263742
-0.815645
-0.815645
-0.815645
-0.815645
-1.65101
-2.1453
-2.1453
-2.1453
-2.55599
-3.279
-3.279
-2.7891
-2.15134
-2.33725
-2.46521
-1.66823
-1.66823
-1.25547
-1.13841
-1.13841
-0.0664904
0.580745
0.150547
0.707433
0.0812529
0.0812529
0.0812529
0.933924
-0.21915
-0.917219
-1.48273
-1.04907
-1.83835
-1.66311
-1.66311
-0.548359
-0.433859
-0.82967
-0.867375
-0.924188
-0.924188
-0.924188
0.0671571
0.0671571
0.0671571
0.0671571
0.0671571
0.0671571
0.0671571
0.998094
1.08376
1.08376
2.00129
2.00129
1.65818
1.65818
1.65818
0.663404
0.663404
0.663404
0.994376
0.994376
0.994376
0.994376
0.321549
0.321549
0.321549
0.321549
-0.40457
-0.751887
-0.751887
-0.975322
0.112515
0.112515
0.112515
0.112515
0.751971
0.751971
0.751971
-0.1523
-0.1523
-0.1523
-0.887317
-0.887317
-0.104265
-0.104265
-0.104265
-0.104265
-0.104265
-0.104265
-0.104265
0.801661
1.2967
0.35697
0.35697
0.35697
0.35697
0.35697
-0.651348
-0.651348
-0.651348
-0.651348
-0.783339
-0.227316
-0.227316
-0.227316
-0.227316
0.168879
-0.528347
-0.528347
-0.0459705
-0.0459705
-0.0459705
0.876665
1.55744
1.98693
1.09585
1.09585
1.09585
0.472498
0.472498
-0.179985
0.876139
0.606246
0.606246
-0.231167
0.44228
0.44228
0.254905
-0.317376
-0.317376
0.711134
0.711134
-0.178225
-0.962145
-0.962145
-0.700439
-0.490587
-0.490587
0.170837
-0.986256
-0.177613
-0.989807
-0.222185
0.298846
1.08896
1.69143
1.69143
2.8475
2.8475
2.8475
2.8475
3.50569
3.4153
4.22135
3.32084
2.26311
2.26311
2.81382
2.81382
2.81382
2.81382
2.81382
1.68274
1.68274
0.79054
0.79054
0.699902
0.699902
1.51609
1.51609
1.51609
1.90294
1.12502
1.85549
0.766595
0.766595
1.84392
1.77639
1.77639
0.863915
0.863915
1.87541
0.867091
0.867091
0.229491
0.229491
0.229491
0.229491
0.229491
0.937395
1.52274
1.52274
1.52274
0.863254
1.74372
1.1979
1.17754
1.17754
1.17754
0.316715
0.401205
0.401205
0.199266
0.71114
0.71114
0.71114
0.71114
0.71114
0.71114
-0.236412
-0.236412
-1.08888
-1.12648
-1.12648
-0.219588
-0.219588
-0.219588
-0.219588
-1.21783
-0.525074
-0.60305
0.26596
0.26596
0.26596
-0.0203992
-0.795638
-1.03132
-1.37712
-1.37712
-1.86966
-2.55617
-2.20377
-1.23462
-1.53341
-0.875052
-0.110706
-0.110706
-0.410741
0.566585
-0.609171
-0.495477
-0.380384
-0.41479
-0.41479
-0.41479
-0.41479
0.474177
0.906635
0.697283
0.697283
0.697283
0.190058
0.190058
0.190058
-0.0802475
1.09376
1.65693
0.663366
0.873744
1.10374
0.085566
0.085566
0.085566
0.085566
0.085566
0.085566
0.085566
0.085566
0.085566
0.166416
0.166416
0.166416
0.166416
0.166416
0.166416
0.166416
-0.421576
-0.421576
-0.876223
-0.0439146
-0.0439146
-0.0439146
-0.0439146
-0.286103
-0.988148
-0.988148
-0.826986
-0.826986
-0.186441
-0.186441
-0.186441
-0.186441
-0.186441
-0.326503
0.702924
0.702924
-0.475366
-0.475366
0.556193
0.697417
-0.180799
-0.180799
-0.16891
0.140305
0.378404
0.378404
0.310797
0.177418
0.177418
0.177418
0.634842
0.0137105
-0.437746
-0.437746
-0.437746
-0.437746
-0.437746
-0.423419
-1.07567
0.101888
0.71673
0.71673
0.71673
-0.307381
-0.564419
-0.564419
-0.564419
-1.09572
-0.958632
-0.958632
-0.958632
-0.809567
-0.809567
-0.913552
0.234945
0.234945
0.234945
0.234945
0.234945
0.234945
-0.902794
-0.902794
-0.902794
0.16372
-0.246554
-0.246554
-1.19188
-1.59583
-1.59583
-0.437531
0.655641
0.0316652
0.0316652
0.694621
0.694621
-0.141145
-0.141145
-0.141145
-0.141145
-0.141145
-0.141145
-0.141145
-0.0166811
-0.0166811
-1.04874
-1.04874
-1.04874
-1.88572
-1.88572
-2.02755
-2.02755
-2.02755
-1.03494
-0.296829
-0.9996
0.161915
0.161915
-0.232236
-0.232236
-0.232236
-0.838677
-0.838677
-0.838677
-0.838677
-0.838677
-1.77284
-0.614021
-0.614021
0.155924
-0.7338
0.350654
-0.28615
-0.28615
-0.28615
0.511862
0.511862
0.511862
-0.44076
-0.397888
-0.397888
-0.946026
-0.872603
0.265005
-0.565104
0.544772
-0.532767
0.191092
0.0470936
-0.312655
-0.312655
-1.45732
-1.45732
-1.45732
-1.45732
-0.281893
-0.933519
-1.74826
-0.584104
-1.06072
-0.77793
-0.77793
-1.95112
-2.14034
-2.12331
-2.12331
-1.25025
-1.24912
-0.197403
-0.197403
-1.29451
-1.29451
-0.536969
-0.601471
0.593715
0.445519
0.445519
0.486015
0.486015
0.486015
0.486015
0.67275
1.21834
1.21834
1.21834
1.21834
1.21834
1.21834
1.21834
1.21834
1.21834
1.23626
1.20028
0.490829
0.490829
0.490829
0.490829
1.55226
0.702369
0.291869
0.185435
0.109149
-0.187949
0.813785
-0.118661
-0.118661
0.160467
1.35922
1.35922
1.35922
1.90179
0.928714
0.928714
1.41431
1.03003
2.16637
2.10929
2.10929
2.10929
2.10929
1.66668
1.66668
2.5376
2.83944
2.85405
2.06063
2.06063
2.48046
3.24065
2.34866
1.74917
0.582151
0.582151
0.582151
0.582151
1.75883
1.75883
1.24478
1.24478
1.24478
1.24478
1.24478
1.24478
0.920487
0.920487
0.983646
1.21158
0.883993
0.883993
0.636482
1.29836
0.877189
0.17051
0.519014
-0.459289
-0.459289
-0.459289
0.694853
0.308672
0.308672
0.308672
0.308672
0.903374
0.903374
1.40901
1.40901
1.40901
1.40901
0.551489
0.551489
0.551489
-0.205103
-0.205103
-0.205103
-0.205103
-0.205103
-0.822659
-0.822659
0.177884
0.177884
0.177884
0.177884
-0.372634
-0.372634
-0.372634
-0.372634
-0.372634
-0.372634
-0.372634
-0.372634
-0.912947
-1.43612
-0.708992
-1.18321
-0.0451277
-1.11555
-1.11555
-1.11555
-0.97643
-0.437449
-0.437449
-0.269863
-0.269863
-0.0614831
-0.113253
0.819981
0.819981
0.819981
0.819981
0.486457
0.486457
0.486457
1.28939
0.187231
-0.0287013
-0.0287013
-0.0287013
-0.0287013
-0.0287013
-0.0287013
-0.0287013
-0.0287013
-0.0287013
-0.342072
-0.342072
-0.342072
-0.342072
0.357645
0.775576
-0.0714897
-0.894146
-0.894146
-0.894146
-0.894146
-0.894146
-1.21758
-1.21758
-0.818829
-0.818829
-1.18656
-1.21148
-0.519183
0.156593
-0.737805
-0.737805
-0.737805
-0.293368
0.84716
0.84716
-0.0679602
-0.0679602
-0.0679602
0.693152
-0.470657
0.626406
0.626406
0.626406
0.626406
0.420118
-0.509532
-0.509532
-0.780788
-0.780788
-0.780788
-0.618633
-0.187287
-0.187287
-0.187287
-0.738679
-0.144005
-0.144005
0.879625
-0.105961
-0.105961
-0.105961
-0.105961
-0.105961
-0.105961
-0.105961
0.599232
1.08922
1.08922
1.1687
1.1687
1.21566
1.21566
1.21566
1.38575
1.38575
0.498945
0.498945
0.754855
0.754855
0.163801
0.163801
0.163801
-0.0221612
-0.0221612
-0.0221612
-0.0221612
-0.0221612
-0.435941
-0.435941
-0.435941
0.559226
0.559226
0.559226
0.100201
0.100201
0.100201
-0.677412
-1.41461
-1.41461
-1.18337
-2.16069
-1.27802
-0.882322
-0.318572
0.0130745
-1.08754
-1.08754
-0.288212
-0.288212
0.714067
0.526041
-0.614653
-1.52681
-0.64819
-0.616864
-0.616864
-0.616864
-0.102624
0.996131
0.996131
1.2917
0.982151
0.982151
0.982151
0.982151
0.982151
0.0840326
0.0840326
-0.556711
-1.41466
-1.72003
-2.39253
-2.27072
-2.27072
-2.29656
-2.00538
-1.78164
-2.53685
-1.43829
-1.09719
-1.09719
-1.09719
-1.09719
-1.09719
-0.939931
-0.939931
-0.681173
-0.681173
-0.681173
-1.87097
-1.61605
-0.4327
0.0372327
0.215364
0.215364
0.871237
0.890637
0.442547
-0.537104
-0.537104
-0.281706
-0.281706
-0.131712
-0.131712
-1.03542
-1.03542
-0.167049
-0.167049
0.270018
-0.568926
-0.568926
0.030238
0.373607
0.373607
0.373607
0.373607
-0.4596
-0.4596
0.211487
-0.158157
-0.158157
-0.251103
0.210703
-0.911786
-0.911786
-0.97255
-0.218639
0.807002
0.807002
1.05876
1.05876
-0.0577442
-0.0577442
-0.0577442
-0.0577442
-0.0577442
0.995322
1.53083
1.53083
1.53083
1.53083
1.53083
0.898051
0.379563
0.379563
0.379563
1.03426
1.03426
-0.0759459
-0.875627
-0.875627
-0.875627
-0.875627
-0.875627
-0.875627
-0.875627
0.245338
0.245338
0.245338
0.245338
-0.420774
-0.420774
-0.258356
0.808861
-0.179713
0.162405
0.162405
0.162405
0.162405
0.162405
0.162405
0.162405
0.162405
0.162405
0.162405
0.162405
0.162405
0.162405
0.162405
0.162405
0.162405
-0.329829
-0.329829
-0.329829
-0.329829
0.391578
0.391578
0.391578
-0.396744
0.011527
0.011527
0.011527
0.011527
0.011527
0.011527
0.011527
0.011527
0.011527
0.011527
0.011527
0.011527
0.011527
0.011527
0.011527
0.011527
0.011527
0.011527
0.011527
0.011527
0.011527
0.011527
0.011527
0.011527
0.011527
0.011527
-0.398339
-0.628293
-0.264769
-0.264769
-1.0253
-0.10477
-0.10477
-0.10477
-1.13501
-1.13501
-0.349179
-0.349179
0.347756
0.347756
1.14372
1.14372
2.2736
2.96162
2.51395
2.51395
2.51395
2.03146
1.56931
1.68631
1.68631
1.68631
1.68631
1.68631
1.68631
1.68631
1.36744
1.36744
1.36744
1.6532
1.6532
2.67895
1.95413
1.95413
1.95413
1.99606
0.904348
0.904348
0.0745042
0.0745042
0.0745042
-0.471802
-0.317264
-0.317264
-0.317264
-0.317264
-0.317264
-0.317264
-0.317264
-0.317264
-0.317264
-0.317264
-0.317264
-0.317264
-0.317264
0.7745
0.0134639
-0.232817
0.538289
-0.347897
-0.347897
0.513259
-0.630576
-1.52864
-2.31509
-1.99847
-2.01673
-2.01673
-2.77201
-2.77201
-1.72301
-1.72301
-0.772178
-0.772178
-0.428559
-0.586708
-0.586708
-0.0684012
-0.0684012
-0.0684012
-0.0684012
-0.505388
0.359852
0.937316
0.937316
0.937316
-0.0493071
-0.0493071
-0.0493071
0.856017
1.65001
1.17491
1.17491
1.17491
-0.000957421
-0.000957421
-0.000957421
-0.320977
-0.357181
-0.357181
-0.357181
-0.357181
-0.357181
-0.113411
0.0977307
0.0977307
0.0977307
0.511118
-0.354563
-1.45217
-2.03767
-1.11029
-1.11029
-0.931402
-0.931402
-0.931402
-0.931402
-0.931402
-1.12258
-1.12258
-0.656903
-0.656903
-0.656903
-0.656903
-0.656903
-0.656903
-0.656903
0.032569
0.032569
0.032569
0.032569
-0.573344
-0.573344
-0.573344
-0.573344
-0.199987
-0.199987
-1.27654
-1.96663
-1.96663
-1.96663
-1.96663
-1.96663
-1.84262
-1.19879
0.000527109
-0.980402
-1.25879
-1.61491
-0.860801
-0.860801
-0.860801
-0.860801
-0.524729
-0.524729
-0.524729
-0.524729
-0.524729
-0.346583
-0.346583
-0.346583
-0.346583
-1.08731
-1.48775
-1.48775
-1.48775
-1.48775
-1.12035
-1.22653
-0.165325
-0.165325
1.00448
0.510014
0.510014
-0.250431
-0.499231
-0.499231
0.503712
0.503712
0.21082
0.0220195
0.0220195
0.507144
0.805421
0.805421
0.805421
0.805421
-0.0715198
-0.0715198
1.07767
1.07767
0.232478
0.232478
1.22644
0.604344
0.604344
0.604344
0.604344
0.604344
0.633728
0.633728
0.633728
0.182579
0.182579
-0.178558
-0.178558
-0.178558
0.348641
0.348641
0.348641
-0.360931
0.56511
0.59029
-0.531594
-0.531594
-0.531594
0.502055
1.43786
1.43786
1.43786
1.43786
1.43786
1.43786
0.304631
0.304631
-0.0478795
-0.0478795
-0.0478795
-0.0478795
-0.0478795
-0.0478795
-0.0478795
-0.0478795
-0.881849
-1.38094
-1.06266
-0.583945
-0.7722
0.302839
0.302839
0.724686
1.36259
1.36259
1.47527
1.47527
1.47527
0.761683
0.761683
0.761683
0.761683
0.261627
0.261627
-0.898962
-0.0268523
-0.0268523
-0.0268523
-0.0268523
-0.0268523
0.929678
0.929678
-0.132209
-1.11618
-0.528336
-0.528336
-0.528336
-0.394654
-0.394654
-0.394654
-0.0946314
-0.0946314
-0.0946314
0.955371
0.955371
0.38887
-0.353788
-0.353788
-0.353788
-0.353788
-0.353788
-0.353788
-0.353788
-0.353788
0.749286
-0.140987
-0.140987
-0.140987
-0.140987
-0.140987
-0.140987
-0.140987
-1.18366
-1.18366
-1.18366
-1.18366
-1.18366
-0.599864
0.11899
0.11899
-0.433404
-0.433404
-0.433404
-0.433404
-0.625369
-0.625369
-0.625369
-0.625369
-0.625369
-0.625369
-0.625369
-0.625369
-0.625369
-0.625369
-0.625369
-1.24917
-1.18629
-0.299271
-0.299271
-0.299271
-0.299271
-0.299271
-0.299271
0.151853
1.29631
1.29631
1.29631
0.413624
-0.774078
0.308403
0.308403
-0.217295
0.323868
0.553018
0.741337
-0.0276476
-0.0276476
-0.232575
0.42463
0.947479
-0.216866
-0.436453
0.197538
0.773034
1.42833
1.42833
1.42833
1.42833
0.637092
0.637092
0.341887
0.341887
0.341887
0.341887
0.532099
0.525815
0.525815
1.34112
1.08719
1.08719
1.08719
0.229693
1.09717
1.09717
1.09717
1.09717
1.09717
-0.0802307
-0.0802307
-0.0802307
-0.0802307
-0.0802307
0.554012
0.0822412
0.0822412
-0.599974
-0.599974
-0.599974
0.0687787
-1.10333
-0.48141
-0.48141
-0.48141
-0.48141
-0.108074
-0.108074
-0.108074
-0.108074
0.628977
0.828714
0.455282
0.816203
0.816203
0.816203
0.36672
0.990601
-0.0680514
-0.0680514
-0.0680514
-0.0680514
1.04148
0.787623
1.05473
1.05473
2.19763
2.19763
2.15103
2.15103
2.27424
2.73246
2.73246
2.73246
1.84046
0.812747
0.812747
-0.0376432
-1.0293
-1.0293
-1.0293
-1.0293
-0.967993
-1.19859
-1.19859
-1.19859
-1.19859
-1.19859
-0.59497
-1.75112
-0.643897
-0.0724267
0.212656
0.212656
-0.888016
-0.888016
-0.888016
-0.307942
0.391542
0.391542
0.391542
0.391542
0.391542
-0.373476
-0.373476
-0.373476
-0.373476
-0.373476
-0.373476
0.12056
0.12056
0.12056
0.12056
-0.444824
-0.444824
-1.48744
-1.01996
-1.01996
-1.29543
-1.29543
-1.29543
-0.861344
-1.70809
-1.3868
-1.98427
-2.04773
-2.14029
-2.14029
-2.14029
-2.14029
-0.979999
-0.979999
-0.979999
-0.142865
-0.925125
-1.52935
-0.603795
-0.0638973
-0.0638973
-0.339424
0.267757
0.562001
0.562001
0.142985
0.142985
0.142985
0.500166
0.500166
0.500166
0.500166
0.980408
-0.0353311
-0.654479
0.305898
0.305898
0.305898
0.0636945
0.0636945
0.0636945
0.0636945
0.0636945
0.0636945
0.0636945
0.0636945
0.0636945
0.0636945
0.0636945
0.0636945
0.0636945
0.0636945
0.0636945
0.0636945
0.0636945
0.0636945
-0.255224
0.182232
1.00969
1.00969
0.0890946
0.0890946
0.163958
-0.914128
-1.10271
-0.480804
-0.480804
-0.480804
0.0711296
-0.0249822
0.648494
0.648494
1.1857
0.0435793
0.504081
0.68778
0.884279
-0.0277971
0.0929152
0.0929152
0.0929152
-0.814941
-0.814941
-0.814941
-0.814941
0.338954
0.338954
0.338954
0.9108
1.73453
1.15278
1.15278
1.64104
1.12988
1.5908
1.5908
2.10296
2.10296
2.10296
2.10296
2.10296
1.70226
1.70226
1.70226
1.70226
1.18024
0.513202
0.513202
0.513202
0.542487
0.542487
0.542487
0.542487
0.542487
0.542487
0.542487
1.27727
1.90497
1.90497
0.856163
-0.272599
-1.23807
-1.23807
-0.800559
-0.800559
-0.800559
-0.119832
-0.119832
-0.119832
-0.119832
0.754171
0.754171
0.754171
-0.313819
-0.313819
-0.313819
-0.0539172
-0.0539172
-0.154986
-0.154986
-0.517727
-0.70497
-1.57634
-1.57634
-1.57634
-0.423735
-0.423735
-0.423735
-0.423735
-1.39206
-1.39206
-1.39206
-1.39206
-0.425456
-0.337111
-0.337111
-0.842346
-1.046
-1.046
-0.95061
-1.12388
0.0456048
0.0456048
0.752679
0.752679
0.752679
0.306858
0.306858
0.306858
0.306858
0.174426
0.174426
0.174426
0.174426
0.174426
0.174426
0.174426
0.174426
-0.42002
-0.42002
-0.42002
-1.61065
-0.465325
-0.465325
-0.465325
-0.465325
-0.465325
0.113639
-0.489233
-0.489233
-0.489233
-0.331729
0.239435
0.239435
0.239435
0.754467
0.77639
0.932488
0.932488
0.230185
0.997233
2.15027
2.15027
2.15027
1.33878
1.48554
1.48554
1.48554
1.72477
1.32529
1.80669
1.80669
1.80669
0.669605
0.932937
-0.170574
-0.80572
-0.763262
-0.421836
0.000777913
-0.0645853
-0.0645853
-0.0645853
-0.0645853
-0.0645853
-1.00873
-1.00873
-1.00873
0.165775
-0.41428
-0.41428
-0.41428
-0.41428
0.502559
0.502559
0.502559
-0.337918
-0.337918
-0.337918
-0.337918
-0.337918
-0.337918
-0.337918
-0.337918
-0.337918
-0.337918
0.321239
-0.284099
0.374745
1.18366
0.203917
-0.181818
-0.181818
0.956158
0.375744
0.375744
0.692546
-0.0819694
-0.0819694
-0.0819694
-0.0819694
0.131837
0.131837
0.131837
-0.112299
-0.112299
0.268211
0.268211
0.268211
0.268211
0.268211
-0.516204
0.000636209
0.000636209
0.000636209
-1.01113
-1.01113
-0.0110477
-0.0110477
-0.0110477
-0.0110477
-0.616816
-0.616816
-0.496737
-1.16589
-1.16589
-0.471026
-0.471026
-0.471026
-0.0884987
-0.0884987
0.52909
0.52909
0.52909
0.52909
0.52909
-0.111678
-0.111678
0.436437
0.436437
0.436437
0.436437
0.436437
1.20998
1.20998
1.68805
0.590018
0.37573
0.37573
0.37573
0.37573
0.37573
-0.300367
-0.300367
-0.300367
-0.458354
-1.5319
-1.5319
-1.43988
-1.54281
-0.570052
-0.570052
-0.316723
-1.03241
-1.20084
-0.461825
-0.349449
-0.349449
0.343169
0.343169
0.343169
0.343169
0.343169
0.343169
0.343169
0.343169
-0.41765
-0.41765
-0.41765
-0.41765
-0.41765
-0.41765
-0.41765
-0.41765
0.629155
0.629155
-0.194256
-0.194256
0.755678
0.755678
0.938155
0.190853
0.190853
0.0883733
0.0883733
0.0883733
0.448932
-0.256305
-0.809812
-1.93421
-0.82622
-0.860479
-0.839352
-1.96109
-1.96109
-1.96004
-2.41952
-1.43323
-1.43323
-1.43323
-2.22325
-1.18456
-1.18456
-0.594058
-0.594058
-0.594058
-0.594058
-0.594058
0.154146
0.154146
0.154146
0.154146
0.154146
0.154146
0.154146
0.154146
0.154146
0.971615
0.971615
1.93953
1.32984
0.355473
0.355473
0.355473
0.355473
1.37182
1.37182
1.71335
1.71335
1.71335
2.16025
1.75113
1.83033
2.52342
2.52279
1.88202
1.49174
0.700332
0.978864
0.635893
0.635893
0.0686703
0.0686703
-0.58805
0.0239406
0.251341
0.251341
0.343125
0.191048
-0.600266
-1.72521
-2.50047
-2.50047
-2.50047
-2.50047
-2.50047
-3.09878
-3.09878
-1.90516
-0.801467
0.0499942
-0.139681
-0.139681
-0.139681
-0.139681
-0.139681
-0.139681
-0.139681
-0.139681
-0.139681
-0.4864
-0.4864
-0.119522
-0.119522
-0.119522
-0.119522
-1.02085
-0.175083
-0.632571
0.455743
0.933286
-0.187853
0.516125
0.516125
0.631656
0.958432
1.82026
1.44379
0.860322
0.0291316
0.0291316
0.0291316
0.194604
0.194604
0.194604
0.194604
-0.944379
-0.944379
-1.78874
-1.78874
-1.78874
-1.78874
-1.78874
-1.78874
-1.78874
-0.65343
-0.65343
-0.65343
-0.65343
-0.65343
-0.65343
-0.65343
-0.65343
-0.65343
-0.967778
-0.967778
-2.08954
-0.930759
-0.930759
-0.930759
-0.769664
-0.601375
-0.741262
-0.588308
0.0936784
0.0936784
0.0936784
-0.344886
-0.830347
-0.830347
0.26195
0.26195
-0.192915
-0.355376
-0.159274
-0.159274
-0.159274
-0.159274
-0.516304
-0.516304
0.560241
0.560241
-0.190187
-0.753847
0.323097
0.00576771
-0.242173
-1.43637
-1.07714
-1.81427
-1.02875
-1.02875
-1.02875
-2.02106
-1.10546
-1.10087
-1.10087
-0.521994
-0.518502
-0.518502
-0.518502
-0.518502
-0.423478
-0.423478
0.254908
0.482428
0.52952
0.436753
0.436753
0.436753
0.436753
-0.393508
-1.18975
-1.18975
-0.512841
-0.512841
-0.064603
-1.24544
-0.885067
-0.863882
-0.863882
-1.00269
-0.445132
-0.445132
-0.445132
-0.445132
-0.445132
-1.11026
-1.7426
-1.7426
-1.18422
-1.18422
-1.18422
-0.884564
-0.884564
0.0925348
0.0925348
0.0934231
0.439175
0.439175
0.439175
0.439175
-0.058477
-1.05364
-0.0068542
0.208014
0.208014
0.369593
1.10229
1.10229
1.10229
-0.0381828
-0.0381828
-0.0381828
-0.0381828
1.03927
1.03927
0.177532
0.177532
1.31252
1.31252
1.31252
1.62846
0.522728
-0.235449
-0.235449
-0.0932842
-0.0932842
-0.0285249
-0.0285249
-0.563203
0.176926
0.176926
0.176926
0.176926
0.176926
0.176926
0.176926
-0.892638
-1.31468
-1.31468
-0.923093
-1.8263
-1.8263
-1.05692
-0.162295
-0.162295
-0.162295
-0.162295
-0.162295
-0.162295
-0.162295
-0.162295
-0.162295
-0.162295
-0.162295
-0.162295
-0.162295
-0.162295
-0.162295
-0.162295
-0.162295
-0.162295
-0.162295
-1.07059
-0.739662
-1.16145
-0.537822
0.0537071
0.821659
0.821659
0.49436
-0.529427
-0.529427
-0.137634
-0.748511
-1.76197
-2.19409
-2.16431
-2.16431
-1.28508
-0.339166
-0.23332
-0.23332
-1.18324
-1.23851
-0.284272
0.400956
0.400956
0.400956
1.1462
0.771703
0.771703
0.771703
-0.306658
-0.306658
-0.306658
-0.306658
-0.7771
-0.807768
-0.807768
-0.807768
0.184773
0.184773
0.184773
-0.961298
-0.961298
-0.271809
-0.271809
-0.271809
-0.751466
-0.751466
-1.8075
-1.8075
-1.18613
-1.18613
-0.980516
-0.980516
-0.980516
-0.719202
-0.719202
-0.017515
0.438054
-0.735061
-0.735061
-1.1524
-0.18908
-0.18908
0.536571
0.485239
0.485239
-0.177379
-0.177379
-0.177379
-1.1961
-1.1961
-0.360245
0.562738
0.843717
0.231219
-0.502173
-1.13515
-1.13515
-1.81822
-1.07374
-1.07374
-0.543286
0.279598
0.279598
-0.333388
-0.333388
-1.20032
-0.853504
0.0271165
0.309239
0.309239
0.764316
0.379734
0.379734
0.379734
0.0117001
-0.200819
-0.200819
-0.710088
-1.41682
-0.281314
-0.281314
-0.0248003
-0.0248003
-0.177762
0.655105
0.660114
0.660114
0.660114
-0.471237
-0.209921
0.0418163
0.0418163
0.0418163
0.0418163
0.0418163
0.0418163
0.0418163
0.0418163
0.0418163
1.03896
1.03896
1.03896
1.03896
1.03896
-0.10303
-0.312968
-0.614924
0.175808
0.175808
0.175808
0.175808
-0.542858
-0.285208
-0.285208
-0.285208
-0.285208
-0.285208
-0.285208
-0.285208
-0.285208
-0.285208
-0.285208
-0.285208
-0.285208
-0.285208
-0.0562479
0.890402
0.890402
0.890402
0.771709
1.49698
1.49698
1.49698
1.49698
0.675814
0.675814
1.81526
1.81526
2.00677
2.00677
2.57419
2.83413
2.83413
2.41495
2.41495
2.13169
1.20924
0.606189
0.883376
0.883376
0.123989
-0.306732
-0.306732
-0.87088
-0.206467
-0.206467
-0.206467
-0.206467
0.208698
0.669363
0.669363
-0.0123557
-0.333383
0.514722
0.514722
0.514722
0.514722
1.24684
0.394107
0.394107
0.394107
-0.449285
-0.449285
-0.220743
-0.402498
0.559316
0.559316
0.559316
0.559316
0.559316
-0.038993
-0.038993
-0.038993
-0.038993
-0.038993
-0.252684
0.206145
0.206145
0.206145
0.206145
0.206145
-0.198707
-0.198707
-0.198707
-0.198707
-0.198707
0.821796
0.821796
0.328563
0.149436
0.149436
-0.639218
-0.639218
-0.639218
-0.842557
-0.62366
-0.62366
-0.62366
-0.62366
-0.62366
0.0091391
0.488892
-0.218576
-0.218576
-0.218576
-0.218576
-1.01097
-0.640694
-0.640694
0.224041
0.224041
-0.303046
-0.303046
-0.303046
-0.303046
-0.303046
-0.303046
-0.303046
-0.303046
-0.303046
-0.303046
-0.303046
0.700047
0.700047
-0.494721
-0.494721
-0.494721
-0.494721
-0.494721
-0.494721
-0.494721
-0.494721
-0.494721
-1.45499
-1.00645
-1.00645
-1.00645
-1.00645
-1.00645
-1.00645
-1.67704
-1.67704
-0.974685
-0.974685
-0.974685
-0.974685
-0.655998
0.145354
0.145354
0.145354
0.205907
0.205907
0.205907
0.205907
-0.899074
-0.899074
-0.397095
0.0620132
-0.518681
-0.518681
-0.000745686
-0.197248
-0.365325
0.815646
0.815646
1.96707
1.96707
0.878946
-0.31067
0.775642
1.45946
1.45946
1.61311
1.61311
1.33535
0.701136
0.701136
-0.122706
-0.122706
-0.813314
-0.813314
-0.813314
-1.32292
-1.32292
-1.32292
-1.32292
-0.489942
0.68964
0.68964
-0.461436
-0.461436
-0.461436
-0.461436
0.320697
0.437457
0.437457
-0.333448
-0.333448
-0.333448
0.386112
0.386112
0.386112
-0.497864
-0.450014
-0.450014
0.476757
0.476757
0.476757
0.476757
0.148147
-0.455098
0.227651
0.227651
0.227651
0.227651
0.227651
-0.879327
-0.879327
0.0681865
0.0681865
0.0681865
0.0681865
0.0681865
-0.666361
-0.666361
0.41549
-0.342605
0.0753149
0.0753149
0.0753149
0.0753149
0.0753149
0.0753149
0.0544234
0.887247
0.887247
-0.167809
0.892889
0.892889
0.892889
0.460061
0.460061
0.972161
0.972161
0.972161
0.972161
0.566805
-0.522218
-0.522218
-1.25716
-1.25716
-1.32595
-0.567341
-0.219487
0.705981
0.705981
0.705981
0.705981
0.681891
0.681891
0.681891
0.990455
0.0568304
-0.852449
-0.816964
-0.816964
-0.328212
-0.328212
0.28065
0.28065
0.28065
0.28065
-0.551642
-0.551642
-0.551642
-0.551642
-0.551642
-0.551642
-0.551642
-0.579783
-0.579783
-0.413751
-1.39345
-0.61299
0.418514
0.802835
0.802835
0.264355
0.723084
0.723084
0.723084
0.561288
0.561288
0.561288
1.20281
0.467491
0.643925
1.43299
0.52975
-0.360259
0.332704
0.332704
1.40356
1.40356
1.40356
1.88557
0.942612
1.99669
1.99669
2.30979
2.30979
1.83908
1.83908
1.83908
1.83908
1.83908
1.83908
0.818645
0.818645
-0.0630325
0.378789
0.378789
0.378789
0.927347
0.813129
1.02895
2.14031
1.40654
1.40654
2.53954
2.66867
3.27803
2.2642
1.51178
1.51178
1.51178
0.966449
0.966449
0.966449
0.390031
0.588575
-0.318542
0.303455
0.303455
0.303455
0.459935
0.459935
0.459935
0.459935
0.459935
-0.276131
-0.276131
0.368931
0.368931
0.368931
0.866743
0.866743
1.03648
1.63687
1.63687
1.09092
1.09092
1.09092
1.09092
0.039218
0.039218
0.039218
-0.833962
0.243021
0.243021
0.243021
0.901932
0.901932
0.901932
0.409105
0.889139
1.20036
1.20036
1.20036
0.0361449
0.0361449
0.0361449
0.0361449
0.0361449
0.0361449
-0.243269
-0.243269
0.322916
0.322916
0.322916
0.322916
0.350162
0.350162
0.350162
0.350162
0.350162
0.0927822
-0.124126
-0.124126
0.571579
0.571579
0.571579
0.571579
0.571579
0.571579
0.571579
0.189843
0.189843
0.189843
0.189843
0.189843
0.189843
0.189843
0.987914
0.987914
0.0051831
0.0051831
0.0051831
0.0051831
0.44303
0.44303
-0.252636
-0.252636
-1.4002
-1.4002
-0.351111
-0.351111
-0.351111
-0.351111
-0.351111
-0.351111
-0.351111
-0.705498
-1.56954
-2.12669
-2.12669
-1.7059
-1.7059
-1.7059
-1.12074
-1.12074
-1.12074
-1.12074
-1.12074
-1.12074
-0.206269
-0.206269
-0.206269
0.359931
0.975614
1.49123
1.58687
0.973585
1.04003
1.0469
1.0469
1.0469
1.0469
1.0469
1.0469
1.0469
0.232825
0.232825
0.232825
0.232825
0.899651
1.29976
1.29976
1.82776
1.42315
0.821561
-0.0717037
-0.0717037
-0.0717037
-0.0717037
-0.868673
-0.868673
-0.868673
-1.64108
-1.64108
-0.48198
-0.48198
0.194282
0.396329
0.396329
0.396329
-0.0118385
-0.0118385
-0.0118385
-0.0118385
0.893818
1.60248
0.971633
-0.172015
-0.883823
0.284215
-0.212946
-0.212946
-0.212946
-0.174627
0.57658
-0.135119
-0.135119
-0.135119
-0.135119
-0.135119
-0.135119
-1.08228
-0.395986
-0.550527
-1.06902
-1.50251
-1.50251
-1.50251
-0.872755
-0.872755
0.118092
-0.557907
-1.03476
-1.03476
-0.830846
-0.830846
0.339373
0.0390256
0.0390256
0.106712
0.106712
0.106712
-0.600662
-0.600662
-1.13727
-1.13727
-1.71191
-0.596005
0.550486
1.07266
1.07266
1.07266
1.07266
0.129243
0.847854
0.847854
0.847854
0.847854
0.847854
0.0842962
0.0842962
0.539411
-0.136531
0.109509
1.15419
1.69377
1.69377
1.69377
1.69377
1.69377
0.555092
1.28036
1.28036
1.28036
1.55048
1.97365
1.97365
2.38691
2.38691
1.95697
1.95697
1.72711
0.990484
0.990484
0.990484
0.0529604
-1.04707
-0.655559
-0.655559
-0.900277
-1.09452
-1.09452
-0.116971
-0.116971
-1.09925
-1.25377
-1.25377
-0.960211
-0.161241
0.378149
-0.05926
0.652166
0.652166
0.652166
0.652166
-0.462409
-1.31052
-0.945984
-1.58396
-1.58396
-1.40861
-0.934466
-0.934466
-1.5571
-1.5571
-1.5571
-0.452762
-0.452762
-0.452762
-0.452762
-0.452762
-0.452762
-0.452762
-0.452762
-0.452762
-0.452762
0.470135
0.749279
0.749279
0.749279
1.02466
0.131524
0.131524
0.131524
0.131524
0.131524
0.131524
0.90253
0.90253
0.0170216
1.05645
0.535373
0.535373
0.535373
0.980598
1.33771
0.247224
0.247224
0.247224
0.40409
0.40409
0.834482
0.834482
0.26097
0.26097
0.26097
0.26097
0.26097
0.26097
0.26097
0.26097
0.26097
0.26097
0.0718796
0.0718796
0.0718796
-0.926364
-0.926364
-0.926364
0.245791
0.245791
0.245791
0.245791
0.270901
-0.0959358
0.612546
0.612546
0.612546
-0.563625
-0.836084
-1.13639
-1.20335
-0.255516
-0.811253
-1.14918
-1.14918
-0.143146
-0.326917
-0.326917
0.779102
0.779102
0.125889
1.19035
1.19035
1.98973
1.54708
0.653947
-0.522701
-0.522701
0.627004
0.627004
-0.338027
-0.338027
0.234989
0.234989
0.234989
0.234989
-0.0897543
-0.0897543
-0.0897543
-0.667797
-0.667797
-0.667797
-0.667797
0.429065
-0.00510926
-0.720142
-0.720142
0.117524
0.117524
0.910588
0.910588
0.910588
0.910588
0.910588
0.910588
0.910588
1.1783
0.577674
0.577674
0.577674
0.577674
0.577674
0.577674
0.577674
-0.51851
-0.51851
-1.33956
-1.33956
-1.33956
-1.33956
-1.71451
-1.71451
-1.45839
-1.55751
-1.22826
-0.382395
-0.382395
-0.382395
-0.0973573
-0.0973573
-0.0973573
-0.0973573
-0.0973573
-0.951048
-0.212627
-0.115915
-0.115915
-0.740109
-0.150653
-0.150653
-0.955477
-0.886946
-1.70255
-1.70255
-1.70255
-1.86296
-1.50407
-1.01839
-0.977085
-0.977085
-0.867642
-0.867642
0.2419
0.2419
-0.211653
-0.211653
-0.211653
-0.784043
-0.377361
-0.377361
-0.500063
-0.500063
-0.359833
-0.359833
-0.950534
-0.950534
-0.33018
0.473199
-0.17477
-0.0634348
-0.0634348
-0.0634348
-0.0634348
-0.0634348
-0.676956
0.21224
0.21224
-0.527584
0.488654
0.488654
-0.447195
-0.447195
-0.447195
-0.447195
-0.447195
-0.447195
-0.447195
-0.45407
-0.45407
0.275213
-0.686487
-0.686487
-0.686487
-0.686487
-0.686487
-0.686487
-0.686487
-0.686487
0.350103
0.350103
0.350103
0.350103
0.350103
0.350103
0.350103
0.350103
-0.440323
-0.440323
-0.440323
-0.440323
-1.07417
-0.815854
-0.815854
-0.815854
-1.28368
-1.28368
-0.393787
0.505026
0.505026
0.505026
0.634704
-0.502184
-0.502184
-0.369585
-0.31825
0.0155909
0.0155909
0.0155909
-0.798311
-0.798311
-0.109051
-0.378592
-0.378592
-0.378592
-0.378592
0.510915
0.883323
0.851246
0.32426
0.4479
0.4479
0.4479
0.4479
0.4479
0.4479
0.4479
0.4479
0.925012
0.842636
1.1393
1.1393
1.1393
1.1393
1.04907
1.04907
1.04907
1.92347
1.43386
1.43386
1.43386
1.43386
1.0435
1.0435
1.0435
0.0464273
0.0464273
0.0464273
0.0464273
0.0464273
-0.774862
-0.774862
0.243417
0.243417
0.243417
-0.359743
-0.359743
-0.359743
-0.214567
-0.214567
-0.214567
-0.214567
-0.185374
-0.71039
-0.71039
-1.26411
-1.26411
-1.33924
-0.665943
-0.224034
-0.224034
-0.224034
-0.224034
0.259417
0.259417
0.259417
0.259417
0.259417
0.822691
0.822691
0.0303817
-0.229625
-0.229625
-0.0323989
0.760686
-0.284682
-0.284682
-0.423876
-0.423876
-0.423876
-0.593188
0.243983
0.243983
-0.853393
0.092636
0.896264
-0.172331
0.0978527
0.0978527
0.0978527
0.819168
0.189451
-0.663478
-1.31429
-0.180702
-0.180702
-0.180702
0.573984
0.573984
0.573984
1.04577
1.04577
0.00983281
0.00983281
0.00983281
-1.05386
-1.05386
-1.05386
-1.05386
-1.05386
-0.96315
-0.438314
-1.48509
-0.371504
-0.468088
-0.468088
-0.468088
-0.291343
-1.06569
-0.984508
-1.69077
-2.08654
-2.50167
-2.41545
-1.88823
-2.92675
-2.39486
-2.92202
-2.46612
-2.12474
-1.069
-1.069
-1.069
-0.316765
-0.316765
0.764132
0.764132
0.764132
1.39103
1.39103
1.39103
1.39103
2.06894
1.05755
1.05755
1.20309
0.563358
0.563358
0.479567
-0.573081
-0.573081
-1.67614
-1.88321
-1.09648
-1.09648
-1.09648
-1.09648
-0.476184
-0.521694
-0.521694
-0.521694
0.0973394
0.121749
1.11344
1.11344
0.291368
0.291368
-0.613894
-0.613894
-0.711433
-1.0178
0.11132
0.11132
0.11132
-1.05438
-1.05438
-2.15104
-2.15104
-0.992217
-1.8179
-1.80364
-1.80364
-2.94511
-2.76742
-2.76742
-2.31007
-1.79959
-0.849783
-0.849783
-0.849783
-0.858166
-1.58493
-2.31737
-2.31737
-1.33696
-2.03346
-1.3801
-0.927215
-0.927215
-0.100074
-0.100074
-0.100074
-0.100074
-0.707789
0.250456
0.667126
0.760273
0.495823
0.171882
0.171882
0.171882
1.35115
1.37959
1.37959
1.37959
0.922747
-0.102452
-0.378759
-0.378759
-0.378759
-0.330617
-0.330617
-0.437442
-0.210782
-0.210782
-0.210782
-0.210782
-0.210782
-0.210782
-0.896113
-0.896113
-0.316783
-0.316783
-0.124731
-0.124731
-0.124731
1.0263
0.923152
0.923152
1.44477
1.44477
1.44477
1.62951
1.62951
2.06555
2.3994
2.3994
2.3994
2.3994
2.3994
2.3994
2.07448
2.07448
2.06028
2.06028
2.51459
1.59262
0.604314
-0.102352
1.08122
0.432627
-0.541312
-0.541312
-0.541312
-0.541312
-0.68992
-0.61247
-0.61247
-0.61247
-0.61247
-0.954735
-0.954735
-0.295724
-1.06204
-0.725037
-0.725037
-0.725037
-1.11672
-0.718589
-1.5916
-1.5916
-1.84987
-0.66969
-0.66969
-1.10049
-1.10049
-0.639392
-0.451364
-0.975903
-0.975903
0.0191537
0.0191537
-0.742444
0.251022
0.251022
0.251022
0.251022
0.251022
0.251022
0.251022
0.251022
0.251022
0.251022
-0.0913698
0.814781
0.814781
0.187262
0.856659
1.94565
2.81753
3.32865
2.37795
2.37795
3.05748
3.59846
2.7916
2.7916
2.8824
1.87071
1.64167
1.30956
1.30956
1.30956
2.42772
2.42772
2.87738
2.87738
3.66681
2.97172
2.77709
2.77709
2.77709
2.05296
1.39925
0.7209
1.16839
0.571511
0.571511
0.571511
-0.162672
-0.162672
-0.612701
0.379891
0.379891
0.380447
0.745161
1.18451
1.18451
0.0579038
0.577679
-0.593019
-0.593019
-0.593019
-0.593019
-0.88949
-0.713563
-0.0137309
0.563664
0.563664
-0.42362
-0.42362
0.290552
-0.459438
-0.459438
0.0514629
0.217959
0.217959
0.217959
0.217959
0.494796
1.34901
1.34901
0.559294
0.559294
0.871306
0.9881
-0.179104
-0.8706
-0.8706
-1.59595
-1.59595
-1.48798
-1.48798
-0.592562
-0.592562
-0.592562
-1.17941
-1.17941
-2.23858
-2.12466
-1.78688
-1.78688
-1.78688
-1.10794
-1.10794
-1.10794
-1.10794
-0.324916
-0.324916
0.508192
-0.0011427
-0.0011427
-0.644899
-0.644899
-0.179947
-0.179947
-0.893563
-1.76139
-2.10825
-2.10825
-1.62649
-0.475676
-0.475676
-0.747086
-0.747086
-0.747086
-0.747086
-0.867544
-0.867544
-0.867544
-1.62875
-1.62875
-1.62875
-1.62875
-0.504999
0.340877
0.624597
0.241696
0.241696
-0.79476
-0.79476
-0.79476
-0.79476
0.287012
0.287012
0.967282
0.967282
0.967282
0.967282
0.109086
0.109086
0.109086
0.109086
0.109086
0.109086
0.109086
0.109086
0.109086
0.956156
-0.076216
-0.113381
0.698489
0.698489
0.624475
0.624475
0.624475
0.624475
0.624475
0.624475
0.624475
1.39865
1.51353
0.752196
0.752196
-0.34677
-0.259415
-0.259415
-0.801357
-1.71074
-1.71074
-1.16522
-0.543169
-0.349286
-0.015703
-0.1958
-0.995688
-0.850795
-0.236138
-0.236138
-1.14648
-1.14648
-1.14648
-1.14648
-2.313
-1.11379
-1.11379
-1.85163
-1.85163
-2.41185
-2.53532
-1.74944
-1.49409
-1.49409
-1.49409
-1.41472
-1.41472
-1.73257
-1.46979
-1.46979
-1.46979
-1.46979
-1.29582
-2.23043
-1.66336
-0.664063
-1.22655
-1.98439
-1.98439
-1.77558
-1.77558
-1.77558
-1.56433
-0.47199
-0.850276
-0.850276
-0.850276
-1.33938
-0.599269
-1.23696
-0.892757
-0.892757
-0.892757
-0.892757
-1.15545
-1.51989
-1.1061
-1.47439
-1.47439
-0.582471
-0.582471
-0.582471
-0.582471
-0.582471
-0.0546367
-0.0546367
0.255064
-0.636652
0.476899
0.476899
0.476899
0.93214
0.0560868
-0.541042
-0.514845
-0.514845
-0.33561
-0.33561
-0.33561
-0.33561
-0.33561
-0.33561
-0.33561
-0.33561
-0.33561
-0.33561
-0.33561
-0.33561
-0.33561
-0.33561
-0.33561
0.730891
0.730891
0.38846
-0.403337
-0.403337
-0.403337
-0.403337
0.466646
0.466646
0.503378
0.503378
1.53942
1.53942
0.708608
0.708608
0.708608
0.708608
0.441292
-0.271328
-0.271328
-0.271328
0.393386
-0.651449
0.0780522
0.0780522
0.0780522
-0.725588
-0.793034
-0.793034
-0.0951535
0.76116
0.76116
0.76116
0.55843
0.55843
0.290957
0.290957
0.290957
0.290957
0.290957
-0.522635
-0.522635
0.384342
-0.778493
-0.165203
0.382048
0.382048
0.677025
0.677025
0.677025
0.677025
0.677025
0.677025
0.0908499
0.0908499
0.0908499
0.653765
0.653765
0.653765
0.235671
-0.891552
-0.891552
-0.891552
-2.07063
-2.05602
-2.29033
-2.29033
-2.06296
-2.17626
-2.17626
-1.46262
-0.931656
-0.931656
-0.931656
-0.931656
0.214439
0.214439
-0.215736
-0.215736
-0.215736
-0.215736
-0.215736
-0.215736
-0.215736
-0.311387
0.534133
0.271068
1.26309
1.26309
0.440404
1.27746
0.146964
0.237014
0.237014
0.237014
0.237014
0.237014
0.237014
0.237014
0.237014
1.02997
1.02997
1.15278
1.73366
1.18029
1.26883
1.26883
1.38623
1.38623
1.38623
1.38623
1.38623
1.38623
1.38623
1.99403
1.86776
1.16001
1.03148
1.26963
1.26963
1.2663
1.01903
1.01903
-0.14096
-0.151968
-0.151968
-0.151968
-0.151968
-0.151968
-0.151968
-0.151968
-0.0262536
-0.0262536
0.562532
0.562532
0.94871
0.246616
0.246616
0.357965
0.267897
0.267897
0.267897
0.267897
0.267897
0.267897
-0.44855
-0.44855
0.238052
0.238052
0.238052
-0.732745
-0.330791
-0.330791
-0.330791
-0.444183
-0.96768
0.020785
-0.593922
0.079187
0.079187
0.079187
0.079187
0.590655
0.590655
0.590655
0.590655
0.0929285
0.308398
0.308398
0.308398
0.308398
0.673632
0.673632
0.396902
0.396902
0.396902
0.88569
0.497904
0.0183744
0.0183744
0.195098
0.195098
0.383406
0.383406
0.160576
0.160576
0.160576
0.160576
-0.863952
-0.863952
-0.863952
0.294293
0.294293
0.294293
0.294293
0.294293
0.294293
-0.467676
-0.467676
-0.306405
-0.306405
-0.306405
-1.13123
-1.13123
-0.321939
-0.280165
-0.280165
-0.280165
-0.280165
-0.280165
-0.280165
-0.280165
-0.280165
-0.280165
0.766704
0.766704
0.766704
0.98897
0.704204
0.704204
0.704204
0.704204
0.704204
-0.404236
-0.438861
-0.438861
0.574745
0.574745
0.574745
0.574745
0.0623141
0.0623141
0.652277
0.652277
0.652277
-0.375178
-0.349945
-0.349945
-0.349945
-0.349945
0.00372883
0.00372883
0.00372883
0.00372883
0.00372883
0.00372883
-0.340722
-0.340722
-0.340722
-1.15093
-0.340081
0.467906
0.892654
0.892654
1.72642
1.72642
1.72642
1.72642
1.72642
0.721139
1.5046
1.5046
1.5046
1.03074
1.59468
0.78236
0.78236
0.78236
0.78236
0.932706
0.588247
0.588247
-0.16549
-0.16549
-0.16549
-0.16549
-0.16549
-0.16549
-0.16549
-0.16549
-0.16549
-0.16549
-0.179273
-0.179273
-0.179273
-0.179273
-0.179273
0.512933
-0.4447
0.748499
0.748499
1.62483
1.48277
1.48277
0.476868
-0.221483
-0.221483
-0.818464
-0.818464
-0.180461
-0.180461
-0.495446
0.228312
0.560144
0.560144
0.560144
0.560144
0.560144
0.560144
-0.476575
-0.476575
-0.476575
-0.476575
-0.476575
-0.353921
-0.353921
-0.353921
-0.353921
-0.353921
-0.353921
-0.353921
-0.353921
-0.353921
-0.353921
-0.353921
-0.353921
-0.0407151
0.652196
0.676941
0.676941
0.320873
0.320873
0.320873
0.320873
0.320873
0.320873
0.320873
0.320873
0.320873
-0.77478
0.028357
0.028357
-0.672523
-0.672523
-0.672523
-0.672523
-0.884976
-0.884976
-0.884976
-0.599442
-0.599442
-0.599442
-1.35027
-1.35027
-0.191211
-1.11693
-0.0135952
0.394993
0.394993
1.45092
2.40226
3.05389
3.05389
3.00848
3.00848
2.32822
2.32822
2.32822
2.42445
2.42445
2.72214
2.48438
2.48438
2.48438
2.48438
1.89431
1.89431
1.89431
1.09132
0.270647
0.871019
0.0795531
-0.476794
-0.476794
-0.476794
-0.476794
-1.62337
-1.6745
-1.6745
-1.6745
-1.6745
-1.63374
-0.759005
-0.759005
-0.195423
0.814088
0.814088
-0.300016
0.786538
0.786538
0.081772
-0.85487
-0.85487
-0.698183
-0.698183
-0.698183
-0.698183
-0.698183
-0.698183
0.398763
0.398763
-0.249762
0.0859314
-0.710111
-0.710111
-0.710111
-0.710111
-0.710111
-0.710111
-0.710111
0.358823
0.358823
0.358823
0.358823
-0.671691
-0.0503148
-0.0503148
-0.0503148
-0.0503148
-0.0503148
-0.0503148
-0.0503148
-0.47598
-0.47598
-0.47598
-0.47598
-1.01895
-0.101715
-0.101715
-0.101715
-0.06989
0.783327
0.783327
0.540757
0.540757
0.540757
0.116514
-0.804457
-0.804457
-1.18444
-1.25479
-1.96851
-1.18133
-1.18133
-1.67353
-1.4621
-2.07951
-2.07951
-2.61205
-2.61205
-1.57063
-0.738831
-0.321691
-0.321691
-0.321691
-0.321691
-0.848946
-0.544808
0.635766
-0.288218
-0.288218
0.670273
0.670273
0.338808
0.338808
0.338808
0.338808
0.338808
0.338808
0.338808
0.338808
0.338808
0.338808
0.338808
0.338808
0.338808
0.338808
0.338808
0.338808
0.338808
0.0910418
0.0910418
-0.170507
-0.0313814
-0.376082
-0.376082
-0.376082
0.26363
0.26363
0.26363
-0.865442
-0.865442
