0
0
0
0
0
0
0
0
0
0
0
0
0
0
0
0
0
0
0
0
0
0
0
0
0
0
0
0
0
0
0
0
0
0
0
0
0
0
0
0
0
0
0
0
0
0
0
0
0
0
0
0
0
0
0
0
0
0
0
0
0
0
0
0
0
0
0
0
0
0
0
0
0
0
0
0
0
0
0
0
0
0
0
0
0
0
0
0
0
0
0
0
0
0
0
0
0
0
0
0
0
5.16431
5.16431
5.16431
4.82019
5.75228
5.75228
6.11865
6.11865
6.11865
6.11865
5.64203
7.58356
7.58356
7.58356
5.16329
2.55973
2.55973
4.06256
4.21832
4.21832
5.45006
5.45006
3.68091
2.34713
4.19074
1.84648
1.84648
1.84648
2.1411
2.35195
4.05584
4.05584
4.05584
4.05584
5.87441
3.26505
3.26505
4.64349
3.79686
4.92062
4.92062
4.92062
4.92062
4.18955
4.18955
4.45393
3.25651
2.74406
1.1556
1.1556
1.1556
3.25668
3.25668
5.22164
5.22164
4.64708
4.64708
5.12628
5.12628
5.12628
6.18508
6.18508
6.25115
6.25115
6.25115
6.25115
6.25115
3.61609
1.27033
-0.964045
-0.964045
-0.964045
-0.897911
-3.59153
-2.73324
-2.73324
-2.04542
-0.724336
-1.10596
-1.10596
-3.65146
-3.65146
-3.65146
-3.83093
-3.83093
-2.66019
-2.78463
-2.78463
-2.78463
-2.78463
-2.11784
-2.11784
-2.11784
-2.33842
-3.16008
-2.98026
-0.576686
-0.576686
-1.7073
-4.23829
-4.76419
-4.76419
-4.86712
-5.01063
-7.32624
-5.4019
-4.35165
-2.29691
-2.29691
-2.29691
-2.29691
-2.29691
-2.29691
-2.29691
-1.07673
-1.07673
-3.09157
-3.78869
-3.78869
-3.01393
-3.01393
-5.62323
-5.62323
-5.54781
-5.54781
-2.99493
-2.99493
-4.97966
-3.00361
-0.852725
1.75694
1.75694
2.24518
3.33349
3.33349
3.33349
3.33349
3.33349
3.33349
1.33968
1.33968
1.33968
1.33968
2.72726
2.72726
2.72726
2.72726
3.57043
4.94509
3.36724
3.07375
4.69257
4.85704
4.85704
4.85704
4.85704
4.85704
4.85704
5.48745
5.48745
3.22481
3.89337
3.89337
4.12103
4.12103
3.16581
3.16581
2.53139
2.53139
2.53139
2.53139
2.53139
2.53139
4.2199
4.2199
3.06118
3.06118
3.06118
3.06118
4.49952
2.64833
2.64833
2.64833
2.64833
0.865372
2.56868
4.83293
5.40568
4.76023
4.76023
2.87694
4.29494
4.29494
6.81918
6.98345
6.12134
5.62525
3.88954
3.72668
5.07129
6.49099
4.1211
2.53349
2.53349
2.53349
2.81277
4.10001
4.10001
4.15666
1.46513
1.46513
1.46513
4.15783
1.67593
2.57228
1.55843
-0.547022
-0.547022
-2.87341
-2.87341
-3.05937
-3.05937
-3.05937
-3.05937
-3.05937
-5.5429
-5.5429
-4.23376
-2.2874
-2.75774
-3.27079
-4.61053
-3.19787
-3.19787
-5.56568
-5.56568
-5.56568
-5.56568
-5.56568
-7.60167
-10.0046
-9.63119
-7.12559
-6.25042
-4.83371
-2.34952
-3.6069
-3.6069
-3.6069
-3.6069
-4.70325
-4.70325
-3.39316
-3.39316
-2.85069
-2.85069
-5.29442
-3.3087
-3.3087
-3.765
-1.60344
-1.60344
-3.91593
-5.29009
-5.29009
-5.29009
-3.93584
-5.16926
-5.16926
-5.16926
-5.76427
-4.68075
-3.62837
-3.62837
-1.99601
-1.99601
-1.99601
-2.67996
-2.67996
-2.32046
-2.10232
-2.10232
-2.10232
-2.10232
-2.10232
-2.10232
-2.10232
-2.10232
-2.10232
-2.10232
-2.05783
-2.05783
-1.72628
-1.72628
-2.11308
-2.11308
-2.11308
-0.369223
-0.369223
-1.93943
-1.56906
-4.15947
-4.15947
-4.15947
-6.17667
-6.17667
-5.69958
-5.69958
-7.23207
-7.63211
-6.18929
-5.85738
-5.38618
-5.92085
-7.51133
-7.51133
-9.02733
-10.6829
-8.47111
-8.14866
-6.88189
-6.51773
-6.51773
-6.51773
-6.51773
-6.51773
-8.59633
-8.59633
-8.43761
-8.43761
-8.30522
-6.25904
-4.67265
-4.41968
-5.82134
-5.82134
-5.82134
-8.03968
-10.0556
-10.0556
-9.71016
-8.99443
-8.27459
-6.6639
-7.03889
-7.34063
-6.72723
-4.25565
-6.61825
-7.10272
-5.49825
-3.67169
-3.67169
-2.12863
-2.12863
-4.54725
-4.54725
-7.16966
-8.15077
-8.15077
-8.15077
-7.75262
-6.46967
-3.80217
-1.95541
-1.54432
-1.54432
-1.54432
-1.54432
-1.54432
-1.72912
-1.72912
-4.30784
-2.24929
-3.60121
-5.29087
-3.69159
-1.31372
-1.31372
-1.31372
-2.16369
-2.16369
-2.16369
-0.065351
-2.50124
-2.50124
-0.591952
-0.933993
-0.933993
-2.39949
-2.49889
-5.19175
-5.70388
-4.44754
-3.02621
-5.15409
-2.9524
-2.9524
-2.9524
-2.9524
-2.32563
-3.95956
-3.95956
-5.32766
-5.32766
-5.02012
-3.26703
-5.89841
-3.98817
-5.53055
-6.38868
-6.78286
-6.0949
-3.96305
-6.47053
-6.47053
-6.47053
-4.51587
-4.51587
-4.51587
-4.51587
-4.51587
-4.69299
-3.9857
-3.58332
-3.58332
-2.93248
-1.06488
-1.06488
-2.0085
-2.80395
-2.57758
-3.22849
-2.64473
-0.541262
-0.541262
-2.37396
-1.71621
-1.71621
-1.71621
-1.71621
-3.20419
-3.20419
-3.20419
-3.20419
-2.03476
-1.48971
-2.72923
-2.72923
-3.50387
-2.96819
-2.96819
-2.96819
-2.96819
-2.96819
-2.73117
-4.89365
-2.70869
-4.75269
-4.75269
-4.75269
-5.08838
-5.08838
-3.75112
-4.21502
-1.55583
-2.69597
-1.66247
-1.66247
-1.66247
-4.1653
-6.10815
-6.10815
-8.1094
-8.1094
-8.1094
-6.31879
-3.68816
-3.68816
-3.68816
-4.41179
-2.90016
-2.90016
-2.90016
-2.90016
-2.90016
-2.90016
-2.90016
-5.51953
-5.92751
-7.13982
-8.21531
-8.21531
-5.99718
-4.09134
-4.09134
-2.82044
-2.82044
-1.01363
-2.56737
-2.56737
-1.13624
-1.13624
-0.801511
1.10956
3.05852
3.02456
3.02456
3.02456
3.02456
3.02456
3.02456
1.67107
1.61837
4.26684
1.65587
1.65587
0.903183
0.903183
0.903183
0.903183
0.903183
1.21509
2.18093
2.18093
4.39674
5.865
5.865
8.38459
8.38459
7.95789
6.86517
6.86517
7.10883
8.18163
7.61319
7.61319
7.52946
9.16571
6.50106
6.50106
5.02115
5.02115
5.02115
5.02751
5.02751
5.02751
7.56818
7.56818
9.05966
7.30546
7.30546
7.30546
6.78587
6.78587
4.93826
3.66602
4.14645
4.14645
4.14645
4.14645
6.7769
4.24066
1.92143
1.92143
1.92143
1.92143
1.92143
1.92143
2.55436
3.39932
3.39932
4.58494
4.58494
2.70277
2.70277
2.56504
2.56504
4.08745
3.21031
3.21031
3.21031
0.849456
0.849456
0.849456
0.849456
-1.69676
-1.69676
-1.69676
-1.69676
-2.05894
-2.05894
-2.05894
-2.05894
-3.09481
-3.09481
-4.79554
-5.5272
-3.1709
-3.1709
-1.64262
-0.945408
-0.945408
0.646559
-1.23273
-2.48716
-2.48716
-4.23412
-5.80289
-5.80289
-5.80289
-3.98544
-5.38798
-4.74549
-4.38795
-4.38795
-1.79271
-3.35616
-3.35616
-3.35616
-3.35616
-3.35616
-1.87649
-1.87649
-4.18406
-5.93275
-5.93275
-4.78269
-6.84877
-7.98547
-7.98547
-7.98547
-6.16509
-5.02199
-5.58665
-6.94684
-5.74777
-4.97996
-4.97996
-4.97996
-4.97996
-4.97996
-4.97996
-4.97996
-2.29626
-2.29626
-2.29626
-1.05238
-1.05238
-1.05238
-1.05238
-3.69908
-3.69908
-1.88433
-1.88433
-1.88433
-1.88433
-2.12273
-1.78596
-1.78596
-3.95189
-3.95189
-3.02175
-3.02175
-3.02175
-3.02175
-3.30448
-5.51562
-5.51562
-6.17682
-6.17682
-5.14366
-5.14366
-2.80941
-2.80941
-2.80941
-2.80941
-1.67324
-1.67324
0.849157
-1.53164
-3.81807
-3.81807
-1.17643
-3.48316
-3.21812
-3.21812
-3.21812
-5.90407
-6.15558
-3.56434
-3.56434
-3.56434
-5.51112
-5.51112
-5.51112
-4.02319
-4.02319
-4.02319
-2.46197
-2.46197
-2.46197
-2.46197
-2.46197
-2.46197
-2.46197
-4.52678
-4.52678
-6.97765
-6.97765
-5.99535
-4.50647
-4.50647
-4.50647
-4.50647
-4.50647
-2.41181
-2.41181
-2.41181
-2.41181
-2.96075
-2.96075
-3.65274
-4.27551
-3.07839
-1.6682
-1.6682
-1.6682
0.705664
0.705664
3.18993
0.801575
0.801575
-0.839103
-3.15387
-3.15387
-2.8393
-2.8393
-2.8393
-1.04424
-3.21154
-1.75441
-1.75441
-1.75441
-2.76408
-2.76408
-3.55296
-3.55296
-3.55296
-1.73263
-1.71405
-1.71405
-1.71405
-1.71405
-1.71405
-2.13744
-2.27134
-3.57952
-3.57952
-2.60306
-2.60306
-5.27615
-5.05578
-5.05578
-6.92963
-4.26957
-4.13503
-4.13503
-4.6387
-4.6387
-2.62453
-2.62453
-4.31572
-4.31572
-4.96315
-2.74304
-1.03045
-2.40291
-2.40291
-2.40291
-2.40291
-2.76668
-4.86143
-4.88712
-5.94268
-4.59362
-4.59362
-3.59069
-2.39089
-2.39089
-3.58117
-3.58117
-1.76869
-1.76869
-1.76869
-1.76869
0.923884
1.07257
-1.08129
-2.72156
-1.42098
0.862391
1.51531
3.40915
0.94759
0.94759
0.94759
0.94759
0.94759
0.94759
2.56509
2.56509
5.21223
4.46835
3.89218
3.89218
3.89218
2.95528
2.95528
1.43408
1.43408
1.43408
1.43408
1.43408
1.43408
1.43408
1.43408
1.43408
1.43408
0.606949
0.606949
-1.95516
-1.95516
-3.79245
-3.79245
-5.78984
-5.27194
-5.27194
-5.27194
-3.59803
-5.43662
-6.41327
-6.41327
-4.10688
-6.60205
-4.22023
-4.22023
-4.22023
-4.22023
-3.37811
-4.94352
-3.17638
-3.26586
-3.26586
-4.14136
-4.14136
-4.14136
-4.14136
-2.79269
-2.79269
-2.79269
-2.79269
-1.91892
-2.86806
-2.86806
-2.22076
-3.91825
-3.91825
-3.91825
-3.91825
-3.04424
-3.66668
-5.51196
-4.77531
-2.52068
-4.82924
-3.28852
-3.28852
-3.28852
-1.87883
-1.87883
-1.87883
-3.20214
-4.23114
-4.23114
-4.23114
-2.56726
-2.56726
-2.56726
-2.56726
-2.56726
-2.56726
-2.56726
-0.814173
-0.814173
-1.04438
-1.04438
-3.0334
-5.19507
-3.41298
-3.41298
-3.41298
-3.8595
-3.8595
-4.98238
-3.22869
-3.22869
-3.22869
-2.63974
-5.227
-3.71804
-6.13511
-6.50461
-4.51751
-3.94262
-5.25111
-5.25111
-2.93503
-5.35249
-5.69541
-5.69541
-5.16251
-5.30567
-5.30567
-5.30567
-3.17581
-3.17581
-3.17581
-3.61502
-3.26817
-4.26424
-4.26424
-4.26424
-4.26424
-5.27462
-3.01572
-3.01572
-3.01572
-2.80502
-4.3959
-4.3959
-2.6063
-2.6063
-2.6063
-2.6063
-2.6063
-2.6063
-4.43945
-2.06996
-2.06996
-3.15769
-5.35193
-3.9458
-3.9458
-3.9458
-3.9458
-1.28167
-3.22535
-3.6461
-3.27747
-3.27747
-3.27747
-4.52608
-4.52608
-4.52608
-3.03554
-3.51043
-3.51043
-3.51043
-3.51043
-5.55891
-5.55891
-3.82501
-5.93563
-6.29383
-7.82538
-9.19557
-9.19557
-6.62889
-7.24039
-6.97294
-6.96503
-5.66899
-5.85439
-5.85439
-4.31686
-3.68294
-4.00619
-4.00619
-2.57667
-2.57667
-2.57667
-2.57667
-2.36076
-3.67928
-3.67928
-3.67928
-1.52404
-1.52404
-3.28912
-3.28912
-3.66642
-4.85734
-4.8557
-4.8557
-4.8557
-4.8557
-2.39335
-2.39335
-2.39335
-2.08294
-2.08294
-2.08294
-2.08294
-2.08294
-2.08294
0.53514
1.86426
2.07683
2.07683
2.07683
2.26303
2.26303
2.26303
2.26303
3.82794
3.21827
3.21827
3.21827
2.7452
2.7452
0.968706
3.3956
0.826304
3.5033
3.5033
3.5033
3.5033
3.5033
3.5033
4.00662
5.98681
4.11863
4.21978
4.21978
4.21978
3.62857
5.18731
5.19528
5.19528
6.13338
6.13338
6.13338
5.1602
5.1602
3.83494
3.83494
1.56865
1.56865
-0.874388
1.0644
2.94196
2.94196
3.66703
3.66703
6.34621
3.79359
4.54709
2.80492
2.80478
2.80478
2.80478
2.35239
2.35239
2.35239
2.35239
2.35239
2.35239
2.35239
2.35239
2.35239
2.35239
2.35239
2.35239
0.550207
0.550207
2.10941
4.80216
4.80601
2.25216
4.14652
4.14652
4.14652
6.17502
3.53923
3.53923
3.53923
4.37912
6.27404
6.27404
4.23194
1.71268
2.12387
2.12387
1.08235
1.08235
1.08235
1.08235
3.08307
2.28334
2.28334
2.28334
2.06466
2.06466
3.48631
3.48631
3.08752
3.08752
4.63387
2.57317
2.57317
4.28678
3.62356
3.62356
3.62356
3.62356
3.62356
3.62356
3.62356
3.62356
5.29351
5.29351
5.16011
2.54178
2.64369
4.69802
6.77805
6.77805
6.77805
7.01387
7.27221
7.27221
7.27221
7.27221
4.86869
4.86869
6.84856
6.84856
4.2123
6.68517
6.68517
4.43019
4.43019
4.43019
6.08411
5.3941
5.3941
5.3941
5.3941
4.22178
2.77342
2.60495
2.60495
1.017
-1.28699
-1.28699
-1.28699
-1.28699
-1.28699
-2.66086
-2.66086
-2.66086
-2.66086
-2.66086
-2.66086
-1.52377
-1.52377
-0.761343
-1.66487
-3.85099
-3.85099
-4.61334
-5.76161
-5.76161
-4.36235
-5.24255
-2.80755
-2.80755
-2.80755
-3.18972
-2.35246
-2.35246
-0.602021
-2.84482
-2.84482
-4.98972
-4.56857
-4.56857
-4.56857
-3.50566
-3.50566
-3.50566
-4.59613
-4.59613
-4.04065
-2.73183
-2.73183
-2.50617
-0.978256
-2.63071
-2.63071
-4.67051
-4.67051
-4.86879
-4.86879
-4.86879
-4.86879
-4.44756
-5.25047
-5.25047
-5.25047
-5.07942
-3.5616
-3.5616
-4.41668
-4.41668
-4.41668
-4.41668
-4.03554
-5.84329
-4.74508
-5.37779
-5.37779
-3.18843
-3.7639
-3.7639
-3.7639
-3.05907
-5.01423
-4.74171
-2.76846
-1.03526
-2.29903
-3.7518
-2.00061
-2.11535
-2.11535
-2.11535
-0.93022
-2.12991
-2.30967
-2.30967
-2.30967
-2.30967
-2.35349
-4.03754
-5.26851
-5.4353
-5.4353
-5.4353
-5.95038
-4.96978
-3.70162
-2.759
-2.759
-5.35287
-2.79988
-0.511755
-1.61383
-1.61383
0.624398
3.16477
3.51422
2.43025
2.60144
2.60144
0.700122
1.69653
1.69653
1.69653
3.38954
1.84807
3.04012
3.04012
2.682
2.682
1.61779
3.31734
3.31734
5.68871
6.07305
6.07305
5.57387
5.57387
6.74984
4.069
4.60681
3.62305
3.62305
1.17297
2.2058
2.2058
3.60522
4.4002
5.02702
6.20507
6.20507
4.17233
2.50822
3.68209
3.68209
3.68209
3.45024
3.45024
2.39173
2.39173
2.39173
1.85837
0.726052
2.45139
2.45139
2.45139
2.45139
2.39277
2.39277
2.39277
2.97381
2.97381
2.97381
2.97381
5.00238
7.17109
4.71003
4.71003
4.71003
4.71003
4.71003
4.71003
2.09724
2.09724
2.09724
2.09724
2.09724
2.09724
2.09724
2.09724
2.07618
2.07618
1.74712
3.16168
3.73228
2.18105
2.18105
2.18105
2.91887
2.91887
2.91887
2.91887
2.91887
2.91887
2.91887
2.91887
2.36962
3.29802
4.57398
6.47448
6.47448
4.26521
2.62404
4.69417
4.69417
7.38442
8.52874
8.51324
6.6199
5.21923
5.10495
5.10495
3.70692
3.02239
3.3484
2.81169
2.10973
2.10973
2.10973
-0.578261
-2.55601
-5.01756
-3.00747
-3.00747
-3.40706
-3.40706
-4.90697
-5.3706
-5.3706
-5.3706
-5.3706
-5.3706
-3.22849
-4.4945
-4.4945
-3.1962
-4.96763
-4.96763
-4.96763
-4.31554
-4.31554
-3.25526
-5.89229
-4.17721
-4.97339
-3.14671
-3.14671
-3.14671
-2.67502
-2.67502
-2.67502
-5.32835
-5.32835
-5.61081
-5.61081
-5.15137
-5.15137
-3.03805
-5.20658
-5.20658
-6.40937
-4.1414
-4.1414
-4.1414
-3.06908
-5.17566
-5.17566
-5.17566
-5.17566
-5.17566
-2.61346
-2.61346
-2.61346
-2.61346
-4.1689
-3.88404
-2.17907
-3.225
-1.90821
-1.90821
-1.90821
-3.27487
-3.27487
-3.27487
-3.27487
-3.27487
-4.39993
-4.64569
-2.51681
-2.51681
-2.51681
-1.92294
-2.76143
-2.76143
-3.31352
-3.31352
-3.31352
-3.15272
-5.09643
-5.04551
-5.04551
-5.17287
-3.96144
-6.6043
-7.56774
-5.69635
-5.69635
-5.69635
-5.69635
-7.09464
-4.81189
-4.81189
-4.81189
-4.81189
-4.81189
-3.03814
-3.03814
-3.03814
-3.03814
-5.64646
-3.84255
-3.84255
-2.31426
-2.31426
-2.31426
-2.31426
-2.31426
-3.62431
-3.62431
-1.4056
-0.629569
-2.96118
-2.96118
-5.253
-5.253
-7.58918
-7.58918
-7.28844
-7.28844
-7.28844
-5.20759
-5.07909
-3.59262
-4.08818
-5.11004
-4.29024
-5.96136
-6.09339
-6.09339
-6.09339
-4.96646
-7.25412
-7.25412
-5.24701
-4.52216
-4.52216
-5.64559
-3.23783
-5.56547
-5.56547
-4.74763
-4.74763
-4.92911
-3.56858
-4.10078
-4.7746
-6.92056
-6.92056
-5.89498
-5.89498
-8.4222
-8.4222
-9.21732
-9.21732
-9.21732
-9.07972
-7.56992
-6.22145
-6.22145
-5.5251
-5.5251
-4.92534
-5.86211
-4.69956
-6.4909
-4.83838
-5.05999
-5.05999
-5.31297
-3.80271
-5.41146
-5.887
-5.887
-3.446
-3.446
-3.446
-3.446
-2.45498
-3.47424
-3.66218
-5.85296
-5.56568
-3.63038
-3.63038
-3.63038
-5.53253
-4.1477
-3.2615
-3.38991
-3.38991
-3.63856
-2.57469
-2.25788
-2.25788
-4.72216
-4.72216
-4.72216
-2.21356
-3.36113
-3.44651
-5.36628
-5.36628
-5.36628
-5.36628
-5.45475
-3.52155
-4.38182
-6.21008
-6.21008
-6.21008
-6.21008
-6.44432
-6.44432
-6.44432
-6.44432
-6.44432
-5.5229
-5.5229
-6.51094
-6.51094
-3.92323
-3.92323
-6.25748
-6.25748
-6.25748
-7.39802
-7.39802
-6.92213
-6.78142
-6.78142
-5.13982
-3.17487
-1.41532
-1.41532
-1.40083
-3.34806
-3.34806
-3.34806
-4.49596
-4.49596
-5.86034
-6.85946
-5.15645
-5.15645
-5.15645
-5.62211
-5.62211
-5.41839
-4.85674
-4.85674
-2.81958
-3.00015
-3.00015
-3.00015
-3.3752
-5.58917
-2.99944
-2.99944
-2.99944
-2.99944
-2.34477
-4.84389
-4.84389
-3.92875
-3.96144
-3.96144
-6.58862
-6.84684
-4.95369
-4.95369
-4.88232
-6.12958
-6.12958
-4.67785
-4.67785
-5.43128
-3.96645
-3.63213
-3.63213
-4.50574
-6.63131
-4.80094
-3.73448
-4.36732
-4.62961
-4.62961
-4.52237
-4.52237
-1.99185
-1.99185
-1.13639
-1.13639
-3.63115
-3.93677
-3.93677
-3.93677
-2.74443
-4.41538
-4.41538
-4.78431
-2.26547
-2.26547
-2.26547
-2.26547
-2.31515
-2.42167
-2.42167
-2.68129
-2.68129
-1.09634
-3.0045
-3.60001
-3.60001
-5.48906
-5.22799
-5.22799
-6.33909
-6.33909
-6.33909
-6.33909
-4.10198
-4.10198
-5.19179
-5.56675
-5.56675
-5.56675
-7.04752
-7.04752
-7.31903
-6.2402
-6.2402
-5.79623
-4.86884
-4.86884
-4.86884
-4.79618
-4.79618
-2.72308
-5.07398
-5.07398
-7.62303
-5.24216
-5.24216
-5.24216
-5.24216
-5.24216
-6.94533
-4.80422
-5.13942
-3.68558
-3.30846
-5.37324
-3.3965
-4.3583
-4.3583
-3.74617
-3.74617
-3.74617
-3.74617
-3.74617
-3.74617
-3.74617
-3.09717
-3.09717
-2.75618
-1.02826
-1.02826
1.28457
3.53349
4.17474
3.01729
3.51254
3.51254
3.51254
1.44915
1.44915
2.34358
2.34358
3.04402
3.04402
3.04402
3.04402
3.81648
6.33491
6.33491
6.33491
6.25097
5.18748
5.18748
5.18748
4.1153
4.07451
3.06449
4.52464
4.52464
4.52464
6.08801
3.40028
3.74433
3.74433
4.98204
3.4078
3.4078
2.73265
2.73265
2.73265
4.80405
6.99593
4.38835
2.87761
1.73177
1.68036
1.68036
1.68036
1.68036
1.68036
3.99762
3.99762
6.28417
6.28417
6.28417
4.1253
3.34661
3.34661
2.08982
2.08982
2.08982
3.28281
3.56864
4.0354
4.0354
4.0354
4.0354
4.0354
4.0354
2.96435
3.41028
1.86196
1.86196
1.86196
1.86196
1.86196
1.86196
1.86196
1.86196
1.86196
1.86196
1.86196
1.86196
1.86196
1.86196
3.08405
0.939134
0.939134
-1.5832
-1.5832
-4.21705
-5.93346
-7.80715
-6.09795
-3.6261
-3.6261
-1.52536
-1.52536
-1.52536
0.988341
1.80587
2.79712
0.997508
0.801554
0.801554
0.801554
-1.44268
-2.32813
-2.32813
-0.952244
-3.42688
-3.75154
-3.75154
-4.71694
-3.47002
-3.47002
-3.98936
-5.26217
-5.26217
-4.39501
-4.39501
-4.39501
-3.02969
-3.55302
-3.06667
-3.06667
-3.06667
-3.06667
-4.54822
-7.14147
-5.88396
-6.90082
-6.90082
-4.4973
-2.04832
-2.04832
-4.27576
-5.71839
-5.7929
-5.7929
-5.7929
-6.78831
-8.94582
-7.86613
-7.86613
-7.80975
-6.93859
-6.93859
-4.4798
-4.4798
-1.94129
-1.94129
-1.94129
-1.94129
-1.94129
-1.94129
-3.5327
-4.23508
-2.78446
-2.78446
-2.78446
-2.78446
-2.78446
-2.78446
-2.66789
-5.09595
-5.09595
-2.73779
-2.73779
-2.73779
-2.73779
-2.73779
-2.73779
-2.73779
-2.44534
-2.44534
-2.44534
-3.97254
-2.60369
-1.77554
-1.77554
-1.77554
-4.02172
-4.02172
-5.97004
-6.30761
-8.6478
-9.27702
-9.27702
-7.71035
-7.71035
-7.28397
-4.67469
-4.67469
-4.67469
-5.8208
-5.8208
-4.84686
-6.9632
-6.6923
-7.57968
-5.17004
-5.17004
-7.82682
-7.82682
-7.82682
-7.07468
-7.07468
-5.74392
-5.74392
-4.63119
-2.76005
-4.4239
-4.4239
-5.11121
-5.11121
-5.11121
-4.13483
-4.13483
-5.47358
-5.64297
-6.65237
-4.69482
-5.44067
-5.44067
-5.61441
-3.6275
-3.6275
-3.6275
-3.6275
-2.01841
-4.60712
-4.60712
-3.88987
-3.88987
-3.88987
-3.88987
-3.88987
-6.43158
-4.24245
-4.24245
-4.24245
-4.24245
-4.76369
-4.76369
-2.29637
-2.29637
-2.29637
-2.29637
-2.29637
-4.6452
-4.6452
-3.32783
-3.32783
-3.32783
-0.711169
-0.711169
-2.23645
-2.27613
-3.61716
-3.61716
-3.61716
-3.41848
-4.01702
-4.01702
-3.86754
-5.03475
-5.03475
-7.07591
-6.83209
-5.18066
-5.83391
-3.45498
-3.45498
-1.50552
-2.18426
-2.18426
-2.18426
-2.18426
-2.18426
-2.18426
-2.76628
-1.57087
-3.90386
-6.37478
-8.20431
-5.70448
-5.56804
-3.55555
-3.36872
-5.13448
-7.00722
-7.80489
-8.02249
-9.45163
-9.96124
-9.96124
-9.96124
-8.53724
-5.8955
-6.42684
-4.73097
-4.65258
-6.3603
-6.3603
-6.3603
-7.19802
-7.19802
-5.13664
-2.55881
-2.06801
-2.06801
-1.13305
-2.47227
-4.3843
-4.3843
-4.3843
-6.34608
-6.34608
-6.34608
-6.32942
-7.47042
-8.53025
-8.53025
-8.61068
-7.99091
-7.99091
-6.80084
-4.4049
-4.77483
-4.77483
-2.2491
-2.60283
-4.1213
-5.76013
-4.91074
-4.91074
-4.91074
-4.91074
-3.86468
-3.85462
-3.85462
-3.85462
-3.02557
-3.02557
-5.35963
-5.35963
-5.35963
-5.35963
-4.59027
-4.59027
-4.59027
-4.59027
-2.42727
-4.2793
-4.2793
-4.58813
-4.58813
-3.07057
-3.58591
-4.74274
-2.60067
-2.60067
-2.60067
-3.40943
-3.40943
-3.40943
-3.40943
-1.64058
-1.64058
-1.64058
-1.64058
-1.64058
-1.64058
-2.04389
-3.27816
-3.27816
-2.19599
-2.92729
-0.935287
-0.935287
-2.58304
-1.90384
-1.90384
-1.90384
-4.30491
-4.73292
-3.64763
-1.69228
-2.83037
-2.83037
-2.83037
-2.83037
-2.83037
-2.83037
-2.83037
-2.32959
-2.32959
-2.32959
-2.32959
-2.32959
-2.85813
-2.87292
-2.87292
-2.87292
-2.87292
-3.76619
-3.76619
-3.76619
-3.76619
-3.76619
-4.10362
-3.9018
-3.9018
-3.9018
-1.96088
-2.66099
-3.94125
-3.94125
-1.46333
-0.637116
-0.637116
1.80471
4.35907
4.35907
4.35907
1.8605
1.8605
1.8605
4.31398
3.92916
3.92916
3.92916
3.20326
3.20326
2.17611
2.17611
2.17611
2.17611
2.17611
4.40981
4.40981
4.40981
3.78304
1.73833
0.721143
0.721143
2.5726
2.5726
2.5726
5.06981
4.32953
3.58383
1.54163
1.54163
1.54163
1.54163
2.93396
2.93396
2.93396
2.93396
2.93396
2.93396
4.72386
4.72386
4.72386
4.72386
4.72386
4.72386
3.33388
2.7626
1.95055
2.52388
3.89011
3.89011
2.49381
0.934289
2.04387
2.04387
2.04387
0.926685
-1.55101
-3.63988
-3.63988
-3.63988
-4.26531
-4.9866
-3.84589
-3.84589
-2.53899
-4.17561
-3.8804
-3.8804
-3.8804
-3.8804
-3.08694
-3.08694
-3.50273
-3.9446
-2.95024
-2.95024
-2.95024
-2.95024
-2.95024
-4.72274
-3.04967
-3.04967
-2.80792
-2.82796
-2.82796
-2.82796
-4.63625
-3.8309
-5.80554
-3.20493
-5.48791
-4.53558
-4.28886
-6.08573
-7.22754
-5.20242
-5.20242
-5.20242
-2.65231
-4.43845
-4.43845
-1.89962
-1.89962
-1.89962
-1.89962
-2.90066
-2.90066
-2.90066
-2.90066
-3.15894
-3.15894
-3.15894
-3.15894
-3.15894
-3.15894
-3.91176
-1.52247
-3.76537
-4.80043
-3.37574
-3.23267
-1.11833
-1.11833
-1.86769
-1.86769
-1.86769
-1.86769
-1.86769
-1.86769
-1.86769
-1.86769
-0.54438
1.18137
-1.44889
-1.44889
-3.67628
-3.67628
-3.28434
-3.28434
-3.28434
-3.28434
-4.77082
-3.66251
-3.66251
-3.66251
-3.66251
-2.27693
-2.22807
-2.22807
-3.64562
-4.76719
-5.55971
-3.48585
-3.28194
-3.48568
-3.48568
-3.48568
-3.48568
-4.76405
-4.76405
-2.78022
-2.78022
-2.78022
-3.75509
-3.75509
-3.75509
-1.27606
-1.27606
-1.27606
-3.78849
-3.78849
-3.78849
-3.78849
-1.27004
1.32808
1.34879
1.34879
1.34879
1.34879
1.34879
1.34879
3.93624
3.93018
3.93018
3.93018
3.93018
3.93018
6.33678
6.92077
6.92077
6.92077
9.22834
7.01844
6.2223
6.2223
4.79477
7.44546
6.45273
7.04196
7.04196
7.58349
6.34574
7.70514
6.56145
4.76467
4.76467
4.76467
4.76467
4.76467
4.76467
2.37206
2.37206
2.37206
2.37206
1.81603
3.50219
3.50219
3.50219
3.50219
3.50219
3.50219
1.94146
0.78015
0.78015
2.01136
2.01136
2.97669
2.97669
2.97669
5.13841
6.97824
4.55342
4.55342
4.55342
3.82875
3.82875
3.82875
2.9422
2.9422
2.9422
2.9422
2.9422
4.33016
4.33016
2.49329
4.39395
4.39395
4.39395
3.62813
4.64396
4.01073
2.24222
2.24222
2.24222
1.78234
2.37906
2.37906
0.886556
0.886556
-1.76344
-1.76344
-2.19217
-1.69748
-1.62496
-1.62496
-1.62496
-1.62496
-3.90679
-1.52986
-1.52986
-2.21536
-2.21536
-2.21536
-2.21536
-3.52255
-5.34221
-5.34221
-5.34221
-3.56307
-3.56307
-3.56307
-2.04551
-2.04551
-1.6733
0.422525
2.86482
4.26693
4.69336
3.64236
1.1715
1.1715
3.83666
3.83666
4.03939
1.88269
1.88269
1.88269
4.24817
3.58131
4.28859
2.98375
2.98375
2.98375
2.98375
4.26117
4.17511
1.59536
1.59536
1.59536
2.28358
2.28358
2.28358
2.95937
4.53078
4.53078
3.66549
4.34754
4.34754
3.64303
4.36481
3.49593
3.49593
3.49593
3.49593
2.07026
2.07026
4.46097
4.46097
2.67345
2.67345
2.67345
2.67345
1.60397
1.60397
1.60397
1.60397
1.60397
1.60397
2.95131
4.41842
2.65659
2.65659
2.65659
0.512005
0.512005
1.1115
2.83335
5.09082
2.92746
2.92746
2.81753
3.63406
1.32903
1.32903
-0.45208
2.0389
4.63936
4.63936
3.59728
4.80573
4.3885
3.17963
5.67228
5.67228
6.51493
6.85361
6.85361
6.85361
6.85361
6.85361
7.48798
5.62912
5.62912
3.81954
3.81954
4.25762
4.25762
4.25762
4.25762
4.25762
4.25762
4.25762
3.52536
1.17529
2.96035
3.13972
3.13972
3.13972
3.15495
5.25047
2.97253
2.97253
2.97253
2.97253
1.11343
1.11343
2.62041
3.14858
3.67869
3.67869
2.14759
2.14759
2.14759
2.14759
2.14759
2.14759
1.49986
-1.0828
-3.6047
-3.6047
-3.6047
-4.80243
-4.80243
-5.0678
-5.0678
-5.0678
-5.0678
-7.46613
-7.46613
-7.46613
-7.46613
-7.46613
-4.80184
-6.18364
-5.2117
-5.2117
-5.42833
-7.63602
-7.63602
-9.73029
-9.93459
-8.71406
-8.58594
-6.72988
-5.24816
-3.45375
-3.39385
-3.39385
-5.76647
-8.05271
-6.87346
-6.87346
-6.65949
-7.52939
-7.52939
-7.52939
-4.98189
-4.98189
-3.03921
-3.03921
-3.03921
-4.68615
-3.80669
-3.80669
-2.62433
-2.62433
-2.62433
-4.3337
-1.72146
-1.72146
-1.72146
-2.88297
-1.5937
-3.00277
-3.52279
-3.52279
-3.52279
-3.4842
-3.4842
-3.88584
-3.88584
-3.88584
-1.25906
-1.25906
0.546583
0.546583
0.546583
-1.30425
-1.30425
1.1099
1.1099
-0.697458
-0.697458
-2.36789
-2.36789
-2.36789
-1.90546
-3.1016
-3.1016
-3.1016
-3.1016
-3.1016
-3.1016
-3.1016
-3.1016
-3.1016
-3.1016
-3.1016
-3.1016
-4.11223
-4.28751
-6.20821
-6.20821
-6.20821
-6.20821
-6.20821
-6.20821
-3.6995
-4.26409
-3.68106
-5.87281
-3.26343
-3.26343
-3.26343
-3.26343
-5.16534
-5.16534
-3.72651
-2.43532
-2.27889
-2.27889
-4.76165
-5.23279
-5.23279
-5.23279
-5.23279
-3.29962
-4.20282
-4.20282
-4.20282
-2.32316
-2.32316
-2.96308
-3.32509
-3.32509
-3.32509
-2.20464
-2.20464
-2.20464
-3.18865
-3.18865
-3.18865
-3.18865
-3.18865
-0.53854
-2.00313
-2.00313
-2.00313
-2.3332
-2.3332
-2.3684
-2.3684
-4.8061
-5.13669
-5.13669
-5.13669
-5.13669
-2.53425
-2.53425
-2.53425
-2.53425
-2.53425
-2.53425
-2.53425
-2.53425
-4.21995
-4.21995
-4.43182
-6.56593
-6.56593
-6.59991
-4.49167
-5.64783
-5.64783
-5.61992
-3.12103
-3.12103
-3.12103
-3.12103
-3.08384
-3.08384
-3.08384
-2.58088
-2.06235
-2.06235
-2.06235
-2.06235
-2.06235
-2.06235
-2.06235
-2.9943
-2.9943
-2.9943
-2.9943
-2.8662
-2.8662
-0.757604
-0.757604
-0.416511
-0.416511
-3.0459
-3.0459
-3.0459
-1.77333
-1.77333
-1.77333
-4.01806
-1.74958
-2.18779
-2.5368
-2.5368
-1.63453
-2.45235
-2.99133
-2.99133
-3.78781
-3.78781
-1.70621
-1.70621
-1.70621
-1.70621
-1.70621
-1.70621
-1.70621
-1.70621
0.895574
0.895574
0.895574
2.10675
3.08001
3.08001
3.08001
3.08001
1.09628
1.09628
-1.5257
-1.5257
-3.98841
-3.98841
-3.98841
-2.14742
-1.13891
-1.13891
-0.780426
-3.15042
-3.15042
-3.15042
-3.15042
-3.15042
-3.15042
-3.15042
-3.15042
-3.15042
-3.15042
-5.38763
-3.70508
-3.70508
-3.70508
-3.70508
-3.70508
-1.94312
-1.94312
-1.94312
-1.94312
-1.49032
-1.49032
-1.44521
-2.62295
-2.62295
-4.68483
-4.68483
-6.80182
-6.86488
-6.17743
-5.9785
-5.9785
-6.88139
-8.11837
-8.11837
-7.41809
-5.01852
-3.1847
-3.1847
-2.56726
-1.73134
-3.98793
-3.98793
-3.98793
-2.4
-2.4
-2.4
-2.4
-4.16937
-4.55962
-4.55962
-2.57658
-5.12277
-4.40787
-4.40787
-3.23326
-3.23326
-1.79626
-4.38583
-4.38583
-4.61031
-2.0035
-2.0035
-1.95691
-4.07716
-3.67499
-3.67499
-3.59465
-4.76888
-4.76888
-6.55301
-6.50165
-7.34019
-5.53643
-5.08515
-5.08515
-3.08812
-2.11925
-2.11925
-2.11925
-2.11925
-2.97943
-3.59822
-3.59822
-4.40874
-4.40874
-4.40874
-4.40874
-2.60857
-2.60857
-4.66055
-4.66055
-7.16718
-7.16718
-6.74365
-4.44594
-3.55072
-1.0297
-1.0297
-1.0297
-1.0297
-2.75083
-2.75083
-2.75083
-4.99036
-4.99036
-4.99036
-3.46493
-1.80039
-1.80039
-1.80039
-1.80039
-1.80039
-1.80039
-4.2371
-4.2371
-4.2371
-4.2371
-4.2371
-2.69565
-2.69565
-2.69565
-2.69565
-2.69565
-2.69565
-1.25537
-0.947881
-0.947881
-1.14595
-3.41692
-5.19439
-5.19439
-5.19439
-5.19439
-4.32296
-2.28962
-2.28962
-2.28962
-4.26268
-4.26268
-3.48196
-5.3219
-5.3219
-5.3219
-3.45172
-0.912642
-1.81327
-4.00633
-4.00633
-1.47752
-1.40732
-3.72358
-5.06125
-6.52674
-6.52674
-6.52674
-3.95317
-3.95317
-3.95317
-5.78224
-5.78224
-5.78224
-3.33227
-3.01269
-3.01269
-3.79077
-3.79077
-3.79077
-3.79077
-3.79077
-3.79077
-1.84372
-1.84372
-1.68042
-1.68042
-2.34934
-4.64466
-4.64466
-5.82601
-5.94743
-7.26965
-7.26965
-7.26965
-7.26965
-8.55188
-8.40571
-8.40571
-8.40571
-8.40571
-8.40571
-6.84834
-5.58784
-3.18776
-2.18874
-2.18874
-0.550923
-1.53805
0.86576
-0.587773
1.66369
1.66369
1.66369
2.61649
2.61649
2.61649
2.61649
2.61649
2.61649
2.61649
2.61649
2.61649
2.61649
2.61649
2.61649
1.36818
1.36818
1.36818
2.15156
2.15156
0.719748
1.6632
1.6632
1.6632
3.48491
2.39923
3.85215
3.85215
5.95922
6.07247
6.07247
7.33377
7.33377
8.10899
8.10899
5.57137
5.57137
7.19665
7.19665
7.19665
6.99783
5.5835
5.5835
5.5835
3.54847
4.66388
2.81404
2.81404
2.81404
2.81404
5.15798
5.15798
5.15798
5.18375
5.71873
5.71873
4.28365
5.38822
7.86445
7.86445
6.48803
8.17036
7.03953
8.4164
9.49165
9.09541
7.26349
7.26349
7.26349
7.26349
5.66624
5.52729
5.52729
5.03807
5.66172
5.66172
4.11615
2.05998
2.05998
2.05998
2.05998
2.05998
4.57197
4.57197
3.74486
5.3184
5.3184
5.3184
5.3184
5.3184
5.3184
4.84794
3.91537
3.91537
5.54001
5.83386
5.83386
5.83386
4.97793
4.59631
2.53776
3.48473
3.48473
1.28976
1.51058
1.51058
1.51058
3.85471
3.85471
3.85471
3.85471
3.85471
3.85471
3.85471
3.85471
3.85471
6.08057
6.08057
6.08057
6.08057
7.24748
7.24748
7.24748
7.24748
8.82342
6.23783
6.23783
3.69343
5.48453
5.53483
4.35032
4.35032
1.92393
1.92393
1.15297
1.15297
-1.51442
-1.51442
-1.51442
-1.51442
-1.51442
1.10634
-1.02638
-1.02638
0.30351
-1.44134
-1.44134
-1.44134
-1.83942
-1.83942
-3.56502
-3.56502
-3.56502
-4.27082
-4.27082
-4.27082
-4.27082
-4.27082
-4.02977
-6.06596
-3.96128
-4.58182
-2.9353
-2.9353
-2.9353
-3.8158
-2.84101
-3.78919
-3.78919
-3.78919
-1.32714
-1.32714
-2.81066
-2.81066
-3.995
-3.995
-3.995
-3.14555
-2.36985
-2.36985
-2.36985
-2.36985
-2.36985
-3.97281
-3.97281
-6.49828
-6.49828
-6.49828
-6.49828
-6.49828
-4.96802
-2.92379
-2.92379
-3.92631
-3.92631
-3.5017
-3.2375
-3.2375
-2.97119
-2.97119
-2.97119
-5.41411
-5.41411
-6.51331
-6.51331
-6.51331
-6.03211
-6.03211
-6.03211
-3.3396
-1.53994
-1.53994
-2.11194
-2.96339
-3.96174
-1.43109
1.14317
1.14317
1.14317
1.14317
-0.888953
-0.888953
-0.888953
-3.31311
-4.62635
-4.62635
-4.62635
-4.62635
-6.64307
-4.56521
-4.56521
-2.84876
-2.11537
-2.11537
-2.11537
-2.51512
-0.803941
-0.803941
-0.803941
-0.803941
1.27916
3.6722
1.6162
1.6162
1.6162
1.4273
1.45354
1.45354
1.70743
1.70743
1.70743
4.03362
1.6349
2.37121
2.37121
3.44819
5.79134
5.79134
3.86746
3.86746
3.86746
2.99258
2.99258
3.76956
3.76956
5.91769
6.70113
8.47459
6.84893
5.08014
5.08014
4.48465
2.60023
1.74552
2.25317
2.25317
1.54724
4.13672
4.13672
4.13672
4.13672
6.14862
6.14862
6.14862
6.14862
6.10197
7.48186
7.48186
7.48186
6.78027
4.5722
5.505
3.81597
3.98653
2.99499
2.99499
3.82586
4.43485
3.40021
3.40021
3.4689
3.08667
5.67342
5.67342
5.67342
6.48375
6.06034
5.69462
4.61619
2.81066
2.81066
2.81066
2.81066
1.96661
1.96661
1.96661
2.64379
2.64379
4.43037
3.10855
1.63563
1.63563
1.99986
1.99986
4.51764
4.18722
1.54758
1.54758
1.54758
1.54758
-0.480421
-1.17663
-0.669235
-0.669235
-3.07142
-3.44724
-3.63209
-2.39448
-3.42061
-5.43517
-5.43517
-5.59363
-5.59363
-5.59363
-4.51723
-4.32848
-4.48452
-3.1447
-3.1447
-3.05732
-3.05732
-4.18958
-5.28747
-5.28747
-5.28747
-5.28747
-5.28747
-3.96078
-3.96078
-3.18466
-3.18466
-4.25066
-5.7094
-5.7094
-3.82822
-3.82822
-3.82822
-3.82822
-3.15823
-5.65386
-5.60835
-5.60835
-5.60835
-5.60835
-5.5186
-3.07681
-4.7486
-4.7486
-3.65399
-3.65399
-3.65399
-3.43253
-2.07936
-3.25553
-3.25553
-1.72131
-3.29508
-2.45917
-2.45917
-4.52618
-5.35192
-6.31437
-6.31437
-5.02241
-4.52078
-5.23121
-3.49536
-3.49536
-3.49536
-2.13241
-3.39457
-0.830196
0.703756
2.03688
4.34822
4.34822
5.01161
5.01161
5.01161
5.09924
5.09924
6.1173
3.68041
2.40634
2.40634
2.40634
2.40634
2.40634
2.40634
5.05697
5.05697
5.05697
5.05697
5.39228
6.53927
4.33716
4.75645
5.75829
6.14919
6.14919
6.14919
6.14919
7.44079
6.73989
4.64412
2.67808
2.67808
2.67808
2.67808
2.67808
2.67808
2.67808
2.67808
2.67808
3.04891
3.04891
4.00465
3.24974
2.43036
3.51809
2.38045
1.55846
0.545833
0.545833
0.545833
1.78961
-0.833748
-3.5095
-3.5095
-5.82901
-6.04426
-6.04426
-4.69532
-5.15692
-7.1413
-7.1413
-6.20083
-4.74798
-2.1634
-2.1634
-1.10822
-1.10822
-1.10822
-1.10822
-2.23244
-2.23244
-2.23244
-2.23244
-2.70884
-5.15924
-6.31806
-7.36458
-7.06795
-7.39046
-7.39046
-5.82173
-5.82173
-4.43655
-1.80905
-1.80905
-1.80905
-3.21053
-3.21053
-4.47398
-3.34028
-3.34028
-3.34028
-3.34028
-3.34028
-3.34028
-3.34028
-2.77251
-2.77251
-2.77251
-2.77251
-2.77251
-2.77251
-1.74059
-2.20853
-2.20853
-2.20853
-1.62829
-1.62829
0.786193
1.34762
1.34762
1.34762
1.34762
-0.908038
-0.908038
-0.908038
-0.908038
-0.908038
-0.908038
-0.908038
-3.33398
-3.33398
-3.90752
-3.17615
-3.17615
-4.93597
-3.2022
-3.2022
-3.2022
-3.2022
-4.60571
-4.60571
-4.60571
-1.91572
-1.91572
-1.91572
-2.72043
-0.880066
1.43704
1.43704
2.14322
2.14322
1.10768
1.10768
-1.38252
-1.38252
-1.38252
-3.91876
-1.26287
-1.26287
-1.26287
-2.84426
-2.84426
-2.84426
-2.84426
-4.0271
-1.51964
-1.51964
1.16624
3.42839
3.42839
3.42839
4.44391
1.92381
-0.514219
-0.422863
1.12553
2.5591
2.5591
2.5591
2.5591
2.5591
2.5591
2.5591
2.5591
2.5591
2.5591
2.5591
2.5591
4.71564
3.80075
3.80075
3.36853
3.36853
3.36853
4.98794
5.49996
5.95748
5.95748
3.34924
3.34924
1.4584
3.52015
5.00499
5.84256
5.84256
5.84256
4.05176
4.05176
4.2829
1.76168
2.87207
2.87207
2.87207
2.87207
2.87207
2.87207
4.74318
4.74318
4.74318
5.48256
5.48256
3.73088
6.24717
4.58576
2.00673
0.588025
1.91573
1.91573
3.46032
5.6723
4.23104
3.64404
3.64404
1.88733
1.88733
1.88733
1.88733
1.88733
1.88733
3.32642
4.17708
6.38517
6.38517
4.66881
4.66881
1.98974
1.98974
1.98974
1.50829
1.50829
1.50829
-0.97296
-1.33609
-1.05355
-1.05355
-3.1128
-3.7386
-3.06583
-3.06583
-1.13688
-2.66819
-2.66819
-4.19262
-1.94458
-1.94458
-1.34269
0.536558
3.22949
3.22949
3.22949
3.22949
1.89136
1.89136
1.89136
1.89136
-0.438322
-1.8243
-1.8243
-2.84215
-2.84215
-2.84215
-5.03066
-6.67291
-6.3675
-6.3675
-4.33624
-4.33624
-1.78168
-1.78168
-1.78168
-3.58933
-3.93554
-3.23271
-3.23271
-3.8486
-1.58028
-1.58028
-1.58028
-1.58028
-1.58028
-3.79475
-3.79475
-2.97392
-2.97392
-4.88877
-4.88877
-4.88877
-4.88877
-4.46038
-4.46038
-4.46038
-4.46038
-4.46038
-4.46038
-4.46038
-4.02145
-4.46462
-4.46462
-4.46462
-4.77984
-4.87614
-3.61486
-4.20828
-6.07221
-6.07221
-6.07221
-6.07221
-6.07221
-6.07221
-3.90755
-3.90755
-3.90755
-3.90755
-2.85219
-2.85219
-3.61058
-3.61058
-3.61058
-5.30763
-5.30763
-7.79871
-7.79871
-7.79871
-7.79871
-7.55531
-7.18516
-7.18516
-5.19813
-4.02557
-4.02557
-4.03865
-4.90421
-6.40593
-6.40593
-6.40593
-6.40593
-6.40593
-6.40593
-4.23215
-1.97542
-0.231381
-2.75073
-0.835281
0.850677
2.41829
3.80669
3.80669
6.17801
6.17801
5.68608
5.04889
3.52681
3.52681
5.66662
5.66662
5.66662
4.18809
4.18809
2.29282
2.61264
4.06077
4.32379
6.64908
5.70841
5.70841
5.70841
5.70841
4.30314
4.30314
4.30314
5.41025
5.41025
7.58422
7.58422
7.58422
5.63621
5.63621
5.63621
5.60717
5.60717
3.37078
5.1365
5.1365
6.4941
6.4941
8.39184
5.76267
5.76267
5.76267
5.76267
4.3666
4.3666
5.51051
7.75987
6.90746
7.35129
9.50532
7.05608
5.05055
5.22369
3.74593
3.76498
2.80517
2.80517
2.80517
5.41199
5.41199
6.7727
6.7727
6.7727
6.7727
6.12287
5.27696
3.84605
3.84605
3.84605
3.84605
3.04891
3.04891
3.04891
1.45944
1.45944
1.45944
2.04577
2.48075
3.13808
3.13808
5.75143
5.75143
5.8145
4.43796
4.43796
2.26791
2.26791
2.26791
2.63153
4.61205
4.61205
4.61205
4.60803
4.60803
2.68298
2.68298
2.68298
2.68298
2.68298
2.68298
3.96473
3.96473
3.96473
3.64805
5.48348
5.48348
5.48348
5.48348
7.57939
8.00775
10.5916
8.51248
8.51248
9.18
9.18
7.20049
7.3006
6.82511
6.82511
4.41181
4.97271
7.17082
7.17082
7.17082
5.66696
4.10141
4.10141
4.10141
4.10141
4.10141
5.56286
5.56286
4.31027
4.31027
4.31027
3.51959
4.97821
2.81036
2.17881
2.17881
2.17881
2.17881
2.17881
2.17881
4.09689
4.09689
1.54783
3.06577
3.06577
4.36889
3.49663
3.49663
3.49663
3.3803
3.3803
4.18465
4.18465
4.18465
4.99138
6.83926
4.63311
4.63311
4.63311
4.63311
4.63311
1.97895
2.53443
2.53443
2.7553
2.7553
1.97576
0.828756
0.828756
0.828756
0.828756
0.828756
0.828756
3.16873
3.16873
3.16873
1.10992
2.82064
2.82064
0.667166
-1.54196
0.586246
2.19491
4.18842
4.18842
4.18842
4.18842
2.1402
2.1402
2.1402
2.1402
2.1402
2.1402
2.1402
2.1402
3.40528
5.39791
3.95837
3.95837
1.35522
2.88388
2.88388
4.41101
4.41101
5.78728
5.43746
3.5413
3.5413
3.5413
2.87245
2.87245
3.80984
6.19568
5.49309
8.1347
8.1347
7.57693
6.12523
3.89351
3.27114
3.75147
3.75147
3.75147
1.39662
1.67729
1.67729
1.67729
2.88702
2.34966
2.34966
2.34966
2.34966
1.69832
3.34089
6.0086
5.84836
5.84836
5.17796
5.20528
5.20528
6.64064
6.64064
3.94711
3.94711
4.77886
3.72784
1.472
1.472
1.472
3.91316
2.45855
3.48212
3.48212
3.48212
3.50489
0.955587
3.57505
3.57505
2.45967
2.45967
2.45967
4.94645
5.12307
7.44332
7.44332
7.44332
5.60641
5.78505
5.78505
5.88247
3.25384
5.45809
3.75792
3.10175
3.10175
5.39681
4.05245
4.05245
4.05245
3.66976
3.66976
3.66976
3.82253
3.82253
3.82253
3.82253
3.60338
3.60338
4.42131
5.79928
4.89526
3.01308
3.01308
3.01308
3.01308
3.01308
3.01308
3.01308
3.01308
3.01308
2.2499
4.19431
4.19431
4.19431
4.59437
4.59437
4.59437
2.52558
2.52558
2.52558
1.41467
1.78931
1.78931
1.78931
1.78931
2.91407
2.91407
2.25053
2.25053
2.25053
2.25053
1.49687
1.49687
1.49687
-0.597727
-1.70171
-1.13601
1.37067
1.37067
3.85219
3.85219
3.85219
6.11512
4.6108
4.6108
4.6108
4.6108
3.27118
3.27118
3.27118
3.27118
3.27118
3.27118
3.27118
3.41552
3.41552
3.99076
3.74719
6.35188
4.12368
3.48167
3.48167
3.48167
3.48167
3.48167
3.48167
3.48167
3.48167
3.48167
3.48167
3.48167
3.48167
4.9247
4.9247
5.47973
5.47973
4.54839
4.54839
4.54839
4.54839
4.54839
7.00723
7.00723
5.13605
5.25196
3.78042
4.71982
6.47044
4.96587
4.96587
4.79856
4.79856
4.99318
5.23238
4.60577
4.26933
4.26933
4.26933
1.77
1.77
1.50597
3.83261
1.49212
1.15505
1.15505
3.7771
4.90714
4.90714
4.90714
4.90714
4.43713
4.47634
4.47634
4.47634
2.84679
3.70155
3.70155
1.69638
2.79862
0.878378
3.27491
0.706578
2.40152
2.40152
2.40152
1.6013
2.45683
2.45683
4.1717
4.1717
3.66824
4.48683
3.54124
3.54124
2.15277
2.15277
2.15277
2.15277
2.15277
2.15277
2.15277
2.15277
1.18728
1.18728
2.19531
3.54753
2.02985
2.02985
2.3682
4.86683
2.48955
2.48955
2.48955
2.48955
2.48955
2.48955
2.48955
2.48955
2.48955
2.48955
2.48955
0.550096
0.550096
3.17692
3.17692
3.17692
1.66951
3.22276
4.65236
4.65236
4.98889
3.04606
4.69015
3.66841
6.25221
5.5544
5.5544
3.72836
3.39862
3.39862
3.39862
3.39862
4.17908
4.17908
4.17908
2.35344
2.35344
2.35344
3.58883
5.58143
5.58143
5.58143
7.78348
7.78348
7.78348
8.70112
8.70112
7.41284
5.50884
3.34996
2.51458
4.29946
5.02897
5.02897
5.02897
5.6938
4.78185
4.78185
3.84623
3.84623
3.84623
3.84623
3.84623
3.84623
3.84623
3.84623
3.84623
1.78254
1.98504
0.65872
0.65872
-1.70928
0.918163
-1.78103
-1.78103
-1.78103
-1.78103
-3.55557
-5.90741
-5.23651
-3.05281
-3.97641
-3.97641
-3.6308
-3.6308
-3.6308
-3.6308
-1.22081
-2.69948
-2.69948
-2.69948
-3.18303
-3.18303
-3.18303
-1.89973
-3.18586
-3.18586
-2.04895
-2.04895
-2.04895
-3.62728
-5.44316
-3.22602
-3.22602
-3.79766
-1.51102
-3.99669
-1.56752
-1.56752
-3.36551
-3.36551
-1.31474
-2.42855
-2.42855
-2.42855
-2.19374
-2.19374
-3.21072
-4.57123
-4.57123
-4.57123
-4.57123
-3.32481
-3.32481
-2.35791
-2.35791
-2.31111
-2.31111
-2.31111
-2.31111
-4.18852
-2.22348
-2.22348
-2.22348
-2.22348
-2.22348
-2.46664
-2.46664
-2.46664
-2.46664
-2.46664
-2.46664
-4.60047
-3.6946
-3.6946
-3.6946
-3.6946
-3.6946
-3.6946
-3.6946
-5.46706
-6.01188
-6.01188
-4.73816
-4.73816
-4.92165
-4.92165
-4.92165
-6.42709
-5.43908
-6.57468
-6.69426
-4.17793
-4.17793
-1.52459
-1.13925
-1.13925
-1.13925
-2.85539
-2.85539
-3.56816
-4.73372
-4.73372
-2.26989
-2.26989
-4.62283
-2.05705
-1.77176
-1.77176
-4.39589
-3.16168
-3.16168
-3.16168
-3.16168
-3.16168
-4.32568
-5.19126
-5.44326
-7.10257
-7.10257
-7.10257
-5.85325
-7.60856
-5.92992
-4.61249
-6.86681
-5.10939
-3.59816
-6.05074
-7.47416
-7.47416
-9.21256
-7.11199
-7.11199
-7.11199
-7.11199
-4.61374
-4.61374
-2.82609
-2.82609
-2.82609
-1.22398
-2.7145
-2.7145
-2.7145
-4.1728
-3.86181
-3.86181
-2.70832
-3.71112
-3.71112
-3.41656
-3.41656
-5.61531
-3.41296
-2.35376
-1.79619
-1.79619
-1.79619
-3.24819
-3.24819
-1.85958
-1.85958
-4.31192
-4.48993
-5.20736
-3.08278
-3.08278
-3.08278
-2.79674
-2.5043
-2.5043
-2.5043
-2.5043
-2.5043
-2.5043
-3.06268
-3.06268
-3.06268
-3.06268
-3.06268
-3.06268
-2.23467
-3.15944
-2.82156
-2.82156
-2.82156
-2.82156
-2.82156
-2.82156
-3.02658
-5.16449
-6.86009
-6.86009
-6.86009
-6.86009
-6.86009
-6.86009
-6.39883
-3.71955
-5.06179
-3.77595
-3.77595
-3.77595
-2.76729
-2.76729
-2.76729
-4.79999
-2.9057
-2.34429
-2.34429
-2.34429
-0.330083
-2.11703
-2.11703
-2.11703
-3.18982
-4.11393
-4.60188
-4.24434
-4.24434
-4.38825
-6.68604
-8.20459
-8.20459
-8.20459
-8.20459
-8.20459
-8.53997
-6.39927
-8.70313
-7.96499
-6.87168
-4.57704
-4.57704
-5.03532
-5.39094
-6.2881
-3.90267
-1.92829
-1.92829
-1.92829
-1.92829
-1.92829
-1.92829
-1.92829
-1.74745
-4.43634
-2.79931
-4.06249
-3.46789
-2.87365
-2.87365
-2.87365
-2.87365
-2.87365
-2.87365
-2.87365
-5.54449
-3.87252
-3.87252
-6.28305
-6.57981
-6.57981
-6.57981
-5.11806
-3.84468
-3.84468
-1.83174
-3.30941
-1.74015
-1.74015
-1.74015
-1.74015
-1.74015
-1.74015
-1.74015
-3.78152
-3.78152
-3.78152
-3.78152
-3.66553
-3.66553
-3.71771
-3.71771
-3.71771
-5.13871
-5.13871
-5.13871
-7.74942
-7.74942
-7.74942
-7.76492
-7.76492
-5.66485
-5.66485
-5.66485
-5.66485
-5.66485
-5.26292
-2.63875
-2.63875
-2.63875
-2.63875
-2.63875
-4.96752
-4.96752
-4.97463
-4.97463
-4.97463
-4.97463
-4.97463
-3.04741
-4.84823
-4.84823
-4.84823
-4.84823
-4.93031
-4.93031
-3.09396
-0.977396
0.850282
2.47771
4.46932
4.46932
3.24658
1.09966
1.02855
2.28286
4.74581
4.74581
4.86457
4.86457
3.02992
1.84838
1.84838
1.84838
1.84838
3.34126
3.34126
5.30366
2.99782
2.99782
5.19339
2.75469
2.75469
2.75469
4.30094
4.23344
6.15014
7.84976
7.84976
5.60722
5.60722
3.47572
4.06783
3.4214
3.4214
3.4214
3.4214
3.4214
3.4214
3.4214
5.10472
5.10472
6.7834
6.7834
6.7834
6.7834
8.14432
8.14432
7.79119
7.0697
4.7557
5.00117
3.77994
3.77994
3.77994
3.77994
3.77994
3.77994
3.77994
5.13097
6.24554
4.65834
4.48402
4.48402
1.86591
2.3698
1.37141
3.97584
3.97584
3.97584
6.17211
3.97379
2.86477
2.86477
0.732677
-1.66751
-1.66751
-1.66751
-1.66751
-3.89604
-3.89604
-1.44192
-1.44192
-2.50725
-2.50725
-2.50725
-2.50725
-2.50725
-2.50725
-2.50725
-0.2528
0.767959
-0.964063
-0.964063
1.05893
1.05893
2.35307
2.35307
2.24587
2.24587
2.24587
2.24587
2.24587
2.39249
2.39249
2.39249
2.39249
2.39249
1.61119
-1.03262
1.32417
3.59233
3.36891
1.41493
1.5093
2.44931
2.44931
1.15966
3.6618
3.6618
5.53979
3.9345
1.42104
1.43063
3.49457
3.49457
1.94545
1.94545
1.94545
1.94545
1.94545
1.94545
1.65239
2.72446
1.4669
3.24212
3.24212
3.24212
3.24212
3.24212
3.24212
3.24212
3.24212
3.24212
3.24212
1.85326
1.85326
1.85326
1.85326
3.38045
3.38045
3.38045
3.38045
3.38045
4.45598
4.45598
6.62129
5.86649
5.86649
3.76163
2.47375
2.47375
2.47375
2.47375
2.47375
2.47375
0.415949
0.964225
0.964225
1.28454
1.28454
3.73671
3.73671
1.34567
1.34567
1.34567
3.69044
3.69044
1.82259
1.82259
1.82259
1.82259
2.80595
2.80595
2.80595
4.46464
4.68674
7.35216
5.36376
3.40191
0.917762
2.91094
2.91094
2.91094
3.45813
3.6513
3.6513
4.96345
4.96345
3.48799
3.48799
5.19963
5.19963
5.19963
5.32541
5.32541
3.54002
3.54002
3.54002
3.96128
6.4531
4.5801
3.02814
3.02814
3.02814
3.02814
1.83019
1.83019
1.83019
1.83019
1.83019
3.53899
3.53899
3.17996
3.63439
3.63439
1.12169
-1.57817
0.721043
0.721043
-1.40965
-1.40965
0.710461
0.710461
0.710461
2.57211
4.82713
3.65518
0.957296
-1.04163
-1.04163
-2.99763
-0.567975
-2.93129
-3.43241
-0.898318
-1.95579
-1.95579
-1.95579
-1.95579
-1.95579
-3.44554
-1.01201
-1.25263
-1.25263
-1.25263
1.41311
1.41311
1.41311
2.6282
2.6282
2.6282
2.6282
4.63946
4.63946
3.63757
3.63757
3.19865
3.19865
3.19865
1.18059
3.30894
3.30894
5.94033
5.94033
6.14425
4.54118
3.60744
3.02373
3.02373
3.60214
3.60214
3.60214
3.60214
3.60214
2.41243
2.41243
2.41243
2.41243
1.46261
1.46261
1.46261
1.57615
3.56376
2.91676
2.91676
3.29551
3.29551
3.29551
3.57081
3.0599
4.71462
3.1823
3.1823
3.1823
2.61455
3.75278
2.81239
2.81239
4.22893
4.22893
1.5938
1.75957
1.75957
1.75957
1.75957
1.75957
2.37384
3.44326
3.71538
3.80881
3.80881
6.35179
5.39149
6.21018
5.91861
3.28099
3.28099
0.858189
2.14913
2.14913
2.14913
2.14913
2.14913
2.14913
4.671
4.671
6.2733
6.2733
6.81499
5.69691
5.69691
3.66006
3.95056
3.95056
3.95056
6.28284
6.28284
4.36197
1.69777
1.69777
1.69777
3.47133
1.91227
1.91227
1.91227
1.91227
1.91227
1.91227
1.91227
1.91227
1.89403
1.89403
1.89403
1.89403
0.370842
-1.26156
-1.915
-1.915
0.725915
0.725915
0.725915
-1.53467
-1.53467
-1.53467
-1.53467
-4.02841
-4.02841
-4.02841
-2.7026
-3.8057
-3.8057
-3.00187
-3.00187
-3.00187
-3.57702
-5.24783
-5.24783
-5.24783
-5.24783
-5.79567
-4.17589
-4.8961
-4.8961
-4.8961
-3.28894
-3.28894
-3.28894
-2.45551
-2.45551
-2.45551
-2.45551
-2.45551
-2.45551
-4.64392
-6.67725
-6.33468
-5.83949
-5.83949
-3.41077
-3.41077
-3.41077
-3.41077
-3.05296
-2.96502
-2.96502
-2.96502
-2.96502
-2.96502
-0.833201
1.34286
1.34286
1.34286
1.34286
1.34286
2.39721
2.39721
2.39721
2.39721
3.49123
0.923939
2.25102
4.48698
4.48698
4.48698
4.48698
4.48698
1.90753
1.90753
1.90753
1.90753
2.87497
2.87497
2.87497
4.58662
3.67487
3.67487
3.67487
3.67487
3.67487
3.67487
3.67487
3.67487
3.67487
2.26543
2.26543
2.80395
2.80395
0.835937
0.835937
0.835937
1.44944
1.44944
-0.517928
-2.85399
-2.85399
-2.85399
-2.85399
-2.85399
-2.85399
-2.85399
-2.85399
-2.85399
-2.85399
-2.85399
-2.9894
-2.9894
-2.25822
-2.25822
-2.25822
-2.25822
-0.846258
-0.846258
-0.846258
1.65727
1.65727
1.65727
1.65727
1.65727
1.65727
3.28935
3.68322
3.68322
3.68322
1.69693
1.69693
3.61357
4.94165
4.94165
4.94165
4.94165
2.85126
2.85126
2.85126
2.85126
2.99116
2.99116
2.99116
1.28942
1.28942
3.05049
1.18847
1.9535
2.09388
2.09388
2.09388
2.09388
2.09388
3.8438
3.8438
3.2452
3.2452
3.2452
3.2452
3.2452
3.2452
3.2452
1.13228
3.79499
3.79499
3.79499
2.27675
3.90526
3.90526
3.90526
3.90526
3.90526
3.90526
5.95787
5.31361
5.31361
6.43933
5.19033
3.26164
5.21529
7.52613
5.38852
5.38852
5.38852
6.33966
6.25033
6.25033
6.25033
4.28547
4.44531
5.75797
7.9871
7.44481
7.44481
9.39307
9.73425
9.73425
9.73425
11.9678
11.9678
12.712
12.2061
11.5364
11.5364
10.6934
8.24633
7.23556
4.53605
2.37636
2.37636
2.37636
1.10287
2.87118
3.07601
4.67984
4.67984
5.61257
5.61257
5.61257
6.7751
5.62454
5.62454
5.95792
5.85228
5.85228
5.85228
5.85846
6.74786
6.74786
4.21284
1.53529
1.53529
1.53529
3.94102
3.94102
3.94102
5.65159
3.16959
2.54342
4.10822
4.10822
6.50771
4.92235
2.40386
2.40386
2.40386
1.66571
1.66571
1.66571
1.66571
4.19388
4.19388
1.95028
1.95028
1.95028
2.42891
2.42891
3.81912
3.81912
3.81912
3.94405
4.24891
2.16301
2.16301
1.24788
3.87771
3.19592
3.19592
4.78821
2.27262
3.15264
4.05058
5.41716
4.03761
4.03761
4.03761
3.58557
3.58557
4.04781
4.6719
5.15258
5.15258
5.15258
5.15258
5.15258
5.15258
5.72403
3.99138
3.99138
4.58906
4.52341
2.07127
2.07127
2.07127
1.83927
3.26341
3.71471
4.12672
4.12672
4.12672
4.12672
4.12672
4.12672
1.74132
-0.399829
-0.399829
-0.399829
-0.399829
-1.05385
-3.61491
-4.87735
-4.87735
-4.51863
-4.15356
-2.09258
-3.5666
-3.5666
-4.88634
-4.88634
-6.40539
-4.27447
-4.24724
-4.24724
-3.63301
-3.63301
-1.94281
-3.87283
-4.40617
-5.28743
-5.50082
-5.50082
-5.50082
-4.45298
-4.45298
-4.45298
-6.26035
-6.26035
-7.96817
-6.38403
-6.40448
-4.7702
-4.94919
-5.26233
-4.00426
-2.63599
-2.63599
-3.77994
-3.77994
-6.4042
-7.62256
-6.46262
-6.46262
-4.72206
-4.72206
-6.12206
-8.05511
-5.81386
-4.40248
-3.80372
-1.72037
-1.92644
-1.92644
-1.92644
-1.92644
-3.66884
-1.49542
-1.49542
-1.49542
-1.49542
-1.49542
-2.42369
-2.42369
-2.34116
-2.34116
-2.34116
-3.39635
-3.39635
-3.39635
-4.81025
-4.81025
-4.81025
-4.81025
-4.81025
-4.81025
-4.81025
-5.03698
-4.8645
-4.8645
-5.67839
-5.67839
-3.20728
-4.38866
-4.88205
-6.80485
-6.46732
-7.80975
-8.24544
-6.92625
-6.5102
-8.40587
-6.13114
-5.91
-5.91
-5.79832
-5.79832
-6.07789
-6.29115
-3.64893
-3.64893
-3.64893
-4.82999
-3.51946
-5.59852
-5.59852
-4.23699
-2.67641
-2.67641
-2.67641
-2.67641
-2.67641
-2.67641
-2.67641
-2.67641
-2.67641
-2.67641
-2.67641
-2.67641
-2.67641
-2.67641
-2.67641
-2.67641
-2.67641
-2.67641
-2.67641
-2.67641
-2.67641
-2.67641
-2.67641
-3.76497
-1.39374
-2.88953
-5.19314
-5.19314
-5.19314
-5.19314
-5.50264
-3.20044
-4.08745
-4.08745
-4.08745
-3.61594
-3.61594
-3.61594
-3.67326
-2.30365
-0.832689
-0.832689
-3.00583
-3.954
-5.9901
-3.94886
-1.70793
-3.09177
-3.09177
-3.09177
-3.09177
-3.09177
-3.12935
-4.32215
-4.55227
-3.57871
-3.57871
-3.57871
-4.44698
-2.06234
-2.06234
-4.6932
-4.6932
-3.13842
-2.96543
-2.96543
-2.96543
-1.76218
-1.76218
-1.76218
-2.09335
-2.09335
-2.09335
-2.09335
-2.05001
-3.50636
-3.50636
-3.50636
-3.02365
-1.84187
-3.61079
-3.61079
-3.61079
-3.61079
-3.61079
-3.61079
-3.61079
-2.93161
-4.1715
-6.34681
-6.34681
-6.34681
-4.45996
-4.45996
-4.45996
-4.45996
-4.45996
-4.45996
-5.5362
-5.5362
-3.76643
-3.76643
-3.76643
-3.76643
-5.90416
-5.90416
-7.28157
-7.28157
-7.28157
-8.72829
-8.30395
-10.7694
-8.46649
-9.35175
-7.02307
-5.04645
-6.93366
-6.93366
-6.95833
-6.95833
-7.1637
-6.47227
-7.50555
-7.50555
-4.98568
-3.97244
-4.20342
-2.14057
-4.5702
-4.53088
-4.53088
-3.89693
-3.89693
-2.3745
-2.3745
-2.3745
-4.96123
-3.29809
-1.47318
-3.38091
-5.07393
-2.88335
-2.88335
-2.88335
-2.88335
-2.88335
-5.55131
-3.17535
-3.17535
-1.57688
-1.57688
-3.26619
-1.05413
1.40518
1.40518
1.40518
1.40518
1.40518
1.40518
3.5002
3.5002
3.5002
3.43469
3.43469
5.87002
3.81436
3.81436
3.51469
3.51469
5.59852
4.11034
2.78523
3.32586
2.23961
4.83983
6.08039
6.08039
5.31452
5.31452
5.90889
4.41699
4.41699
1.72732
1.16177
2.2743
2.2743
2.2743
1.65342
1.65342
3.35414
3.35414
3.35414
3.35414
3.35414
3.35414
3.35414
2.75964
2.75964
3.06384
1.1729
-1.50075
-1.50075
-3.50817
-5.60678
-5.60678
-4.74856
-7.25843
-5.52821
-5.64854
-8.03517
-8.03517
-9.1898
-9.1898
-9.1898
-10.9182
-8.67619
-8.67619
-8.3354
-9.10691
-9.40359
-7.26761
-7.26761
-5.0913
-2.98239
-2.98239
-2.98239
-2.98239
-3.00555
-3.00555
-3.00555
-3.00555
-1.97259
-4.62016
-1.98111
-2.79834
-2.79834
-5.29905
-3.41558
-1.09445
-3.48399
-0.853297
-2.30226
-4.87768
-4.87768
-5.96866
-4.41578
-4.41578
-4.09029
-4.38848
-2.6344
-2.6344
-4.91407
-3.86681
-5.19847
-5.19847
-5.19847
-3.40654
-3.40654
-4.06075
-5.56015
-3.38359
-3.38359
-3.43119
-3.43119
-3.43119
-2.09781
-2.09781
-2.09781
-2.09781
-2.09781
-4.51686
-4.50496
-3.70756
-4.44236
-4.44236
-5.00508
-2.41926
-2.41926
-2.46254
-2.46254
-2.46254
-2.46254
-2.46254
-2.46254
-5.08745
-5.08745
-3.15886
-3.15886
-3.15886
-4.17343
-2.12307
-4.63012
-3.72159
-3.72159
-3.72159
-5.37907
-5.37907
-5.39913
-4.96789
-5.12414
-3.58249
-6.10377
-3.55754
-3.55754
-1.61047
-1.61047
-1.61047
-1.61047
-2.31802
-2.31802
-2.31802
-3.98321
-4.9896
-2.50472
-2.50472
-2.05545
-2.12942
-1.54596
0.605819
0.605819
2.92389
1.23941
1.97887
1.97887
1.97887
1.97887
1.22482
1.57081
3.55904
3.55904
3.1615
5.26726
5.26726
5.24651
5.24651
4.49508
4.49508
4.49508
2.45027
3.42608
3.42608
3.42608
3.23792
3.23792
4.92369
4.29977
2.6657
2.6657
2.6657
2.6657
2.6657
2.6657
2.6657
2.41576
2.41576
2.41576
3.3028
3.3028
3.3028
3.3028
2.10094
4.63305
4.63305
4.63305
2.84878
2.84878
2.84878
5.24944
5.24944
6.63283
5.40698
3.93216
5.80994
5.80994
5.80994
4.41399
1.95325
4.20785
4.20785
2.68955
2.68955
1.7266
3.89077
4.27583
4.27583
4.91671
7.0046
7.0046
5.39365
6.3598
3.95996
3.95996
6.37076
6.37076
6.37076
4.87536
2.30445
-0.367608
-0.589048
-2.48746
-3.43813
-1.80294
-1.80294
-3.45881
-3.45881
-3.45881
-3.45881
-3.45881
-1.44481
-1.44481
-3.83824
-2.69041
-2.04549
-2.04549
-2.04549
-0.950266
-0.950266
-2.75725
-2.75725
-1.48356
-2.69597
-2.01913
-2.01913
-2.01913
-2.01913
-1.4041
-1.4041
-1.4041
-1.4041
-1.4041
-3.19832
-1.83167
-3.95577
-1.77356
-1.77356
-2.76582
-2.76582
-3.25773
-3.25773
-3.25773
-3.25773
-2.21978
-4.71897
-4.71897
-3.50536
-2.05831
-2.05831
-2.05831
-2.97293
-2.97293
-2.97293
-2.12616
-3.18622
-4.27244
-4.71012
-2.5693
-2.5693
-4.63566
-4.63566
-4.63566
-5.10841
-5.10841
-5.10841
-5.10841
-5.10841
-7.46042
-7.46042
-7.53644
-7.53644
-7.53644
-7.53644
-5.00512
-4.44454
-3.60396
-3.60396
-3.99978
-3.99978
-3.99978
-1.97644
-1.97644
-1.97644
-1.97644
-3.73161
-3.73161
-3.73161
-4.79614
-3.06396
-3.06396
-4.06148
-4.06148
-4.06148
-2.93732
-1.20181
-3.47322
-3.47322
-3.47322
-3.47322
-2.09718
-2.59082
-2.59082
-2.59082
-2.59082
-1.47498
-1.47498
-1.47498
-1.47498
-0.492956
-0.492956
-0.492956
-0.456527
-0.981653
-2.11384
-2.11384
-2.11384
-2.11384
-2.88473
-5.44941
-4.41485
-4.41485
-4.41485
-4.41485
-4.94514
-4.94514
-3.3311
-2.99688
-3.772
-3.772
-3.772
-3.772
-5.24662
-5.24662
-3.24364
-3.44434
-3.78724
-3.33864
-4.73368
-3.92803
-6.10735
-4.38633
-4.38633
-4.38633
-4.00126
-4.00126
-4.00126
-3.54363
-1.673
-0.872065
-0.872065
-2.78772
-3.8657
-2.11342
-0.718369
-0.622588
1.28515
3.4993
3.4993
2.81564
2.86743
4.52068
4.62417
4.62417
4.62417
7.13484
7.13484
5.22774
5.22774
3.06529
3.06529
3.92928
3.92928
5.40853
5.40853
6.75467
6.75467
5.40902
4.96395
4.96395
2.63496
1.25738
2.10146
0.939589
3.38147
3.38147
3.38147
3.38147
3.38147
1.42753
1.42753
-1.11639
-1.11639
-1.32138
-1.76205
-1.76205
-1.76205
-1.17498
-1.17498
-1.17498
-1.17498
-1.17498
-1.17498
-1.17498
-3.25193
-3.25193
-3.25193
-3.25193
-3.25193
-3.25193
-3.25193
-1.94732
-3.22186
-4.27411
-3.20402
-5.16882
-4.33313
-3.16523
-4.77519
-3.1239
-3.1239
-3.1239
-3.1239
-3.1239
-4.32412
-2.16368
-2.21692
-2.21692
-2.21692
-2.01351
-2.01351
-2.01351
-4.16224
-3.91403
-1.44923
-1.44923
-2.64512
-2.64512
-2.9646
-2.72173
-2.72173
-2.79584
-2.79584
-4.00706
-2.26303
-2.26303
-1.87131
-2.75668
-2.75668
-2.75668
-1.58634
-2.51628
-3.13162
-3.13162
-3.62655
-3.69297
-3.43863
-3.43863
-3.83277
-3.82208
-3.82208
-3.00593
-2.5059
-1.9092
-3.77689
-2.50823
-1.22178
-1.22178
-2.14762
-2.65061
-2.65061
-1.3458
-1.3458
-1.3458
-1.3458
-2.80716
-4.23297
-4.23297
-4.68691
-4.91139
-4.91139
-4.91139
-4.91139
-5.39509
-5.39509
-5.15083
-5.15083
-6.55373
-6.55373
-5.00704
-5.00704
-5.00917
-3.73154
-1.28149
-2.82551
-5.26843
-5.01085
-7.18673
-7.0273
-7.0273
-8.49419
-5.81934
-5.99789
-6.09692
-5.05848
-6.67148
-5.11468
-6.00879
-5.70224
-5.70224
-3.29823
-3.29823
-3.02898
-1.98505
-1.41549
-1.41549
-1.41549
-1.41549
-3.5444
-3.5444
-3.5444
-3.5444
-3.5444
-3.5444
-4.69683
-4.69683
-5.3152
-2.6312
-3.25136
-5.16269
-5.16269
-5.16269
-4.09114
-4.09114
-2.05477
-2.05477
-2.5568
-3.55359
-5.31366
-7.59951
-7.59951
-7.59951
-7.59951
-6.90839
-8.30583
-8.30583
-6.07583
-3.81622
-4.23402
-1.75368
-4.28589
-4.28589
-6.68257
-4.873
-4.873
-4.873
-4.873
-4.04523
-5.72749
-3.39308
-3.39308
-3.39308
-2.1758
-2.1758
-2.1758
-4.02424
-2.54053
-2.54053
-4.00012
-4.00012
-4.97586
-2.70616
-2.70616
-2.70616
-2.70616
-2.70616
-2.70616
-2.66797
-2.22033
-2.40651
-2.40651
-2.40651
-2.40651
-4.43051
-4.69891
-4.52673
-2.73212
-2.73212
-2.73212
-0.737976
-1.67958
-1.67958
-1.67958
-1.67958
-1.67958
-1.67958
-1.90542
-2.49251
-4.86035
-5.06022
-7.08235
-5.32285
-4.77601
-6.39497
-6.39497
-8.72627
-9.03531
-6.59956
-9.07867
-9.07867
-9.62143
-7.26232
-6.22505
-6.22505
-5.13587
-5.13587
-5.13587
-5.13587
-5.85722
-4.2872
-5.20821
-5.20821
-7.46194
-7.46194
-7.46194
-7.46194
-5.24676
-4.41514
-4.41514
-5.35206
-5.35206
-3.08194
-3.08194
-4.24337
-2.34063
-4.76248
-4.76248
-4.58563
-3.68557
-3.68557
-3.68557
-3.68557
-3.68557
-3.68557
-3.68557
-3.68557
-6.10166
-6.10166
-3.5446
-3.5446
-3.88203
-2.73646
-2.73646
-2.73758
-2.73758
-2.73758
-2.73758
-2.73758
-2.73758
-2.73758
-2.73758
-1.3791
-2.07517
-2.07517
-2.07517
-1.36547
-1.36547
-1.36547
-1.70954
-1.70954
-1.70954
-4.16569
-4.16569
-4.16569
-3.55454
-2.86248
-2.86248
-2.23633
-2.23633
-4.88431
-4.88431
-4.88431
-4.88431
-6.6389
-4.82669
-3.13208
-3.13208
-3.13208
-3.13208
-3.13208
-2.26282
-2.26282
-3.21895
-3.21895
-2.57518
-2.57518
-2.57518
-0.793446
-0.793446
-1.28182
-1.28182
-3.09545
-3.09545
-0.497371
-1.84736
-1.84736
-4.23981
-4.23981
-4.23981
-4.23981
-6.12023
-4.09078
-4.09078
-5.9362
-5.9362
-5.9362
-5.47598
-4.42924
-2.67189
-2.24155
-4.00814
-5.37182
-3.3962
-3.3962
-5.14745
-2.5278
-2.23691
-1.75745
-4.29851
-2.57949
-2.57949
-2.57949
-2.57949
-2.57949
-1.19895
-1.19895
1.07891
-1.012
-3.48071
-3.21437
-3.73504
-3.7226
-2.53526
-3.522
-3.522
-3.522
-2.01343
-2.01343
-2.96353
-2.96353
-2.96353
-2.96353
-2.96353
-2.96353
-2.96353
-2.96353
-2.96353
-3.66337
-3.66337
-2.43407
-2.43407
-2.148
-0.602035
-2.29996
-2.29996
-2.29996
-2.29996
-1.81456
0.731021
3.29169
1.94195
1.94195
3.55594
5.16909
5.16909
5.16909
5.62205
5.62205
5.62205
5.62205
5.62205
4.8446
5.29966
5.91943
5.91943
5.91943
5.91943
8.4486
7.5497
7.5497
7.5497
7.5497
7.5497
7.5497
7.5497
7.64089
7.64089
7.64089
8.40288
5.72315
4.30815
4.30815
4.30815
4.30815
6.42388
6.42388
4.602
4.06094
4.06094
4.06094
4.39815
4.39815
4.39815
4.39815
4.39815
5.06725
5.06725
5.06725
5.06725
5.06725
5.06725
3.78361
3.78361
2.62843
3.02271
3.02271
2.31631
2.31631
2.31631
3.37479
3.37479
3.10464
2.08142
1.74514
2.37939
2.37939
2.37939
1.79348
2.39716
2.39716
2.39716
2.87431
2.56045
4.33815
4.33815
2.55061
4.69678
4.69678
4.69678
3.00195
3.04077
3.04077
4.23149
5.90224
3.81337
3.08603
3.08603
3.6343
3.6343
3.6343
2.13139
2.13139
2.13139
2.13139
3.37672
3.37672
3.37672
3.37672
3.37672
3.37672
1.88871
3.98301
3.98301
5.29177
5.29177
4.79874
4.79874
4.84959
4.62669
4.62669
2.28881
2.28881
2.28881
2.28881
2.28881
0.964142
2.62717
2.62717
1.88102
1.88102
3.16327
3.16327
4.59972
4.59972
4.59972
4.59972
2.53312
2.53312
2.53312
1.03274
1.03274
1.80572
1.80572
3.53287
3.53287
3.53287
3.53287
3.61899
5.34105
6.18887
5.07413
5.52686
5.52686
3.20322
4.70752
5.08297
5.08297
5.08297
2.88529
3.46806
3.46806
3.90241
3.90241
4.91185
4.91185
3.23667
5.72025
6.15431
6.64093
8.22579
8.70758
8.70758
8.86785
8.86785
9.61945
10.8307
10.8307
10.8307
10.0234
9.03033
9.03033
8.64046
8.24759
8.26199
9.04492
9.04492
9.04492
9.68867
8.57127
9.05905
9.05905
9.05905
9.05905
6.57719
4.41652
4.41652
3.50625
3.50625
3.50625
3.50625
1.29359
-0.627054
-0.627054
-2.02962
-4.7291
-4.24424
-6.27336
-6.27336
-6.32771
-6.8215
-8.60843
-10.4159
-11.2406
-11.2406
-9.06661
-7.49505
-7.49505
-7.06566
-6.34965
-4.42503
-4.42503
-2.27737
-2.93225
-2.93225
-2.93225
-2.93225
-3.99894
-3.99894
-1.61872
0.730628
-1.47263
-3.87577
-3.87577
-5.43078
-2.92267
-2.92267
-2.92267
-3.74905
-4.16241
-4.16241
-3.74722
-4.87574
-6.06878
-6.06878
-6.06878
-3.68542
-4.83911
-4.83911
-4.83911
-2.17329
-1.65221
-1.65221
-2.61287
-2.61287
-2.61287
-3.88396
-2.40348
-2.40348
-1.9528
-0.620161
-0.620161
-3.08617
-3.08617
-1.27642
-1.27642
-1.27642
-1.27642
-1.27642
-1.27642
-2.96483
-2.96483
-1.2226
-3.50555
-2.90129
-2.95344
-2.95344
-2.95344
-2.4736
-2.03428
-2.03428
-1.04349
-1.04349
-3.09496
-3.09496
-3.21683
-0.700433
-2.70618
-1.65349
-1.65349
-1.65349
-1.14298
-1.14298
0.432749
2.7256
5.0226
4.53751
4.53751
5.32626
5.32626
3.69938
3.69938
3.30647
4.95362
5.04179
3.07658
3.07658
3.07658
3.07658
3.07658
3.07658
3.07658
3.07658
3.07658
1.0051
1.0051
2.74018
2.74018
3.05833
3.05833
1.79942
4.01939
2.81911
2.81911
4.46459
2.79979
1.62622
1.62622
1.62622
1.52572
1.42361
2.32548
2.32548
3.11139
3.11139
3.11139
1.45762
1.45762
1.29421
3.63653
3.63653
3.63653
5.89158
8.36317
8.36317
5.85887
3.25237
3.25237
5.49227
5.49227
5.49227
5.49227
5.49227
3.37722
5.43135
3.80456
5.4719
3.73986
6.17915
3.81403
3.81403
3.81403
3.25998
2.4628
4.871
4.871
4.871
4.871
2.70674
2.70674
2.70674
1.93798
1.93798
1.93798
3.28228
3.28228
2.8509
2.8509
1.83488
1.83488
1.83488
1.83488
1.77642
1.77642
1.77642
1.77642
4.20689
4.78445
5.28997
4.17265
6.47283
7.24315
5.99231
5.57899
5.57899
4.1348
4.1348
2.53124
4.28183
4.35602
5.81501
3.65603
3.65603
3.65603
3.11811
2.07356
1.70591
2.10918
2.10918
3.39066
4.99065
6.30359
7.35336
7.35336
5.24623
4.07312
4.16718
2.67734
2.67734
2.67734
2.67734
2.67734
2.67734
2.67734
4.77262
6.00601
6.00601
5.46571
5.81323
5.81323
5.89205
5.69393
5.69393
8.05228
7.82015
7.5105
6.2833
6.65076
4.15977
4.15977
1.54639
1.54639
3.17758
5.42515
5.42515
5.42515
7.69311
6.36231
7.3565
4.72848
3.589
1.47186
3.54352
3.60367
3.60367
3.60367
3.60367
4.29938
4.29938
4.29938
1.88628
4.3304
2.05069
2.91957
2.91957
2.91957
2.83673
2.83673
2.83673
2.83673
2.83673
2.83673
2.83673
2.83673
2.92505
2.92505
5.3946
3.32383
2.85472
2.85472
2.85472
2.85472
2.85472
3.59111
5.07523
4.31167
4.31167
2.37037
2.90638
3.55796
3.55796
3.86079
3.86079
1.34942
3.30253
3.30253
1.96212
1.96212
1.96212
1.96212
1.96212
4.17842
6.28848
6.55984
7.32037
7.32037
7.32037
8.93897
7.74838
7.74838
5.73381
5.73381
3.41897
1.23575
-1.17886
-3.48353
-2.56616
-3.97955
-5.26178
-5.26178
-5.26178
-3.01434
-1.49926
0.985044
0.985044
1.30202
1.30202
1.30202
3.61161
0.934946
2.89445
2.89445
2.89445
3.7636
5.42686
7.88052
7.88052
7.09921
9.29125
7.25782
5.28137
3.26968
1.1226
1.1226
0.767225
-1.61574
-2.69135
-1.65906
-1.65906
-1.65906
-3.96681
-4.08913
-4.08913
-4.2233
-4.2233
-4.2233
-4.2233
-4.2233
-4.2233
-4.2233
-1.7889
-1.7889
-1.79176
-1.79176
-1.79176
-1.79176
-1.79176
-1.79176
-1.79176
-1.79176
0.476832
2.862
4.47168
1.80187
0.834464
-1.10267
-1.10267
-2.6852
-4.84657
-4.84657
-2.23354
-4.75168
-2.53534
-2.53534
-1.16888
-1.16888
-2.43942
-2.43942
-2.43942
-2.04312
-2.04312
-1.81539
-1.81539
-4.08095
-6.2016
-6.2016
-6.2016
-5.14702
-6.34803
-4.61891
-5.00535
-3.58489
-3.58489
-2.46459
-2.46459
-2.46459
-2.46459
-2.46459
-3.57425
-2.46682
-2.29233
-2.29233
-2.29233
-2.29233
-4.38938
-4.23121
-3.98627
-1.62418
-1.62418
-1.62418
-1.62418
-1.40924
-1.40924
-1.96199
-1.96199
-1.96199
-1.96199
-0.615774
0.894802
0.894802
-1.19842
1.13583
1.13583
1.13583
1.98312
3.60965
2.65892
3.7466
3.7466
2.3951
2.3951
3.03391
3.03391
4.42959
4.42959
4.42959
4.42959
6.17578
6.17578
7.1727
5.04433
5.86447
5.86447
5.86447
3.61977
3.61977
3.45116
3.00001
2.5195
2.5195
2.5195
3.40639
3.40639
3.40639
5.67845
6.1797
4.63942
3.47366
4.55428
6.64598
6.64598
7.27026
9.13976
9.13976
9.3734
7.61293
8.6114
7.34985
4.75437
4.75437
4.75437
4.75437
4.75437
4.179
4.76871
3.13131
3.13131
1.88033
3.05343
3.05343
2.73542
2.73542
2.73542
2.73542
2.73542
1.35958
1.35958
1.20813
2.90655
3.70842
3.70842
2.54798
3.10778
1.84944
1.14247
-1.46718
-2.81362
-2.81362
-2.81362
-2.81362
-2.81362
-2.81362
-2.66592
-3.79685
-2.62651
-3.03356
-4.95717
-4.95717
-5.08526
-5.20702
-5.20702
-3.78734
-3.57058
-3.57058
-3.57058
-3.57058
-1.14842
-1.14842
-1.95526
-1.95526
-4.19953
-3.27889
-3.27889
-2.85361
-2.85361
-2.85361
-1.38211
-1.38211
-1.38211
-1.38211
-1.38211
-2.38493
-2.38493
-3.53429
-3.53429
-2.15952
-2.15952
-2.15952
-2.15952
-3.00105
-2.62301
-2.62301
-1.53903
-3.12244
-3.12244
-3.12244
-0.895265
-3.31162
-1.56731
-1.56731
-1.56731
-1.56731
-2.75225
-2.75225
-2.75225
-2.75225
-2.75225
-2.75225
-2.75225
-2.75225
-3.87871
-3.87871
-5.9066
-5.51101
-5.51101
-6.91326
-6.91326
-6.04767
-6.04767
-6.04767
-6.47843
-6.47843
-4.73616
-4.73616
-5.24633
-5.24633
-4.51323
-3.33945
-3.33945
-3.33945
-4.83411
-5.06383
-5.06383
-3.88422
-3.88422
-1.22563
-1.82869
-1.82869
-1.82869
-0.615236
-1.64369
-4.10961
-6.79393
-5.02673
-5.02673
-2.76829
-2.76829
-5.05463
-7.20651
-7.20651
-7.44976
-5.46036
-3.28675
-2.34442
-2.34442
-2.34442
-2.34442
-2.34442
-2.34442
-4.66812
-6.71125
-5.42829
-5.42829
-5.42829
-6.80795
-6.80795
-5.82675
-6.74608
-5.98816
-7.43881
-7.43881
-7.43881
-7.43881
-7.43881
-9.78015
-9.78015
-9.78015
-10.5387
-8.84843
-9.12993
-9.12993
-9.12993
-9.39116
-9.39116
-9.94866
-11.9851
-13.8888
-13.8888
-14.5371
-14.5371
-14.4932
-15.2744
-13.7097
-11.4565
-12.3427
-13.44
-13.44
-13.44
-13.9497
-11.7418
-13.0172
-13.0172
-13.5314
-11.9413
-13.0204
-11.339
-12.2086
-12.2086
-10.417
-8.27016
-8.14027
-9.47854
-9.47854
-11.0361
-11.0361
-9.17402
-7.93916
-7.93916
-9.15617
-10.073
-10.073
-10.073
-9.17361
-8.64608
-6.56878
-5.45818
-5.80778
-3.94051
-5.87563
-5.87563
-5.87563
-3.28439
-1.62029
-3.35681
-3.35681
-4.52898
-3.40752
-3.40752
-3.19599
-3.19599
-3.19599
-3.19599
-2.25218
-2.25218
-3.58954
-5.21691
-5.21691
-5.21691
-5.21691
-3.37192
-3.1862
-3.1862
-3.1862
-3.1862
-1.49346
0.878581
2.33814
2.33814
2.33814
2.33814
3.53626
3.53626
3.53626
3.53626
3.53626
6.14278
4.20147
3.37633
3.37633
3.37633
3.37633
2.81797
2.81797
2.81797
2.81797
2.81797
2.81797
2.81797
2.81797
2.81797
2.81797
4.80964
4.80964
3.16938
3.16938
2.01
2.01
2.01
2.01
2.05393
2.05393
2.05393
2.05393
2.05393
4.19266
4.19266
4.19266
2.05856
2.05856
2.05856
2.05856
2.05856
2.05856
4.04219
4.04219
5.78219
5.78219
5.13909
5.13909
6.24486
6.24486
6.24486
6.24486
4.83432
4.83432
3.63787
3.63787
3.63787
6.21165
6.21165
5.34937
5.34937
5.97173
5.97173
3.97616
3.97616
3.97616
3.97616
1.95269
1.87387
1.87387
3.57162
1.51136
4.1259
4.68525
3.00171
3.00171
3.00171
4.15786
4.15786
4.15786
4.98993
2.59186
2.59186
1.14394
-0.682029
1.58425
3.53007
4.92499
5.3931
5.99842
5.99842
5.99842
6.11679
4.05847
1.61066
4.27739
4.44897
6.88027
5.3302
5.3302
5.3302
5.3302
5.3302
3.09646
3.09646
3.09646
3.2605
3.2605
3.2605
2.97386
1.4439
4.03001
4.03001
2.81309
2.81309
3.87988
3.87988
3.87988
3.87988
2.77702
2.77702
2.77702
2.77702
2.77702
2.77702
2.77702
2.77702
2.77702
1.19539
1.19539
1.19539
-1.07296
-1.07296
-2.72435
-2.52464
-1.42396
-1.42396
-1.42396
-1.42396
-1.42396
-1.42396
-1.42396
-1.42396
-1.42396
-1.42396
1.18874
1.18874
3.21237
0.705369
3.33009
1.57348
1.57348
2.16907
2.16907
2.16907
2.16907
3.76003
3.76003
4.40368
4.40368
3.1935
3.1935
3.1935
3.1935
0.92316
0.92316
3.33802
3.33802
3.33802
1.87365
0.605384
0.605384
-1.68481
-1.68481
-1.68481
-1.68481
-1.53894
1.03262
3.7233
1.84248
1.84248
1.84248
4.45245
2.82739
4.60424
2.39251
0.894125
3.2718
1.16509
1.16317
1.4333
3.71619
3.409
3.409
3.409
3.409
1.90474
1.90474
1.90474
1.90474
2.25582
2.25582
2.25582
1.13793
2.81087
2.81087
5.46757
5.46757
4.49236
4.49236
2.14606
2.14606
4.67952
4.67952
4.67952
4.67952
4.00943
4.00943
4.00943
2.38114
4.07553
1.46742
4.16677
3.36713
2.43163
2.95623
2.95623
2.95623
1.30362
2.10712
2.4114
2.4114
2.4114
4.80519
4.83233
3.70928
3.70928
3.70928
5.75972
3.43439
5.32937
5.32937
4.12214
3.85785
3.85785
4.55803
3.63822
5.96624
5.05796
3.96632
3.96632
3.4284
3.4284
3.4284
3.44825
1.80899
1.80899
1.80899
0.633216
0.633216
-1.74124
-1.74124
-1.74124
-1.74124
-1.74124
-1.74124
-1.74124
-3.13933
-3.13933
-3.13933
-3.13933
-3.13933
-3.13933
-2.55223
-2.55223
-2.55223
-2.55223
-5.18945
-2.83621
-2.83621
-0.673645
-2.451
-1.14234
-1.14234
-1.14234
-3.50729
-3.50729
-3.50729
-4.25761
-4.25761
-3.75866
-3.75866
-3.75866
-3.75866
-3.75866
-2.26708
-2.26708
-3.36286
-3.36286
-3.36286
-3.36286
-3.36286
-3.36286
-5.86737
-3.60297
-3.19304
-3.19304
-1.39973
-1.39973
-0.911822
-0.911822
-0.911822
-3.34092
-3.34092
-4.42407
-1.99912
-4.26122
-1.66751
-1.66751
-1.66751
-3.78459
-6.28404
-6.28404
-4.80784
-2.50426
-4.71287
-6.69669
-6.69669
-6.8206
-6.8206
-6.66111
-6.66111
-5.66119
-5.66119
-5.66119
-5.063
-2.66709
-2.66709
-2.66709
-3.5009
-3.5009
-3.5009
-3.5009
-3.5003
-3.5003
-3.04331
-2.40372
-2.40372
-2.40372
-3.78121
-1.8401
-3.12096
-3.12096
-3.12096
-3.12096
-1.06836
-1.37151
-1.37151
-1.37151
-1.79812
-1.79812
-1.79812
-1.79812
-0.901972
1.60412
0.850112
3.4724
3.4724
3.4724
1.33757
3.86687
2.37819
2.37819
2.37819
0.789283
0.789283
-1.56076
-1.56076
-1.56076
-1.56076
1.1043
3.06195
3.06195
3.06195
3.06195
3.31196
2.82696
2.82696
1.8951
1.8951
1.8951
3.48622
3.48622
3.48622
3.48622
3.48622
2.06524
3.93058
3.84089
3.84089
5.40644
5.40644
7.87291
7.51464
7.52414
6.96561
6.02255
7.82175
8.85756
8.32129
8.32129
7.02108
7.02108
7.02108
4.43746
4.78374
4.76761
2.64547
2.64547
2.14227
2.14227
2.14227
2.14227
1.6614
-0.867616
-1.79191
-1.79191
-1.79191
-3.17145
-3.17145
-3.12656
-2.08451
-2.08451
-2.25496
-2.25496
-2.42812
-2.42812
-4.22845
-5.82315
-4.93215
-4.53699
-5.1816
-5.1816
-5.94199
-6.24959
-6.24959
-6.24959
-4.38525
-5.47363
-4.35787
-5.74398
-4.60347
-2.82156
-2.60746
-2.05748
-2.05748
-3.7175
-3.7175
-2.69194
-3.38003
-3.90261
-4.03644
-4.03644
-5.56009
-5.56009
-5.14441
-5.32406
-3.90786
-4.5327
-6.56989
-4.9916
-4.65681
-2.79211
-4.32422
-5.50379
-3.71951
-3.71951
-6.173
-6.173
-4.31948
-4.31948
-2.99839
-2.99839
-2.99839
-2.99839
-2.99839
-3.92117
-3.92117
-3.92117
-1.2943
-1.2943
0.735755
0.735755
1.46468
3.97354
3.97354
6.22155
6.29053
5.70996
5.80889
4.47303
3.92352
3.92352
3.92352
3.92352
2.29184
3.7937
3.18205
3.18205
3.18205
3.18205
4.51367
4.51367
5.35036
5.41996
7.60827
7.60827
8.14334
8.05358
8.05358
7.09529
8.96736
8.52739
7.51006
7.55076
7.55076
7.83612
7.83612
7.75098
7.75098
10.3031
10.3031
10.3031
9.86934
8.78824
8.37266
7.7052
7.7052
7.7052
7.7052
6.60518
4.87894
4.87894
4.87894
2.99033
4.54282
4.54282
2.96476
2.96476
5.11143
5.11143
5.11143
6.3562
5.09072
3.56161
5.61847
2.9906
3.35412
1.86557
1.86557
3.39628
1.55321
1.55321
-0.991774
-0.991774
-2.47221
-2.47221
-2.47221
-2.47221
-4.23429
-4.23429
-4.17517
-6.06422
-6.06422
-4.77957
-4.77957
-2.48854
-2.48854
-4.25415
-5.55173
-5.20186
-5.20186
-3.7801
-3.7801
-3.7801
-3.7801
-5.41326
-5.07874
-5.22587
-3.69266
-1.49931
-3.94486
-3.55538
-4.07369
-4.07369
-4.07369
-2.4492
-2.4492
-4.57178
-4.57178
-2.73335
-2.73335
-2.73335
-2.73335
-2.73335
-5.20485
-5.47908
-5.47908
-5.47908
-4.66511
-4.66511
-3.68714
-4.27476
-4.27476
-3.66128
-5.07296
-5.07296
-4.85475
-4.85475
-3.37679
-3.37679
-4.76872
-6.79687
-6.79687
-6.79687
-6.79687
-6.79687
-6.79687
-6.79687
-5.19471
-3.34054
-3.34054
-3.34054
-3.34054
-3.34054
-3.34054
-3.34054
-3.34054
-3.6367
-3.6367
-3.18424
-3.18424
-3.18424
-5.71438
-6.38174
-5.88958
-6.68129
-7.22286
-7.22286
-4.56203
-4.07632
-3.08751
-3.08751
-5.6394
-5.6394
-7.34752
-6.66342
-6.66342
-6.02408
-7.446
-7.446
-7.446
-4.92803
-3.51607
-2.07918
-2.07918
-2.07918
-2.07918
-2.07918
-2.07918
-2.07918
-3.78423
-3.78423
-4.96114
-4.96114
-3.65095
-3.14897
-3.33741
-3.33741
-3.33741
-3.33741
-3.33741
-3.33741
-3.33741
-3.33741
-3.54612
-3.54612
-2.03896
-3.55772
-3.55772
-6.14125
-4.95907
-2.49229
-2.49229
-2.49229
-2.49229
-2.49229
-2.99963
-3.54776
-3.54776
-3.54776
-4.75468
-4.75468
-3.25485
-3.25485
-3.25485
-3.25485
-3.25485
-3.25485
-3.25485
-2.97304
-2.97304
-2.97304
-2.97304
-2.97304
-4.01428
-4.01428
-4.01428
-2.25806
-2.25806
-2.25806
-4.13143
-1.86246
-4.44571
-4.44571
-4.44571
-3.20728
-3.21052
-3.21052
-3.21052
-3.21052
-3.21052
-3.21052
-4.04591
-2.23842
-2.23842
-3.44752
-5.44279
-4.2718
-2.39253
-2.39253
-3.79546
-3.79546
-3.79546
-3.79546
-3.79546
-1.4353
-2.4551
-3.19231
-4.53506
-4.53506
-4.53506
-5.78322
-5.78322
-6.5694
-8.90452
-7.44358
-4.96915
-5.21773
-5.25675
-6.3547
-6.3547
-8.16892
-8.16892
-7.94956
-7.56259
-7.56712
-6.39321
-8.05951
-8.05951
-7.82853
-7.82853
-7.82853
-7.82853
-5.89396
-5.89396
-5.6456
-4.81319
-4.81319
-4.81319
-2.90948
-2.90948
-2.90948
-2.90948
-2.90948
-2.34884
-3.23969
-3.23969
-3.23969
-5.00489
-2.33891
-4.09384
-3.3817
-1.18368
-1.18368
-2.27587
-2.48588
-2.48588
-3.62256
-3.14233
-3.14233
-2.08985
-2.08985
-3.59322
-2.07837
-3.6447
-3.6447
-1.98965
-1.98965
-1.98965
-1.98965
-2.74866
-0.865298
-0.865298
-0.865298
1.59369
1.59369
1.59369
1.59369
1.59369
-0.516054
2.02027
3.92391
3.61725
5.87712
5.87712
3.46554
4.10128
4.10128
4.10128
4.10128
4.34861
5.99962
6.70568
5.83979
6.09002
5.8719
5.57105
4.08048
5.42086
5.42086
5.42086
6.72592
4.76102
4.77918
3.90021
3.90021
3.90021
2.81158
2.81158
2.81158
2.81158
2.81158
2.81158
4.85812
4.22658
2.05484
1.59864
2.89551
4.98378
3.18859
3.52961
3.52961
3.52961
3.52961
3.52961
3.52961
3.52961
6.1017
4.30467
2.5677
2.5677
5.25346
7.3919
4.87129
4.87129
5.95862
4.04131
4.04131
3.9981
3.9981
3.9981
2.8727
3.59273
3.59273
2.77049
2.77049
3.93478
3.03569
3.03569
3.03569
3.03569
3.03569
3.03569
3.03569
3.03569
3.03569
5.62694
6.35995
4.06444
4.06444
4.95343
4.59141
4.59141
4.59141
3.68578
3.68578
3.68578
3.68578
3.68578
3.68578
2.95182
1.92683
1.52864
3.90393
3.90393
3.90393
3.90393
3.90393
3.90393
1.26456
3.37951
3.37951
3.37951
1.36598
1.36598
1.36598
1.36598
1.36598
2.42874
2.42874
4.68316
4.68316
4.68316
4.68316
4.68316
4.68316
4.68316
4.68316
4.53443
5.70853
3.96735
1.45967
-0.977845
-3.1024
-3.1024
-3.1024
-5.59855
-5.59855
-4.33798
-4.33798
-2.54211
-2.54211
-2.44153
-3.46614
-3.46614
-3.46614
-3.18428
-3.18428
-4.47771
-5.04248
-5.04248
-5.04248
-5.04248
-3.92159
-3.06186
-3.06186
-2.10407
-3.57521
-3.57521
-4.56165
-2.22032
-0.775279
-1.82277
-1.82277
-1.82277
-1.82277
-1.82277
-1.74695
-1.74695
-1.74695
-1.74695
-2.49643
-2.49643
-2.49643
-2.49643
-1.21797
-3.42144
-3.42144
-3.42144
-5.53646
-5.53646
-5.53646
-5.00932
-4.86742
-3.60326
-3.60326
-4.42551
-3.04317
-3.04317
-3.04317
-3.04317
-3.04317
-4.88064
-3.47469
-3.47469
-3.47469
-1.09312
0.894955
2.33863
1.93924
1.93924
3.67605
4.9209
2.68667
2.68667
2.68667
2.68667
2.68667
2.68667
2.68667
4.72684
2.55785
2.55785
2.55785
2.55785
2.30796
2.30796
4.94375
4.21633
2.79441
2.79441
2.79441
3.50151
2.26473
2.26473
2.26473
2.26473
2.26473
2.26473
2.26473
2.01246
2.01246
2.01246
2.01246
2.01246
3.05559
3.05559
3.64604
3.64604
5.1331
4.41738
3.30579
3.30579
3.30579
3.30579
4.07527
3.56178
3.56178
3.56178
2.2536
2.2536
-0.339605
-0.339605
-1.71872
-3.96542
-3.96542
-3.96542
-3.96542
-3.84783
-2.13481
-3.36276
-4.37389
-1.9582
-3.87576
-3.87576
-3.87576
-3.87576
-5.79029
-5.79029
-5.79029
-5.79029
-5.12944
-5.12944
-4.9716
-3.84732
-4.23732
-4.23732
-2.57656
-2.57656
-2.57656
-3.89515
-1.36963
-2.5675
-2.5675
-1.04293
-2.76839
-3.11093
-4.71429
-3.90002
-1.64756
-3.2525
-3.32751
-1.03345
-2.08671
-4.7665
-4.7665
-4.7665
-4.7665
-4.7665
-4.7665
-5.11357
-4.3676
-3.85855
-1.29125
0.351529
2.78629
2.78629
2.78629
2.78629
3.9544
3.9544
2.22191
2.22191
0.774771
0.774771
0.774771
0.774771
0.774771
-1.83296
-1.83296
-1.83296
-2.82618
-4.45239
-3.8391
-3.8391
-4.38522
-4.32027
-4.28907
-4.28907
-2.06338
-2.06338
-3.4784
-3.80402
-2.22994
-2.18932
-2.18932
-4.2082
-4.2082
-4.2082
-4.2082
-3.68569
-3.68569
-1.24771
1.41457
1.41457
2.75129
2.75129
2.75129
2.75129
5.2305
5.80106
6.74691
4.51002
4.51002
2.48761
2.48761
2.48761
2.48761
2.48761
2.48761
2.48761
2.48761
2.48761
2.48761
2.48761
4.38634
4.38634
1.86387
1.86387
1.86387
4.14682
4.14682
4.14682
5.36172
2.85253
1.91585
2.94007
2.69545
2.69545
4.06416
1.69383
1.69383
4.06669
4.06669
5.77617
5.77617
4.96655
4.69868
4.69868
4.23007
4.23007
4.23007
4.68817
4.68817
2.76389
5.0632
2.70793
0.627548
-1.45062
-1.45062
-1.45062
-0.425218
-0.425218
1.73961
1.73961
1.73961
1.73961
3.75236
3.75236
3.5137
3.5137
5.87379
5.87379
5.87379
5.87379
4.28954
4.28954
3.93575
3.93575
2.32261
2.32261
4.33894
4.33894
5.57837
3.16995
3.16995
3.16995
4.8234
7.06603
4.76043
5.92778
3.49968
3.50407
3.50407
1.24556
0.910429
2.6822
2.6822
2.6822
3.64967
3.64967
2.79743
3.42071
5.56933
5.56933
5.56933
5.56933
5.62986
5.57539
5.97485
5.80619
5.80619
5.80619
7.08577
7.08577
7.08577
5.94186
4.69101
4.69101
4.69101
6.26864
7.02517
7.89417
7.89417
6.84864
9.01376
7.20581
7.20581
8.53548
8.53548
7.26379
7.26379
7.26379
5.43858
5.43858
5.43858
4.05714
4.05714
3.83406
4.97393
4.97393
3.22326
3.22326
1.93385
1.93385
4.59047
4.59047
3.78911
3.12634
3.12634
1.02967
-1.27559
-1.27559
-2.86569
-4.20769
-4.20769
-3.73289
-3.35946
-3.35946
-4.36443
-4.36443
-2.4471
-4.81232
-5.74021
-5.74021
-5.74021
-5.45462
-3.48623
-3.48623
-3.48623
-3.48623
-3.48623
-3.48623
-3.48623
-3.48623
-3.48623
-3.48623
-3.48623
-0.912635
-3.17876
-5.35775
-5.35775
-5.35775
-7.66004
-5.80829
-3.7597
-3.7597
-2.43849
-2.43849
-2.43849
-2.43849
-2.43849
-2.43849
-2.05819
-2.05819
-0.827237
-1.13928
-1.13928
-1.13928
-1.13928
-2.1109
-4.59896
-6.45319
-5.41378
-4.27516
-4.27516
-4.93016
-5.90219
-5.90219
-4.86756
-3.3617
-0.754908
-3.39333
-3.39333
-5.13123
-5.13123
-4.81341
-4.81341
-2.92167
-2.67814
-2.67814
-2.67814
-3.91413
-5.72945
-5.86866
-5.86866
-3.58874
-5.51651
-3.98314
-3.83668
-3.83668
-3.83668
-2.02503
-2.02503
-2.02503
-2.02503
-3.0837
-3.76379
-4.93075
-4.93075
-4.93075
-2.44776
-2.44776
-4.84703
-4.84703
-4.84703
-4.84703
-3.19715
-4.62894
-4.62894
-4.62894
-4.62894
-4.62894
-4.2433
-2.43699
-3.14794
-1.06961
1.14615
1.14615
2.82406
2.82406
2.74734
2.74734
3.47044
2.63503
2.63503
2.63503
4.60408
4.60408
6.63428
5.78959
5.78959
5.60524
4.32465
1.97785
1.97785
1.97785
2.66567
3.86439
3.86439
3.86439
4.55845
4.55845
4.55845
4.55845
4.55845
4.10276
4.10276
4.10276
2.28437
2.28437
3.3966
3.3966
2.12549
2.12549
2.12549
3.01946
3.01946
4.15904
4.56521
1.86981
1.86981
1.86981
1.86981
2.97224
2.97224
2.97224
2.97224
4.4441
3.03821
1.76917
3.50325
3.50325
2.29121
3.38407
3.02779
3.31924
3.31924
1.52353
1.52353
1.52353
1.09702
1.09702
2.4765
4.67965
4.67965
4.67965
4.67965
4.64798
4.64798
6.20973
7.28438
7.28438
4.66901
4.66901
4.66901
4.66901
5.59798
5.59798
6.5887
6.5887
7.88627
7.88627
8.33935
7.47692
8.6889
8.6889
8.90311
8.90311
7.17347
8.88859
8.09552
10.2148
8.0941
5.86831
5.86831
6.5312
6.5312
6.5312
7.01455
5.03965
3.59375
3.59375
3.59375
3.59375
3.59375
3.77774
2.34028
2.34028
2.69859
2.69859
2.69859
2.69859
2.69859
2.69859
4.80348
4.88899
4.75136
5.97806
6.31062
3.88687
3.88687
3.51899
3.51899
3.51899
3.51899
2.80974
5.31062
5.31062
5.31062
5.31062
4.24692
4.24692
4.24692
5.68946
6.06306
4.9418
4.9418
7.255
7.255
7.24645
6.10912
6.10912
4.3766
1.89401
1.89401
4.4392
2.7834
3.63332
4.7488
6.31273
4.46377
5.06866
7.51542
7.51542
5.81829
5.81829
7.53306
5.13777
3.70711
3.70711
2.93
2.93
5.2539
3.71513
3.71513
4.9621
5.38657
4.35123
2.70353
2.70353
2.70353
2.70353
2.70353
2.96973
2.96973
2.41577
0.776972
1.49039
1.49039
1.49039
1.49039
3.08949
3.08949
3.46371
3.46371
3.46371
3.51566
4.00189
4.60461
5.66889
3.74447
4.46643
4.30216
3.22582
3.22582
3.22582
3.22582
1.90388
1.90388
1.41854
3.53433
3.53433
3.45347
4.45148
2.36071
2.36071
2.36071
2.36071
3.90923
4.22542
2.74797
0.781657
0.781657
2.16078
2.16923
2.23167
2.23167
2.97352
2.97352
2.45981
2.45981
2.45981
2.45981
2.45981
2.45981
2.45981
2.45981
2.45981
2.60025
4.73753
5.44783
4.21195
5.28256
5.28256
5.05663
3.92535
3.00478
3.00478
3.00478
3.00478
3.00478
3.00478
3.43929
3.80261
4.56291
4.56291
4.56291
4.56291
6.18736
6.18736
6.18736
6.18736
3.9427
4.89927
2.66797
2.66797
4.5232
3.30627
5.68903
5.68903
5.68903
3.47041
3.47041
3.47041
3.47041
3.47041
5.08854
4.71844
2.10024
2.10024
4.17988
1.54617
1.54617
3.57877
3.57877
1.39739
3.16017
3.56065
5.0004
5.0004
3.53955
3.38986
1.95569
3.41478
3.41478
3.56446
3.56446
2.83651
1.36516
1.60798
1.27403
1.27403
1.27403
1.27403
-1.23847
-3.46381
-6.08557
-6.08557
-6.08557
-4.61331
-4.61331
-6.25252
-6.25252
-5.79594
-5.04778
-2.60925
-4.32237
-6.41619
-4.56322
-5.57663
-5.57663
-5.13214
-5.91589
-3.7147
-3.7147
-3.7147
-3.89442
-4.06742
-4.06742
-2.21918
-1.00446
-3.05119
-3.05119
-4.9825
-4.62159
-4.62159
-4.62159
-3.2284
-3.2284
-3.59062
-3.59062
-2.63964
-2.63964
-2.07636
-3.35398
-3.35398
-3.35398
-4.69328
-6.12699
-6.12699
-6.12699
-6.12699
-8.15138
-8.15138
-8.15138
-6.71726
-6.71726
-6.71726
-6.71726
-6.56094
-3.90093
-1.62481
-1.62481
-1.62481
-1.62481
-1.62481
-1.62481
-1.12863
-2.5435
-2.5435
-2.5435
-0.937147
1.24954
1.24954
1.24954
2.51289
4.19303
2.02743
2.02743
2.02743
0.622241
-1.76364
-1.76364
-1.76364
-2.41994
-2.84773
-3.55679
-2.02156
-1.21592
-1.21592
-2.12252
-2.12252
-2.12252
-4.41451
-4.41451
-4.41451
-4.41451
-3.87323
-3.12915
-3.12915
-2.63206
-2.63206
-1.04244
-3.09422
-1.39861
-1.39861
0.97901
0.97901
0.97901
0.97901
-0.750242
1.92305
2.14956
2.14956
1.66291
-0.856464
-2.66617
-2.66617
-1.81143
-2.19087
-2.19087
-2.19087
-2.19087
-2.19087
-0.52301
1.24825
-0.377072
0.984424
0.984424
-1.1734
-1.1734
-1.1734
-2.99556
-2.99556
-2.99556
-4.08407
-3.90691
-3.90691
-6.00063
-3.37179
-2.45421
-1.97749
-3.25467
-4.79581
-4.79581
-4.79581
-4.33352
-4.0689
-4.0689
-4.0689
-2.833
-2.833
-3.95083
-3.95083
-3.95083
-1.79573
-2.20042
-2.20042
-4.43609
-4.43609
-2.42021
-2.42021
-2.89042
-4.86204
-3.37404
-3.37404
-3.37404
-2.24246
-2.24246
-2.98084
-2.98084
-2.98084
-2.98084
-2.98084
-1.50921
-0.770736
-1.82473
-3.79225
-1.32593
1.04191
1.04191
-1.03983
-1.03983
-2.77786
-2.99501
-2.9278
-0.714694
1.59829
2.65862
4.14564
4.14564
6.3196
6.3196
6.3196
6.85278
6.85278
6.83744
8.66882
8.8405
8.8405
7.2352
7.2352
7.2352
5.70213
5.70213
5.70213
7.09191
5.60651
3.33193
3.33193
2.38983
4.83434
4.83434
2.41629
2.01144
1.01457
-1.44717
-1.44717
-1.44717
-1.44717
-1.44717
-1.44717
-1.44717
-3.74525
-6.20638
-3.78742
-6.07783
-6.07783
-6.10068
-6.10068
-4.72752
-5.87545
-5.00495
-3.90556
-3.90556
-3.90556
-3.90556
-3.90556
-2.62363
-2.26972
-2.26972
-1.75692
-3.71367
-3.71367
-4.61491
-4.61491
-5.58208
-5.58208
-3.06319
-2.73963
-0.741685
-0.741685
-0.741685
-2.80069
-2.80069
-2.80069
-2.80069
-2.80069
-2.80069
-2.80069
-2.80069
-2.80069
-4.48292
-3.50169
-3.50169
-3.50169
-3.50169
-2.339
-2.339
-2.339
-2.339
-0.52128
-0.424938
-0.424938
1.87889
4.57528
4.57528
2.74358
2.74358
2.74358
3.58459
3.58459
3.58459
3.58459
6.09515
8.78716
7.43175
5.38594
4.6775
4.6775
3.94464
3.94464
3.90108
5.96841
5.96841
6.45042
5.01682
5.01682
5.01682
2.71335
2.71335
0.554178
0.554178
-2.13416
-2.13416
-2.13416
-2.13416
-2.13416
-2.13416
-2.13416
-2.13416
-3.01385
-2.10599
-2.10599
-2.10599
-4.36441
-5.37824
-5.93795
-5.93795
-7.50612
-7.50612
-7.50612
-6.12492
-6.87059
-5.12899
-5.28244
-2.97259
-2.97259
-2.97259
-5.14099
-4.06871
-3.84429
-3.84429
-3.43162
-2.70042
-2.70042
-2.97674
-2.97674
-4.95816
-2.31816
-2.31816
-2.31816
-2.31816
-2.31816
-2.31816
-2.31816
-2.31816
-2.28733
-2.28733
-1.14077
-1.14077
1.10049
1.10049
1.37106
1.37106
3.36619
3.36619
3.36619
3.36619
3.45306
3.45306
5.50054
4.97151
4.12974
4.12974
2.38325
2.38325
2.38325
1.60556
-0.962241
-0.962241
0.854032
2.1415
2.1415
1.85991
1.85991
1.85991
3.00952
2.73021
2.58801
1.8975
1.8975
1.8975
3.46096
4.80026
4.80026
6.42811
7.05553
7.373
7.373
7.373
7.373
6.10238
6.10238
3.75591
3.75591
4.12842
4.12842
4.12842
4.12842
1.85771
4.14819
4.14819
4.14819
4.39892
4.39892
3.25283
4.62804
4.62804
4.62804
4.62804
4.59831
5.04767
5.04767
5.04767
5.04767
5.04767
5.04767
5.04767
7.69666
7.69666
5.19143
3.53415
3.53415
3.53415
3.53415
3.53415
2.36818
2.36818
2.36818
2.36818
1.97978
1.97978
4.12398
4.12398
2.65135
2.65135
2.65135
2.65135
3.69044
3.69044
3.69044
3.69044
3.81837
3.81837
3.81837
5.69703
3.97054
1.4588
1.4588
1.4588
1.4588
1.4588
1.4588
2.88618
2.88618
1.364
1.364
3.87459
3.87459
5.59351
5.17181
5.39381
7.74932
6.5978
4.58003
3.88391
5.58653
6.74344
4.57317
3.32264
3.32264
3.32264
3.32264
1.02128
1.02128
1.02128
1.02128
1.56533
3.58724
2.47572
2.47572
4.68085
4.68085
5.71328
4.12852
4.12852
1.777
1.777
3.20132
3.18271
3.18271
3.18271
3.18271
3.18271
3.18271
3.18271
5.72574
6.36093
5.3974
3.27271
3.50367
3.50367
3.50367
3.15891
3.15891
3.65186
3.65186
3.65186
3.65186
1.13521
1.13521
3.19134
4.841
5.1373
5.1373
5.1373
2.61752
5.1848
6.94942
6.94942
4.67511
2.23166
2.7349
4.81316
4.81316
3.21688
3.21688
3.21688
2.52168
2.52168
1.16389
-0.387229
-1.4897
1.05822
0.981267
0.981267
3.44752
3.44752
3.44752
4.1135
4.1135
2.87909
3.22186
3.22186
1.28578
1.28578
1.28578
1.28578
1.28578
-1.08541
-1.08541
-1.86547
-1.86547
-1.86547
-1.86547
-1.86547
-1.86547
-1.86547
-1.86547
-1.86547
-2.95897
-4.97014
-4.97014
-4.97014
-4.97014
-4.97014
-4.97014
-4.97014
-2.53215
-2.53215
-2.53215
-4.4098
-5.6893
-5.6893
-7.1292
-4.58815
-4.24175
-5.78846
-3.9497
-3.9497
-3.9497
-1.4927
-1.69586
-2.62454
-2.62454
-1.62511
-2.71403
-2.71403
-2.71403
-2.71403
-2.71403
-2.71403
-2.24962
-4.58264
-4.58264
-4.58264
-1.98999
-1.98999
-2.14709
-2.14709
-4.79251
-2.83297
-2.83297
-3.09762
-3.09762
-3.09762
-3.09762
-2.57129
-2.57129
-2.57129
-2.57129
-2.85395
-2.85395
-2.85395
-1.45168
-2.5298
-5.13808
-5.46284
-6.96801
-6.96801
-6.96801
-6.96801
-6.96801
-6.96801
-4.27366
-2.50582
-3.29
-3.29
-5.11407
-5.11407
-5.11407
-5.11407
-5.11407
-5.11407
-5.11407
-5.98042
-5.98042
-7.39136
-7.39136
-8.57633
-8.57633
-9.34722
-9.34722
-9.34722
-9.34722
-7.53881
-6.46477
-5.14983
-2.60998
-2.60998
-1.78065
-3.31701
-4.18844
-4.18844
-5.62329
-5.62329
-5.62329
-6.84361
-5.1214
-5.1214
-2.93887
-2.93887
-5.06707
-6.97103
-7.91928
-9.42805
-7.83489
-8.91489
-7.15303
-7.15303
-5.53182
-4.0307
-3.43385
-3.43385
-5.57925
-6.68886
-4.98901
-3.11276
-1.12266
-1.12266
-1.06362
-1.06362
-0.597999
-1.25204
-3.34135
-3.34135
-2.34919
-1.77193
-1.77193
-1.77193
-1.77193
-1.77193
-1.77193
-1.77193
-0.787723
-3.03115
-3.03115
-4.39061
-3.40268
-1.69487
-1.69487
-3.79386
-3.79386
-6.06963
-3.58726
-3.58726
-3.58726
-4.1634
-4.54818
-4.54818
-4.54818
-4.41043
-2.41347
-2.41347
-2.41347
-2.41347
-2.41347
-2.41347
-2.41347
-2.76104
-4.74944
-7.34531
-7.34531
-5.77887
-6.60032
-6.70385
-6.70385
-4.02238
-4.73176
-4.73176
-4.73176
-4.73176
-5.72766
-5.72766
-5.72766
-6.65689
-6.65689
-4.87355
-2.24612
-2.24612
-1.65592
-1.65592
-2.69404
-2.69404
-2.69404
-2.69404
-4.02025
-4.02025
-6.55105
-4.95648
-4.95648
-3.63785
-2.33376
-2.28538
-1.44485
-3.59966
-3.59966
-6.08892
-6.22854
-5.42674
-5.42674
-4.74069
-2.48497
-2.48497
-4.01772
-4.01772
-2.0828
-2.0828
-2.00685
-2.00685
-4.52883
-1.94564
-1.94564
-4.43887
-3.90242
-5.95598
-5.97165
-7.67202
-7.67202
-7.67202
-5.82034
-5.53007
-4.11735
-6.361
-8.55262
-6.60267
-7.86499
-8.47073
-8.47073
-6.83031
-6.83031
-6.37338
-6.37338
-4.92917
-4.92917
-6.31378
-6.31378
-6.31378
-5.64608
-4.19633
-4.19633
-4.19633
-4.60427
-4.60427
-4.60427
-4.60427
-4.60427
-3.56586
-3.56586
-3.56586
-0.888706
-2.51033
-2.51033
-2.51033
-0.923025
-0.923025
-3.55058
-2.29052
-2.29052
-2.29052
-2.25977
-2.72458
-2.72458
-4.5281
-2.96101
-3.03509
-3.27775
-3.27775
-3.27775
-3.27775
-5.07895
-5.07895
-5.07895
-5.07895
-7.08271
-7.08271
-4.52812
-4.52812
-2.70636
-2.70636
-2.70636
-2.70636
-4.55371
-3.77818
-5.01744
-2.65881
-2.65881
-2.87939
-3.79943
-3.79943
-3.79943
-3.79943
-2.1265
-2.1265
-2.1265
-4.79604
-4.79604
-4.79604
-5.19088
-5.19088
-5.19088
-7.20533
-7.20533
-4.65019
-4.65019
-3.10186
-3.10186
-3.10186
-3.10186
-3.10186
-3.10186
-4.42663
-4.42663
-3.48046
-3.48046
-3.48046
-3.48046
-3.48046
-3.48046
-1.27794
-1.27794
-1.27794
-2.23646
-3.94075
-3.56423
-1.91066
-1.91066
-1.91066
-1.91066
-1.91066
-0.535507
-0.898046
1.46136
1.46136
1.46136
2.90646
2.90646
2.90646
4.0945
3.23952
3.50755
1.27614
1.63529
1.63529
4.27666
4.27666
4.27666
4.27666
4.27666
3.23197
3.23197
3.23197
3.23197
3.23197
3.23197
2.51245
2.51245
2.51245
2.12346
