0
0
0
0
0
0
0
0
0
0
0
0
0
0
0
0
0
0
0
0
0
0
0
0
0
0
0
0
0
0
0
0
0
0
0
0
0
0
0
0
0
0
0
0
0
0
0
0
0
0
0
0
0
0
0
0
0
0
0
0
0
0
0
0
0
0
0
0
0
0
0
0
0
0
0
0
0
0
0
0
0
0
0
0
0
0
0
0
0
0
0
0
0
0
0
0
0
0
0
0
0
-1.33842
-0.235537
-0.925996
-0.925996
-0.70075
-1.36304
-0.871638
-0.871638
-0.691182
-0.691182
-0.821168
-1.10993
-1.10993
-1.34287
-1.34287
-2.46272
-2.52086
-2.25917
-1.98305
-1.98305
-1.40896
-1.40896
-1.40896
-2.01454
-1.70269
-2.05675
-2.87061
-2.87061
-1.85026
-1.85026
-1.85026
-1.85026
-2.30142
-2.30142
-2.40016
-2.40016
-2.40016
-2.49216
-1.52344
-0.541603
-0.541603
-0.315601
0.818888
-0.15574
-0.15574
-0.15574
-0.0163209
0.566678
0.566678
0.541977
0.0255915
0.0255915
0.346203
-0.525227
-0.525227
-0.525227
-0.525227
-0.525227
-0.525227
0.672621
-0.226334
-0.226334
-0.653386
0.036758
-0.0747187
0.821898
1.78446
1.78446
2.49328
2.49328
2.49328
1.91273
2.13082
1.34964
2.1487
2.1487
2.95234
2.95234
2.95234
1.77268
1.37373
1.83664
1.83664
1.83664
1.83664
1.8941
2.45431
1.70865
1.70865
0.597535
0.592412
0.592412
0.592412
1.52373
1.02846
0.875341
0.875341
0.361416
0.366403
0.366403
0.813103
0.813103
0.327725
0.327725
-0.681408
-0.0947655
0.526134
0.526134
0.526134
-0.587581
-0.474896
-0.474896
-0.474896
-0.474896
-0.474896
-0.474896
-0.474896
-0.474896
-0.932662
-0.932662
-0.335689
-0.335689
-0.335689
-0.335689
-0.335689
-1.38726
-1.38726
-1.38726
-1.21896
-0.593909
-0.424421
-0.424421
-0.424421
-1.26001
-1.84815
-0.990015
-0.990015
-0.166786
-0.166786
-0.578919
-0.456894
-0.456894
-0.456894
-0.456894
-0.994705
-0.994705
-0.994705
0.193616
0.709273
0.709273
1.40111
1.40111
1.50798
0.400793
0.400793
-0.616119
-0.616119
-0.245537
-1.09746
-0.998963
-0.998963
-0.998963
-1.14922
-0.0671148
0.166202
0.166202
-0.389104
0.157856
-0.600053
-0.59333
-0.59333
-0.59333
-0.164422
-0.164422
0.0672708
0.0672708
1.22065
1.22065
1.22065
0.792025
0.792025
-0.216438
-0.216438
-0.216438
-1.40956
-0.281221
0.641139
0.804749
0.804749
0.804749
0.804749
0.527731
0.527731
-0.460275
-0.111421
-0.111421
0.0183441
-1.00672
-1.00672
-1.00672
-0.513116
-0.513116
-0.513116
-0.161991
-0.161991
-0.161991
-0.161991
-0.161991
-0.161991
-0.889833
-1.20136
-2.0587
-1.59207
-1.59207
-0.808133
-0.808133
-0.594048
-1.50857
-1.50857
-1.50857
-1.50857
-0.806038
0.161865
-0.669366
-0.669366
-0.669366
-0.73884
0.221971
-0.444602
0.611845
0.611845
0.65755
0.142031
0.332095
0.729634
0.729634
0.729634
0.938209
-0.252148
0.18799
-0.130463
-0.130463
0.758521
0.975627
1.11966
1.39772
0.920672
1.66243
1.66243
0.483612
0.483612
0.683843
0.236242
0.236242
0.154603
0.154603
0.154603
-0.956306
-0.278727
-0.278727
-0.278727
-0.278727
-0.278727
-0.278727
-0.278727
-0.700606
0.0235173
0.0235173
0.0235173
0.976396
0.976396
0.976396
0.669204
0.473372
0.473372
1.5706
2.49378
2.14106
2.78926
3.84831
3.84831
3.84831
4.37383
4.37383
3.26198
3.26198
3.94246
3.94246
3.8526
3.8526
3.91171
3.91171
3.91171
3.91171
3.3096
4.49905
4.49905
4.77768
4.77768
4.76835
3.5866
3.20762
3.20762
2.82586
3.0059
3.0059
2.67494
3.15648
3.02571
3.02571
3.02571
2.3518
2.3518
2.3518
3.48434
2.76666
2.76666
3.44339
3.16131
4.21366
4.69519
4.69519
4.8984
4.28283
4.28283
4.28283
4.28283
4.28283
4.28283
3.52327
3.52327
3.52327
2.6163
2.6163
2.6163
2.6163
2.98877
2.84559
2.97241
3.14312
3.14312
3.52511
3.20084
3.20084
3.20084
2.10868
2.10868
2.10868
1.28411
1.30858
1.30858
1.99992
1.22515
1.22515
2.36066
2.64097
2.51154
1.64017
0.918808
0.423717
0.423717
1.27968
1.27968
1.41765
1.41765
1.41765
1.41765
2.05654
2.05654
2.05654
2.05654
2.05654
2.05654
2.10758
2.06733
3.09749
2.24901
2.47043
2.51331
2.09414
2.09414
2.09414
1.5942
1.5942
2.06798
2.06798
2.06798
1.37596
1.62083
1.62083
1.10718
-0.0245883
0.943283
0.943283
1.21542
0.454297
-0.384466
0.0842763
-0.298366
-0.807109
-0.016929
-0.016929
-0.016929
-0.7846
-0.7846
-0.7846
-0.7846
0.223892
-0.647884
0.347796
0.347796
0.347796
0.221229
0.221229
0.221229
0.221229
0.968223
0.489676
0.489676
1.02384
0.699834
0.15935
0.15935
-0.964494
-0.964494
-0.964494
-0.736458
0.407174
0.407174
1.36694
1.28171
1.28171
1.28171
0.947682
-0.250284
0.319348
-0.29903
-0.29903
-0.29903
-0.0958896
-0.0958896
-0.0958896
0.294748
0.791191
0.791191
0.234163
-0.786425
-0.918964
-0.918964
-0.433524
-1.4075
-1.4075
-1.4075
-0.505093
-0.505093
-1.59087
-0.45362
-0.45362
-0.45362
-0.45362
0.4996
0.4996
0.4996
0.4996
0.4996
0.4996
0.4996
0.4996
0.4996
0.0529337
0.0529337
0.0529337
0.0529337
0.0529337
0.0529337
0.0529337
0.0529337
0.0529337
0.0529337
0.0529337
0.0529337
0.0529337
0.0529337
0.0529337
0.0529337
0.0529337
0.0529337
0.0529337
0.0529337
0.0529337
0.0529337
0.0529337
0.0529337
0.42662
0.42662
1.41655
2.09631
2.09631
2.03199
1.8005
0.801155
0.801155
1.6418
0.974819
1.6758
0.495418
0.843014
0.843014
-0.294412
-0.154682
-1.18246
-1.18246
-0.351503
-0.351503
0.815142
0.815142
-0.311455
-1.48814
-1.48814
-1.48814
-0.611613
-0.140697
0.644954
0.462197
0.915189
0.915189
0.915189
0.915189
0.338838
-0.850509
-0.850509
-0.850509
-0.850509
0.105343
0.105343
0.105343
0.229544
0.229544
-0.730091
-0.730091
-0.730091
-0.730091
-0.730091
0.28024
0.28024
0.28024
0.28024
0.28024
-0.891892
-0.891892
-0.891892
-0.891892
-0.487727
-0.500332
0.663433
0.663433
0.663433
-0.319612
-0.319612
-0.620348
-0.103147
-0.103147
-1.16307
-0.676939
-0.964936
-0.964936
-0.964936
-0.0339818
-0.0339818
-0.0339818
1.0643
1.0643
1.0643
1.0643
1.0643
1.0643
0.136882
0.136882
0.136882
0.018229
0.018229
-0.416633
-1.15632
-1.15632
-1.15632
-1.15632
-1.10737
-1.10737
-1.10737
-0.148678
-0.148678
-0.148678
-0.197494
-0.197494
0.521952
0.521952
-0.597804
-0.597804
-0.597804
-0.597804
-0.597804
-0.597804
-0.421571
-0.421571
-0.421571
-0.421571
0.269019
0.403243
-0.341097
-0.341097
-0.847385
-1.75505
-1.75505
-0.918504
-0.918504
-0.389886
-0.879367
-0.879367
-0.206332
-0.280308
-0.280308
-0.280308
-0.280308
-0.280308
-0.280308
-0.280308
-0.280308
-0.280308
-0.280308
-0.280308
-0.280308
-0.280308
0.414091
-0.378905
-0.378905
-0.378905
-0.426599
-0.0549748
-1.18983
-1.18983
-1.18983
-1.18983
-0.6472
0.406768
-0.00628093
0.459621
-0.454777
0.679239
0.679239
0.679239
0.679239
0.213926
0.0410764
0.373896
0.784931
0.784931
0.784931
1.08731
1.70006
1.58212
0.42308
0.520083
0.159357
-0.735221
-0.735221
-0.333637
-0.41912
-0.335971
-0.335971
-0.335971
-0.335971
-0.335971
-0.335971
-0.335971
-0.335971
-0.363037
-0.363037
-1.42622
-0.398105
-0.398105
0.755882
0.755882
0.271633
0.271633
-0.741044
-0.741044
0.276468
0.276468
0.276468
0.276468
0.276468
0.276468
0.276468
0.276468
0.371964
0.439139
0.216688
0.216688
0.706191
0.706191
0.197024
0.197024
-0.246459
-0.246459
-0.950156
0.19721
0.19721
0.298787
0.653908
-0.220973
-0.146342
-0.146342
-0.146342
-0.146342
-0.146342
-0.146342
-0.146342
-0.146342
-0.872961
-0.386944
-0.978367
-1.23369
-1.23369
-0.708167
-0.708167
-0.708167
-0.134146
-0.134146
-0.134146
0.333261
0.333261
0.128124
0.128124
-0.989341
-0.989341
-0.989341
-1.23641
-1.23641
-1.23641
-1.23641
-0.0451179
-0.0451179
0.697443
0.697443
0.697443
0.697443
0.697443
-0.232039
-0.232039
0.00141326
-0.507058
0.23193
0.23193
0.23193
0.650237
-0.30204
-0.535458
-0.535458
-0.535458
0.274567
0.274567
-0.598256
0.58646
1.29546
0.113251
0.113251
0.113251
0.113251
0.113251
0.413814
-0.487093
-0.487093
0.336207
0.336207
0.336207
0.550228
0.550228
0.203467
0.506481
-0.0455084
-0.0455084
-0.0455084
-0.0455084
-0.0455084
-0.0455084
-0.0455084
-0.0455084
-0.0455084
-0.0455084
-0.0455084
-0.0455084
-0.0455084
-0.0455084
-0.0455084
-0.0455084
-0.0455084
-0.0455084
-0.0455084
-0.0455084
-0.0455084
-0.0455084
-0.0455084
-0.34951
0.51956
0.51956
1.36533
1.36533
0.287536
-0.587161
-0.472695
0.423376
0.0602829
-0.934767
-0.934767
-0.934767
-1.35781
-1.35781
-1.35781
-1.35781
-1.35781
-1.35781
-0.763812
-1.42696
-2.08368
-2.08252
-2.08252
-2.45678
-2.02175
-2.02175
-2.02175
-2.05343
-2.05535
-2.05535
-1.38154
-0.275281
-0.275281
-0.275281
-0.275281
-0.275281
-0.275281
-0.275281
-0.807426
-0.807426
-1.69946
-1.69946
-0.640917
-0.784209
-0.784209
-1.06842
-1.06842
-1.06842
-0.593645
-0.593645
0.53965
0.937942
0.4046
0.4046
0.4046
0.4046
0.4046
-0.15884
-0.15884
-0.15884
-0.15884
-0.15884
-0.15884
-1.26851
-1.20237
-1.08516
-1.08516
-1.08516
-0.109013
-0.109013
0.578959
1.0745
2.02127
1.10156
0.46785
0.348077
0.341016
0.341016
0.341016
0.341016
0.341016
0.341016
0.535553
0.535553
0.535553
0.535553
-0.472925
-0.969581
-0.969581
-1.96313
-1.94961
-1.94961
-1.94961
-2.49815
-2.49815
-2.07304
-2.21213
-2.39334
-2.39334
-2.39334
-2.91946
-2.91946
-2.91946
-2.02565
-1.6629
-1.6629
-0.729148
-0.729148
-0.729148
-0.729148
-0.821092
0.207188
0.207188
0.207188
0.207188
0.311138
-0.8628
0.116385
0.116385
0.116385
0.116385
-0.446541
-1.44815
-0.296779
-0.296779
0.608231
0.608231
0.651512
0.102945
0.102945
-1.02656
-1.02656
-0.0734099
-0.0734099
-1.00046
-1.00046
-0.663246
-1.01963
-1.01963
-1.01963
-1.01963
0.0514549
0.0514549
-0.306577
-0.306577
-0.723306
-0.723306
-0.723306
-0.723306
-0.723306
0.433809
0.433809
0.295689
0.448521
1.52349
2.00331
1.31135
1.4573
0.645198
0.645198
1.07083
1.07083
1.07083
1.07083
1.48292
1.42798
1.42798
1.55039
1.55039
1.55039
0.827534
1.36575
0.982928
-0.120734
0.323559
-0.239056
-0.679367
-0.679367
-1.44162
-1.44162
-0.450064
-1.63217
-2.26318
-1.17279
-1.17279
-0.851156
-0.485836
-0.429768
-0.429768
-0.312028
-1.23425
-0.288867
-0.288867
0.601597
0.601597
0.601597
0.601597
0.840916
0.157149
0.157149
0.157149
0.501277
0.501277
1.24273
1.24273
1.24273
1.24273
0.491932
0.491932
0.491932
0.491932
-0.227392
0.210558
-0.472011
-0.0849501
0.130163
0.130163
0.130163
0.130163
0.130163
0.130163
0.130163
0.130163
0.130163
0.130163
0.859432
0.859432
0.859432
0.0668767
-0.0101429
-0.0101429
-0.0101429
0.0806538
0.0806538
0.953276
0.953276
0.831685
0.831685
0.959666
0.756112
0.980836
0.670427
1.08026
0.118064
0.118064
0.118064
0.118064
0.118064
0.118064
0.118064
0.61472
0.147938
0.505069
0.0702736
0.796139
0.796139
1.0654
1.0654
0.845298
1.47727
1.47727
1.47727
0.917722
1.02909
0.52776
0.52776
0.52776
-0.197465
-0.197465
-0.197465
-0.197465
-0.197465
-0.197465
-1.34784
-1.6394
-0.812043
-0.812043
0.285464
0.51345
0.51345
-0.569392
-0.360657
-0.360657
-1.31876
-1.88919
-0.951094
-0.951094
-0.951094
-0.951094
-0.121117
-0.121117
-1.08729
-0.399455
-0.399455
-0.399455
-0.156819
0.143972
0.143972
0.143972
0.422854
1.22369
1.22369
1.85894
1.85894
1.85894
1.52358
0.552079
0.553013
0.326638
0.326638
1.09766
1.09766
0.447814
0.447814
0.368193
0.462411
0.462411
1.32528
0.826543
0.826543
1.0886
1.0886
1.0886
-0.104238
-0.104238
-0.104238
0.861789
0.953369
-0.0653568
-0.0754018
-0.379433
-0.379433
-0.379433
-0.997514
0.0542858
0.0542858
0.0542858
0.0542858
0.258018
0.672448
0.672448
0.672448
0.633314
0.633314
0.633314
0.477551
0.43024
0.43024
-0.219922
-0.219922
-0.956378
-0.956378
-1.72976
-1.72976
-1.72976
-1.04089
-1.04089
-1.04089
-1.04089
-1.04089
-2.22743
-2.31687
-3.16279
-2.05925
-2.92982
-2.92982
-2.92982
-2.92982
-2.12979
-1.97521
-2.24363
-1.68785
-1.98481
-1.98481
-1.98481
-1.98481
-1.98481
-1.98481
-1.49348
-0.905956
-0.679879
-0.56445
-0.56445
-0.56445
-1.11281
-0.682285
0.177071
0.177071
0.177071
-0.234854
-0.234854
-0.234854
0.0367612
0.921175
0.921175
0.921175
0.316503
-0.127322
-0.127322
-0.127322
-0.127322
-0.127322
-0.127322
0.348701
0.348701
0.484352
-0.167084
-0.167084
-0.167084
0.956983
-0.176517
-0.176517
-0.176517
-0.176517
-0.176517
-0.176517
-0.176517
-0.176517
-0.202916
0.338054
0.181239
-0.129796
-0.129796
-0.129796
0.952243
0.606096
1.19512
1.19512
1.19512
0.435023
0.645599
0.645599
0.645599
1.11467
0.416058
0.416058
0.416058
0.173092
0.173092
-0.999087
-1.61914
-1.61914
-2.12492
-1.90199
-0.872731
-0.332051
-0.392781
-0.0507021
-0.0507021
-0.0507021
-0.0507021
-0.0507021
-0.0507021
-0.0507021
-0.0507021
-0.436495
-0.436495
-0.436495
-0.436495
-0.436495
-0.436495
-0.436495
0.696801
0.932722
1.90451
1.25619
1.25619
0.132757
0.132757
0.132757
0.0159368
-0.747049
-0.107516
0.405791
-0.482092
-0.898374
-0.898374
-0.898374
-1.67363
-1.18832
-1.18832
-1.18832
-1.18832
-1.18832
-0.107454
-0.718079
-0.718079
-0.718079
0.290536
0.290536
0.290536
0.290536
0.290536
-0.761714
-0.761714
-0.761714
-0.761714
0.106959
0.861198
0.861198
0.861198
0.887676
0.887676
0.389114
0.588375
-0.370661
-0.370661
0.228232
0.228232
-0.7197
-0.7197
-0.7197
-0.7197
-0.7197
-0.7197
0.231262
0.231262
0.231262
0.231262
0.231262
0.537956
0.537956
0.757605
0.756003
0.756003
0.756003
1.02704
1.01287
0.236205
0.182472
0.182472
0.182472
-0.727652
-0.801608
-0.801608
-0.801608
-0.625976
0.528184
0.205631
-0.910562
0.285654
0.689467
0.689467
0.777136
-0.0354107
-0.0354107
-0.0354107
-0.0354107
-0.681876
-0.681876
0.485855
0.485855
1.28924
1.28924
1.08741
0.39517
-0.756182
-0.756182
0.274981
1.04583
1.04583
-0.0214626
0.701759
0.701759
-0.22698
-0.22698
0.0095901
0.093871
-0.268886
-0.268886
0.281084
-0.674182
-0.674182
-0.674182
-0.674182
-0.674182
-0.674182
-0.674182
-0.674182
-0.674182
-0.674182
-0.674182
-1.41363
-1.41363
-1.41363
-1.41363
-0.30368
-0.30368
-0.698524
0.121294
0.121294
0.121294
0.787303
0.787303
0.787303
-0.129002
-0.26841
-0.33632
-0.129657
0.677502
0.677502
0.676899
0.676899
-0.380335
-0.380335
0.298971
-0.394985
-0.0985194
-0.0985194
-0.876508
-0.876508
-0.876508
-0.876508
-1.33444
-1.33444
-1.33444
-1.36755
-0.914389
-0.152728
-0.152728
-0.725915
0.294389
0.586279
0.586279
0.0315984
0.0315984
0.0315984
0.0315984
0.0315984
0.0315984
0.0315984
0.0315984
0.0315984
0.70485
0.70485
1.39219
1.39219
2.31849
2.37655
2.37655
2.37655
2.88543
3.77208
3.60544
2.90856
2.90856
2.90856
2.90856
3.12645
2.22685
1.53729
1.91887
1.91887
1.30437
0.477409
-0.0784533
-0.0784533
-0.0784533
-0.0784533
-0.477583
-0.477583
0.431789
0.431789
0.431789
-0.109624
0.726909
0.183051
-0.977081
-0.977081
-1.59003
-1.59003
-2.16348
-2.16348
-2.75539
-2.75539
-2.75539
-2.75539
-2.44553
-2.44553
-2.44553
-2.44553
-1.73308
-1.73308
-1.10558
-0.257021
-0.257021
-0.257021
-0.52516
-0.52516
-0.52516
-0.52516
-0.52516
-0.52516
-1.58537
-1.58537
-1.69846
-0.996999
-0.996999
-0.996999
-0.897301
-0.897301
-0.268695
-0.268695
-0.268695
-0.268695
-0.268695
-0.268695
-0.268695
-0.268695
-0.201919
-0.201919
0.711778
0.711778
0.711778
-0.296838
-0.296838
-0.296838
-0.200116
-0.0962382
1.01998
1.01998
1.81838
0.929126
0.929126
0.929126
1.2085
1.2085
1.81054
0.962988
0.962988
0.962988
0.978965
0.978965
0.978965
1.14233
-0.0387362
-0.775728
-0.775728
-0.221686
-0.791101
-0.441506
-0.441506
-0.225927
-1.37437
-1.37437
-0.33458
-1.24479
-1.67536
-1.77061
-2.70645
-3.24477
-2.73095
-2.73095
-3.55091
-3.55091
-3.55091
-3.55091
-2.96791
-2.09584
-2.14402
-1.81471
-1.35893
-1.35893
-1.61112
-0.964013
-0.964013
-2.05674
-1.35881
-1.54171
-1.54171
-1.54171
-1.54171
-0.879656
-0.335204
-0.335204
-0.769139
-0.345282
-0.345282
-0.345282
-1.26112
-0.757342
-0.126871
0.582795
0.582795
0.944519
0.183266
0.183266
-0.691189
0.407526
0.407526
0.407526
0.407526
0.407526
-0.392172
0.238438
-0.616268
-0.616268
-0.616268
-0.616268
-0.616268
0.0582497
0.0582497
0.803161
-0.221162
-0.221162
-0.221162
-0.221162
-0.221162
-0.221162
-0.221162
-0.221162
-0.221162
-0.221162
-0.221162
-0.221162
0.52725
0.202168
0.202168
0.202168
0.202168
0.284027
0.284027
0.342773
0.342773
0.342773
0.342773
1.0858
0.293383
0.293383
0.293383
0.83741
0.693527
0.693527
-0.0188506
0.668924
0.668924
1.36572
1.36572
0.277008
0.277008
1.04165
0.789279
0.789279
0.789279
0.789279
0.789279
0.789279
0.789279
1.94768
2.86537
3.02142
3.7741
3.53174
2.46251
1.26318
1.78051
1.78051
1.78051
1.12274
1.12274
0.88632
0.764689
1.40967
1.40967
1.40967
1.03725
1.03725
1.03725
1.03725
0.438075
-0.263244
-0.263244
-0.263244
-0.535449
-0.535449
-0.535449
-0.535449
-0.535449
-0.535449
-0.535449
-0.260295
-0.260295
-0.260295
-0.260295
-0.0814105
-0.0814105
-0.134338
-0.691191
0.390424
0.408757
0.408757
0.408757
1.39427
1.39427
1.39427
1.39427
0.480511
0.480511
-0.559218
0.184814
0.184814
1.01953
0.660851
-0.435779
-0.539667
-0.539667
-0.539667
-0.539667
-0.539667
-1.44033
-1.44033
-1.44033
-0.549772
-0.549772
0.412331
0.412331
-0.319906
-1.46525
-1.02978
-1.02978
-1.02978
-1.02978
-0.0672934
-0.0672934
-0.0672934
-0.0672934
-0.0672934
-0.0672934
-0.728612
-1.22201
-0.18605
-0.18605
-0.18605
-0.18605
-0.18605
-0.18605
-0.18605
-0.18605
-0.18605
-0.18605
-0.18605
-0.18605
-0.18605
-0.18605
-0.18605
-0.0954909
-0.134561
-0.134561
-0.134561
-0.134561
-0.134561
-0.134561
-0.134561
-0.134561
-0.08761
-0.08761
0.447976
0.447976
1.54798
1.54798
2.3951
1.38914
1.68326
0.677453
-0.162197
-0.162197
0.504216
0.504216
0.504216
0.504216
1.28329
1.28329
0.947066
0.899554
0.899554
0.73643
0.73643
0.73643
0.73643
0.73643
1.38024
1.80594
2.63073
1.93667
1.93667
1.93667
1.93667
1.93667
0.851626
0.851626
0.851626
0.851626
0.87217
-0.304957
-0.304957
-0.0408863
-0.834946
-0.834946
-0.834946
-0.834946
-0.29939
-0.29939
-0.29939
0.1154
0.1154
0.1154
0.1154
-0.455239
-0.375874
-0.375874
-0.375874
-1.20401
-1.01725
-1.01725
-1.01725
-1.01725
-1.01725
-0.0849239
0.111608
0.111608
-0.747521
0.101057
0.226281
-0.888121
0.246586
-0.149146
-0.149146
-0.361756
-0.361756
-1.54356
-1.93573
-1.93573
-1.93573
-1.93573
-1.93573
-1.53669
-1.24679
-1.24679
-1.66594
-1.66594
-1.66594
-0.934084
0.00853922
0.00853922
0.710887
1.13166
1.13166
1.4203
0.625596
-0.00342306
0.391977
0.391977
0.391977
0.391977
0.391977
-0.591944
-0.591944
-1.10484
-1.10484
-1.10484
-1.10484
-0.255544
-1.16384
-1.16384
-0.166302
-0.166302
-0.166302
-0.135189
-0.135189
-0.135189
-0.135189
0.156272
0.156272
0.156272
0.156272
-0.243749
-0.243749
-0.243749
-0.512028
-0.512028
-0.0569775
-0.0569775
0.27463
1.40036
0.853955
0.853955
0.6872
0.6872
0.6872
0.6872
-0.343127
-0.343127
-0.752697
-0.742628
-0.210126
-0.210126
-0.210126
-0.477073
-0.668555
-0.668555
0.22065
1.07872
0.143095
-0.835611
-0.835611
-0.835611
-0.835611
-0.835611
-0.835611
-1.74863
-1.74863
-0.82289
-0.82289
-0.82289
-0.82289
-0.213981
-0.213981
-0.213981
0.479202
0.479202
-0.111502
-0.111502
-0.111502
-0.111502
-1.18628
-0.618143
-0.618143
-0.457943
-0.457943
-1.57777
-1.57777
-1.57777
-1.57777
-1.57777
-1.57777
-1.98835
-1.98835
-1.98835
-1.98835
-1.62943
-1.73289
-1.11057
-0.852883
-0.852883
0.048555
0.048555
0.048555
0.048555
-0.635032
-0.728272
-0.728272
-0.728272
-0.728272
-0.728272
-0.728272
-1.15411
-1.15411
-0.397244
0.788834
0.788834
0.0272153
-0.00959621
-0.00959621
-0.76378
-0.76378
-0.76378
-0.859118
-0.859118
-0.859118
-2.04633
-2.04633
-2.04633
-2.04633
-2.04633
-2.04633
-1.06279
-0.705718
-0.705718
0.175802
0.175802
1.12257
0.0471988
0.0471988
-0.48341
-1.31795
-0.262802
0.644575
-0.153929
-0.153929
0.816599
0.633646
-0.129975
-1.09458
-1.09458
-0.413989
-0.413989
-0.115922
0.636033
0.636033
0.636033
0.0795433
0.640302
0.497758
1.04992
1.04992
1.04992
1.04992
1.04992
2.12565
2.05127
1.30138
1.30138
1.30138
1.30138
1.30138
0.289688
0.289688
0.289688
1.06227
0.517245
1.2672
1.2672
1.2672
1.2672
2.46603
2.46603
2.46603
2.48993
2.30596
2.30596
1.85263
1.85263
1.85263
1.85263
1.02793
1.02793
1.02793
-0.107194
-0.308027
-0.308027
-0.308027
-0.308027
-0.308027
-0.308027
-0.308027
-0.308027
-0.308027
-0.308027
-0.308027
-0.308027
-0.308027
0.853668
0.50325
0.50325
0.50325
0.50325
0.789497
0.789497
-0.400435
0.279588
-0.42422
-0.42422
-0.42422
-0.42422
-0.42422
-0.42422
-0.42422
-0.42422
-1.01558
-1.09398
-1.09398
-1.30239
-0.643396
-1.72099
-0.856525
-0.856525
-0.856525
-0.0115095
-0.409266
-0.409266
-0.409266
-0.792558
-0.792558
-0.910819
-0.910819
-0.284939
0.00919823
0.00919823
0.00919823
0.00919823
0.00919823
0.00919823
0.331901
0.331901
0.511609
1.65746
1.65746
1.65746
1.65746
0.509883
0.509883
0.661257
0.661257
0.661257
1.04045
1.04045
1.04045
1.04045
1.04045
1.04045
1.04045
1.04045
-0.0234934
-0.0234934
-0.0234934
-0.0234934
0.635489
0.635489
0.635489
0.635489
0.635489
-0.459578
-0.459578
-0.697535
-0.697535
-0.697535
-0.758627
-0.89546
-0.89546
0.291334
0.291334
-0.818454
-0.818454
0.311769
1.06856
1.06856
1.06856
0.711021
-0.437418
-0.437418
-0.437418
-0.437418
-0.437418
-0.437418
0.719841
0.719841
0.719841
0.719841
0.719841
-0.178831
-0.178831
0.884164
0.884164
0.884164
0.365947
0.365947
-0.362173
-0.362173
-0.362173
-0.116777
-0.116777
-0.116777
-0.116777
-0.116777
-0.0325109
-0.0325109
-0.0325109
-0.0325109
0.393989
0.393989
0.815684
0.815684
0.815684
0.815684
0.0884831
0.0096135
-0.822578
-1.00681
-0.734746
-0.734746
-0.734746
-0.734746
-0.734746
-0.734746
0.324743
1.07873
1.07873
1.07873
1.07873
0.622957
-0.572702
-0.572702
0.584336
0.725863
1.48226
0.909111
0.909111
0.909111
0.157435
0.157435
0.164628
0.164628
0.0858267
0.0858267
1.2094
1.2094
1.61661
1.61661
1.61661
2.64261
2.64261
1.97332
1.97332
1.97332
1.97332
1.37265
0.682868
0.682868
0.682868
0.682868
0.682868
-0.268516
-1.11458
-0.928146
-0.905119
-0.615807
-1.13147
-1.13147
-1.13147
-1.00007
-1.00007
-2.13783
-2.45939
-1.7812
-1.3355
-0.257371
-0.257371
-0.257371
-0.257371
-0.257371
-0.257371
-0.257371
-0.257371
-0.531202
-0.531202
0.519575
0.519575
0.519575
0.519575
0.519575
1.4002
0.273309
0.273309
0.273309
0.273309
0.273309
0.273309
0.273309
0.273309
-0.539775
-0.539775
-0.539775
-0.539775
-1.3321
-1.3321
-1.89183
-2.44657
-1.34824
-1.34824
-1.34824
-1.35566
-0.76465
-0.0965216
-0.419684
-0.419684
-0.419684
-0.419684
-0.309257
-0.309257
-0.309257
-0.309257
-0.193414
-0.193414
-0.193414
-0.138592
-0.138592
-0.867567
0.287578
0.287578
0.287578
0.287578
0.287578
0.287578
0.466856
0.466856
-0.46968
-0.553834
-0.553834
0.113811
0.764943
-0.212081
0.406684
0.406684
0.807227
0.000264439
0.000264439
0.000264439
0.000264439
0.000264439
0.000264439
0.281416
0.281416
0.281416
0.256391
0.278107
0.278107
-0.191206
-0.78146
-0.78146
-0.78146
-0.33891
-0.33891
-0.916278
-0.916278
-0.916278
-0.0261009
-0.0261009
0.191827
0.191827
1.30263
0.963217
1.24974
0.237519
0.265195
-0.63977
-0.292196
-0.292196
-0.292196
-0.292196
-0.292196
-0.292196
-0.292196
-0.292196
-0.292196
-0.292196
-0.292196
-0.292196
-0.921855
-0.508693
-1.66906
-0.743479
-0.743479
-0.743479
-0.743479
-0.189081
-0.274189
-1.27262
-0.18655
-0.33692
-0.33692
0.210907
0.210907
0.210907
0.210907
0.401179
1.33843
0.595348
-0.443846
-0.443846
-0.443846
-0.443846
-0.443846
-0.443846
-0.443846
-0.443846
-0.443846
-0.443846
-0.443846
-0.443846
0.381278
0.381278
0.316738
-0.0713735
-0.0713735
-0.334637
-0.340281
-0.340281
-0.362744
-0.997389
-1.0426
-0.526797
-0.573028
-0.573028
-1.05588
-0.48359
-0.48359
-0.48359
-1.23752
-0.586406
-0.586406
-0.586406
-0.586406
-0.817926
-1.46574
-0.415533
0.567985
0.567985
0.567985
-0.54249
-0.54249
-0.54249
-0.54249
-0.54249
-0.54249
0.113369
0.017239
0.017239
0.469867
0.0277765
0.0277765
0.0277765
-0.924406
-0.924406
-0.206759
-0.206759
0.208232
0.180684
-0.197877
-0.789481
-0.83599
-0.459041
0.466481
-0.344925
-0.758693
0.183821
0.183821
0.183821
0.183821
0.183821
0.183821
0.293762
0.293762
0.101318
0.101318
0.806227
1.4165
2.54442
2.54442
1.57002
1.57002
0.493854
0.493854
0.493854
0.493854
0.493854
0.108482
0.108482
0.108482
0.108482
0.108482
0.226636
0.226636
1.37502
1.37502
0.501092
0.501092
0.501092
0.501092
0.501092
0.501092
0.439132
0.439132
0.755827
0.973631
0.702602
0.702602
0.702602
-0.432395
-0.432395
-0.432395
-0.432395
-0.432395
0.176807
1.07959
0.237135
0.937344
0.996959
1.63835
1.63835
1.9965
1.9965
1.84307
1.84307
1.84307
1.31069
0.73689
0.73689
0.73689
0.73689
0.73689
0.73689
0.73689
0.73689
-0.146528
-0.0472808
-0.0472808
-0.0472808
-0.0472808
0.487027
1.61862
1.72693
1.72693
1.72693
1.72693
0.545335
0.545335
0.545335
0.545335
0.545335
0.411247
1.49104
1.49104
0.780051
0.780051
1.92235
2.68793
2.68793
2.16467
2.16467
1.82731
1.51313
0.842963
-0.162696
-0.162696
-0.162696
-0.162696
-0.162696
-1.31597
-1.31597
-1.31597
-1.31597
-1.31597
-1.31597
-0.290908
-0.290908
-0.596274
-0.895482
-0.241251
-0.241251
-0.883951
-0.148206
0.632966
-0.412744
-0.412744
-0.412744
-0.412744
-0.615994
-0.615994
-0.615994
-0.615994
0.258782
0.908215
-0.257083
-0.257083
-0.257083
-0.257083
-0.199721
0.761795
0.761795
0.509068
-0.368039
-1.29894
-1.29894
-0.15112
-0.775458
-0.775458
-0.993993
-0.993993
-0.914196
0.0760141
0.0760141
0.0760141
0.0760141
-0.452579
-0.452579
0.0828663
0.0828663
0.0828663
0.0828663
0.0828663
-0.209593
0.5776
-0.44018
0.376553
0.376553
0.903664
0.991653
1.01671
1.01671
1.01671
1.74022
1.74022
1.74022
0.848503
0.12983
0.330117
1.2158
1.2158
0.405639
0.405639
0.405639
0.405639
0.405639
0.405639
0.405639
0.156959
0.156959
0.94627
0.94627
-0.0679397
-0.474971
-0.474971
-0.00946704
-0.00946704
-0.00946704
-0.00946704
0.422346
0.330237
-0.708986
-1.41609
-1.41609
-1.41609
-0.725284
-0.333399
-0.190687
0.548674
-0.0954382
-0.0954382
-0.0954382
-1.207
-1.207
-1.207
-0.0569929
-0.223439
-0.223439
0.558575
0.746162
0.945803
0.752414
0.752414
1.32678
1.32678
1.62725
1.62725
1.62725
1.62725
1.84616
1.84616
1.84616
1.84616
1.84616
1.84616
1.84616
1.84616
1.40407
1.40407
1.40407
1.60723
1.60723
2.21382
2.21382
1.12539
0.106767
0.106767
0.106767
-0.553649
-0.553649
-0.553649
-0.553649
-0.553649
0.476259
0.476259
1.35044
0.815925
0.815925
0.815925
0.652602
0.652602
0.652602
0.652602
0.652602
0.187683
0.187683
0.110857
0.110857
0.110857
0.734708
1.20375
0.765106
0.241973
-0.0160182
0.444325
1.56278
1.45159
2.6409
1.78729
1.78729
1.78729
1.36837
0.808919
0.808919
-0.304945
-0.557596
-0.557596
-0.557596
-0.557596
-0.557596
-0.109407
-0.109407
0.242516
0.242516
0.242516
0.242516
0.242516
1.24889
1.24889
0.261662
0.261662
0.261662
0.261662
0.261662
0.261662
0.58391
1.25822
0.504721
-0.391877
-1.20189
-2.0993
-2.27526
-1.4951
-1.4951
-0.729676
-0.729676
-0.674018
-0.674018
-0.931405
-0.931405
-0.931405
-0.118468
0.829759
0.050851
-1.09739
-1.09739
-0.501625
-0.501625
-0.501625
0.446186
0.436766
0.436766
0.436766
0.436766
0.436766
0.436766
0.66308
0.965735
2.13823
2.08503
2.08503
2.08503
1.28719
1.28719
1.28719
1.28719
1.28719
0.307577
0.307577
0.307577
0.975891
0.975891
0.904
0.904
0.904
-0.0634821
-0.211017
-0.211017
-0.211017
-1.19122
-1.19122
-2.34153
-2.34153
-1.72508
-1.5479
-0.961504
-0.913004
-0.913004
-0.100635
-0.100635
-0.100635
-0.100635
0.0918444
0.0918444
0.0918444
0.0918444
-0.945489
-0.294747
0.0552578
0.0552578
-0.637631
-1.05252
-1.05252
-0.93921
-0.320401
-0.320401
-0.320401
0.0394129
0.0394129
0.0394129
0.0394129
0.0394129
-0.600721
-0.600721
0.194365
0.0748962
0.0748962
0.0748962
-0.461144
0.432579
0.718303
0.718303
0.718303
-0.117319
-0.117319
0.936712
0.936712
1.07408
2.04283
2.04283
2.3014
2.3014
2.3014
1.98991
1.98991
1.07027
0.159534
-0.290861
0.804155
0.441642
0.441642
0.441642
0.441642
-0.719456
0.21157
1.12982
1.12982
1.12982
0.627597
-0.0911873
-0.263399
0.0467063
0.538203
-0.319749
-0.319749
-0.319749
-0.319749
-0.319749
-0.319749
-0.319749
-0.319749
-0.319749
-0.319749
-0.319749
-0.80687
-0.80687
-0.80687
0.205317
0.205317
0.205317
-0.391182
-0.391182
-0.391182
-0.391182
-0.391182
0.234492
0.234492
0.234492
0.234492
1.03586
1.03586
1.03586
1.03586
2.06187
1.35269
0.58406
0.58406
0.582969
0.305185
0.305185
-0.525238
-0.31256
-0.943259
-1.63965
-0.981101
-0.117341
-0.13012
0.840002
0.840002
-0.223864
-0.775437
0.0160785
-0.4935
0.522102
0.522102
0.780696
0.810446
0.810446
0.810446
0.810446
0.810446
1.09209
1.09209
0.127677
1.09936
0.570418
0.570418
0.240097
0.240097
-0.00669563
0.83571
0.783368
0.783368
-0.365666
-0.245158
-0.0744277
-0.526226
-0.526226
-0.2837
-0.0401634
-0.0401634
-0.0401634
-0.0401634
-0.0401634
-0.0401634
-0.0401634
-0.0401634
-0.0401634
-0.0401634
-0.0401634
-0.0401634
-0.0401634
-0.0401634
-0.0401634
-0.0401634
-0.0401634
-0.0401634
-0.0401634
-0.0401634
-0.0401634
-0.0401634
-0.0401634
-0.769676
0.0767039
0.0899631
0.0899631
0.0899631
0.0445285
0.0445285
0.0445285
0.0445285
0.0445285
0.0445285
0.707617
0.707617
0.707617
0.707617
0.698834
0.698834
0.146683
0.225125
-0.684397
-0.684397
-0.684397
-0.684397
-0.684397
-0.684397
-1.1909
-0.118194
-0.747293
0.32023
0.32023
0.32023
-0.0572637
-0.0572637
0.697742
-0.359473
-1.52757
-1.52757
-2.12858
-1.16112
-1.16112
-1.16112
-1.16112
-1.16112
-1.94637
-1.4343
-0.626288
-0.0747556
-0.0747556
-0.0747556
-0.826839
-0.826839
-0.558353
-0.558353
-0.558353
-0.558353
-0.558353
-0.558353
-0.558353
-0.558353
-0.558353
-0.558353
-0.558353
-0.558353
0.298062
0.576906
0.576906
0.663126
-0.462618
-0.524682
-0.524682
0.473462
0.440953
0.851748
0.851748
1.45335
1.45335
1.45335
1.45335
1.45335
0.469424
1.05383
-0.142097
-1.07621
-1.26095
-1.26095
-1.26095
-1.26095
-1.26095
-0.424152
-0.424152
-0.424152
-0.424152
0.582218
0.582218
0.582218
-0.586047
0.50184
0.50184
0.50184
0.50184
0.50184
0.50184
0.50184
0.50184
0.50184
0.50184
1.26136
1.26136
0.779596
0.466792
0.466792
0.466792
0.466792
1.53669
0.576797
0.576797
-0.116256
-0.116256
-0.116256
-0.470852
-1.30248
-2.35099
-2.35099
-2.35099
-2.35099
-2.01641
-1.56816
-1.56816
-1.56816
-0.948339
-0.167238
0.527361
0.527361
0.527361
0.527361
-0.377869
-0.377869
0.620788
0.620788
0.620788
1.01332
1.89883
2.23606
2.60315
2.02051
2.19057
2.64657
2.05561
2.05561
0.982501
0.982501
0.725973
0.725973
0.725973
-0.102477
0.36203
0.609506
1.15007
1.75549
1.04481
1.73344
1.32135
1.83669
1.83669
0.967803
0.967803
0.967803
0.967803
0.672364
0.672364
0.672364
-0.26099
-0.26099
-0.26099
-0.26099
-0.26099
-0.26099
-0.85226
-0.85226
-0.85226
-0.85226
-0.85226
0.25153
0.25153
0.623332
0.623332
1.5994
2.32503
2.32503
1.91699
1.46475
1.46475
1.46475
1.0748
1.36254
1.36254
1.36254
0.612005
0.612005
0.612005
0.783939
1.11497
1.55487
0.694789
0.780492
0.808777
0.808777
0.890642
0.384139
1.29784
1.29784
2.4774
2.4774
2.4774
2.4774
2.4774
1.34147
1.34147
1.66082
1.66082
1.44936
1.44846
2.558
2.57913
2.35329
3.17578
2.41744
2.41744
2.47521
2.48986
2.69933
2.37746
1.71733
1.85251
2.19274
2.19274
2.73126
2.73126
1.97179
1.89056
1.89056
2.92734
3.38265
3.38265
3.39963
2.74976
3.32219
3.32219
2.37415
1.43723
1.11799
0.604269
1.02576
1.52945
2.63744
2.63744
2.63744
1.49669
2.4787
1.62627
0.949228
0.68557
0.68557
0.68557
1.16832
0.339589
0.339589
-0.601144
-0.601144
-1.32101
-0.561221
-0.561221
0.334645
-0.806624
-0.146527
-0.453461
-0.453461
-0.453461
-0.112251
1.03335
0.594015
0.594015
0.594015
0.594015
0.594015
0.594015
-0.0712996
-0.869474
-0.15702
-1.04352
-1.0968
-1.8764
-1.8764
-1.19969
-0.115851
0.396742
0.269399
0.269399
-0.263388
-0.263388
-0.263388
-0.263388
-0.263388
-0.263388
-0.263388
-1.45126
-0.811999
-0.811999
-0.691689
0.327334
0.327334
0.897643
0.897643
0.897643
0.897643
0.897643
0.889431
0.889431
0.889431
0.889431
0.575585
0.528664
0.528664
0.528664
0.528664
0.528664
0.528664
0.528664
1.13533
1.13533
1.13533
0.983386
0.983386
0.983386
-0.0838803
-0.12092
-0.827753
-0.827753
-0.827753
0.239863
0.239863
0.239863
0.366913
1.18407
0.375866
0.375866
0.375866
1.47583
2.28183
2.28183
2.22292
1.31502
1.31502
1.31502
0.912533
0.912533
0.912533
-0.122649
0.0799704
-0.453866
0.626008
0.920151
0.920151
1.68163
0.68156
0.303374
0.555555
0.555555
0.037335
0.037335
-0.168395
-0.93777
-0.432371
0.713975
0.791588
0.791588
1.30459
0.718805
-0.0930545
0.285531
0.285531
0.0691276
0.325112
0.325112
0.21443
0.675752
0.44955
0.44955
1.28843
0.889606
0.561044
0.561044
0.111291
0.111291
0.111291
0.111291
0.111291
1.04055
1.14638
1.14638
1.14638
-0.0234758
-1.17782
-1.09804
-0.079975
0.27361
0.27361
0.27361
-0.802601
-1.78516
-1.03592
-1.03592
-1.74082
-1.84152
-1.32422
-1.32422
-1.32422
-1.32422
-1.59781
-2.1177
-2.1177
-1.1578
-1.1578
-1.1578
-1.1578
0.0281529
0.0281529
-0.323629
-0.130603
-0.130603
-0.130603
-0.130603
-0.130603
0.0744205
0.823219
-0.212204
-1.35216
-0.707008
-0.707008
-0.313835
-0.655156
-0.655156
-0.643286
0.423077
-0.740268
-0.740268
-0.421478
-0.421478
-0.419351
0.146788
0.146788
0.723821
-0.361231
-0.361231
-0.361231
-0.361231
-0.361231
0.341958
0.341958
0.341958
0.341958
0.341958
0.341958
0.341958
-0.11749
-0.11749
-0.11749
-0.11749
-0.11749
-0.11749
-0.11749
-0.729466
-0.729466
-0.729466
-0.729466
0.421565
0.421565
0.421565
0.421565
0.421565
0.421565
0.421565
0.421565
0.554173
-0.645752
-0.645752
-0.645752
-0.966392
-0.966392
-0.966392
-1.27987
-0.083817
-0.083817
-0.92963
-0.92963
0.205395
-0.882921
0.112939
-0.341904
-0.341904
-1.45068
-1.45068
-1.45068
-1.45068
-1.21646
-1.21646
-1.46593
-1.46593
-1.64236
-1.64236
-1.00252
-1.00252
-1.00252
-1.90849
-2.04692
-2.04692
-1.13166
-0.785359
-0.785359
-1.2318
-1.87078
-1.87078
-3.04731
-3.04731
-1.88237
-1.88237
-1.11429
-1.11429
-0.0138278
-0.0138278
-0.0138278
-0.0138278
-0.0138278
-0.0138278
0.44505
0.823996
0.823996
1.15366
1.69282
2.2697
2.4626
2.00857
2.00857
2.00857
0.938403
0.0437167
0.869849
-0.329749
-0.329749
-0.329749
-0.329749
-0.329749
-0.329749
0.625413
0.625413
0.625413
0.625413
0.625413
0.625413
0.998066
0.287502
-0.544159
0.490305
0.490305
0.490305
0.490305
0.490305
0.490305
0.490305
-0.0919846
-0.0919846
-0.0919846
-0.0919846
0.411944
0.411944
-0.131774
-0.131774
-0.131774
-0.131774
-0.131774
-0.131774
-0.131774
-0.131774
-0.131774
-0.131774
-0.131774
0.147145
0.147145
0.147145
0.354883
-0.0670743
-0.0670743
-0.0670743
-0.0670743
-0.0670743
-0.649705
-0.649705
-0.649705
-0.649705
-0.0803266
-0.0803266
-0.0803266
-0.0803266
-0.0803266
-0.0803266
-1.11848
-0.0737166
-0.0737166
-0.0737166
-0.090568
0.766759
-0.019818
0.127037
-0.913123
-0.462075
-0.462075
-0.462075
-0.462075
-0.462075
-0.462075
-0.462075
0.600963
0.600963
0.600963
0.612309
1.41294
1.41294
0.538332
0.538332
0.103015
0.103015
-0.546592
-0.546592
-1.46741
-1.0179
-1.0179
-0.655186
-0.718514
-0.872955
-0.0431247
-0.0431247
-0.998737
-0.0571858
-0.0571858
-0.775375
0.164726
0.164726
-0.492888
-0.492888
0.0820452
0.0820452
0.0820452
0.0820452
0.0820452
-0.215973
-0.215973
-0.0741019
-0.0741019
-0.0741019
0.0652679
0.0336987
0.764021
0.19409
0.19409
0.19409
-0.636959
-0.636959
0.389772
0.389772
-0.617867
-0.617867
0.134432
0.781471
1.8356
0.804464
0.421887
0.268026
0.268026
0.42473
0.42473
0.42473
0.709709
0.709709
0.57844
-0.00170684
-0.323155
-0.323155
-0.323155
-0.223665
0.735577
0.735577
1.61252
1.61252
1.32616
1.89557
1.89557
1.96348
0.921242
0.274286
-0.0996296
0.602459
0.0905379
0.0905379
0.481884
0.481884
0.898442
0.898442
1.66515
1.66515
0.609791
-0.186325
0.481745
0.481745
0.973718
0.973718
1.29005
0.711599
0.711599
-0.28908
-0.222131
-0.67879
0.24482
-0.713635
0.189981
0.189981
0.189981
0.189981
0.189981
-0.841935
-1.31262
-1.31262
-1.56742
-0.594201
-0.594201
-0.594201
-0.177107
-0.100706
-0.100706
-0.100706
-0.100706
0.498032
-0.0678505
-0.0678505
-0.333787
0.86263
-0.158954
-0.158954
-0.158954
-0.158954
0.338472
1.33117
1.33117
0.427466
0.427466
0.427466
0.427466
-0.329855
-1.15359
-1.07469
-1.07469
-0.0961865
0.981922
1.32771
1.32771
1.32771
1.32771
0.531477
0.531477
0.531477
0.531477
-0.538786
-0.538786
-0.538786
-1.36372
-1.36372
-0.234334
-0.234334
-0.234334
-0.234334
-0.234334
-0.234334
-0.234334
-0.234334
-0.234334
0.698619
0.698619
0.698619
-0.418877
-0.418877
0.0447229
0.0447229
0.137697
1.13296
1.13296
1.13296
0.0175061
0.0175061
0.0559879
0.842364
0.842364
0.842364
0.842364
0.842364
-0.137369
-0.137369
-0.137369
-0.137369
-0.397865
-0.397865
-0.397865
-0.397865
-0.82422
-1.24268
-0.717394
-0.717394
-1.10938
-1.05907
-1.05907
-1.05907
-1.05907
-0.199276
-0.199276
-0.316865
-0.552726
0.0474555
0.487357
0.487357
-0.0811
-0.0811
-0.0811
-0.368796
-0.368796
-0.368796
-0.368796
-0.368796
0.396358
-0.377504
-0.377504
-0.377504
-0.377504
-0.142347
-0.142347
0.0624423
-1.11009
-1.11009
-1.11009
-1.11009
-1.11009
-0.333187
-0.333187
-0.333187
0.169549
0.169549
0.169549
0.169549
-0.811843
-0.811843
0.00611852
0.872923
0.872923
0.590308
-0.360263
-0.76946
-0.76946
-0.76946
-0.76946
-0.76946
-0.76946
-0.76946
-1.15764
-1.15764
-0.335265
-0.335265
-0.335265
-1.17885
-0.696062
-0.696062
-0.497249
-0.497249
-0.497249
0.131824
0.131824
0.131824
0.131824
0.131824
0.131824
0.131824
0.131824
0.131824
0.131824
0.131824
0.131824
0.131824
0.131824
0.131824
0.131824
0.131824
0.131824
0.131824
0.131824
0.131824
0.131824
0.131824
0.131824
0.131824
0.131824
0.131824
0.131824
0.131824
0.131824
0.131824
0.131824
0.131824
0.131824
-0.637632
-0.637632
-1.26971
-1.08981
-1.08981
0.0587013
1.1427
0.996812
0.945054
0.945054
1.46396
1.8718
1.8718
1.8718
1.8718
1.8718
2.0466
1.98923
1.98923
1.98923
1.93806
2.3946
2.59382
2.59382
1.87378
1.87378
1.3084
0.567625
0.0535101
-1.10247
-0.844765
-0.844765
-0.844765
-0.844765
-0.844765
-0.541624
-0.541624
-0.541624
0.107705
0.107705
0.107705
0.107705
0.850379
0.285254
0.285254
-0.267275
-0.0668988
-0.0668988
-0.0668988
-0.0668988
-0.0668988
-0.0668988
-0.0668988
-0.0668988
-0.0668988
-0.0668988
0.656754
-0.13798
-0.13798
-0.850919
-0.850919
-0.774142
-0.774142
-0.774142
0.392103
0.392103
0.392103
0.392103
0.392103
0.392103
0.392103
-0.141093
-0.141093
-0.63331
0.451046
1.43589
1.55661
1.55661
1.55661
1.55661
1.55661
1.55661
1.55661
0.855297
0.268822
0.268822
-0.443664
-0.443664
0.239627
0.870668
0.764889
0.620581
0.620581
-0.0940127
1.00286
1.00286
-0.142092
-0.917691
-0.917691
-0.917691
-1.25077
-1.25077
-1.25077
-0.490227
-0.490227
-0.490227
-0.119986
-0.43978
0.721596
0.445399
-0.515546
-0.515546
-0.06345
-0.06345
0.338894
-0.741878
-1.57296
-1.57296
-1.36241
-1.0769
-1.0769
-1.0769
-1.0769
-0.59689
-1.55577
-1.55577
-1.55577
-0.566188
-0.197425
-0.158879
-0.158879
-0.158879
-0.158879
0.121863
0.121863
0.121863
0.121863
0.507255
-0.327249
-1.332
-1.332
-1.332
-1.87698
-3.00528
-3.34765
-3.34765
-3.34765
-3.07912
-2.51271
-1.56655
-1.3814
-1.3814
-1.3814
-1.3814
-1.02244
-1.02244
-1.02244
-0.421118
0.0886314
0.754517
0.754517
0.0213196
0.0213196
0.0213196
0.0901082
0.0901082
-0.631458
-0.631458
-0.591451
-0.591451
-0.591451
-0.591451
-1.77641
-1.79565
-0.879452
-0.879452
0.284448
0.284448
0.284448
1.05965
0.214397
0.214397
0.214397
0.214397
1.2498
0.466758
0.466758
0.738697
0.738697
1.72236
1.50904
0.43662
0.43662
0.43662
0.43662
-0.454494
0.712053
1.32737
2.19051
3.20355
3.49948
2.31765
1.40411
2.475
2.63501
2.63501
3.30715
2.65756
2.65756
2.56148
1.77381
1.77381
2.83664
2.30175
1.42116
1.11907
0.319139
-0.769658
-0.769658
-1.23046
-1.14385
-1.30688
-0.888489
0.138564
0.138564
0.138564
0.138564
0.138564
0.138564
0.102878
0.102878
0.102878
0.102878
0.102878
1.18215
1.18215
0.0685078
0.0685078
0.0685078
0.0685078
0.0685078
-0.697429
-1.0473
-0.584313
-0.584313
-0.584313
-0.584313
-0.584313
-1.12589
-1.12589
-0.897204
-0.13902
-0.13902
-0.13902
-0.13902
-0.13902
0.210554
-0.78221
0.077916
-0.0701586
-0.0701586
-0.699936
0.154829
-0.844159
-0.844159
-0.844159
-0.844159
-0.844159
-0.844159
-0.844159
-0.844159
-0.844159
-0.767737
0.0666864
0.941888
0.343562
0.343562
-0.00810814
-0.941481
-0.597251
-0.597251
-0.597251
-0.597251
-0.597251
-1.22295
-0.202102
-0.202102
-0.202102
-0.202102
0.555515
0.555515
-0.552504
-0.552504
-0.552504
-0.160782
-0.160782
0.280215
0.280215
-0.316459
-0.316459
-0.316459
-0.316459
0.33055
0.33055
0.33055
0.33055
0.33055
0.33055
0.33055
0.33055
0.33055
-0.582227
-0.582227
-0.582227
-0.582227
-0.582227
-0.582227
-0.582227
-0.582227
0.586967
0.586967
1.60843
1.39463
0.844843
0.324092
0.967849
0.914074
0.914074
0.493274
0.0252201
-0.924997
-0.924997
-0.924997
-1.90378
-1.90378
-1.292
-2.4394
-2.4394
-2.4394
-2.4394
-2.90949
-2.81701
-3.62336
-4.11776
-2.95394
-2.95394
-2.95394
-2.79299
-2.28778
-1.63789
-1.63789
-1.62924
-0.46079
-1.48137
-1.48137
-1.52195
-2.15262
-1.99628
-2.74499
-2.28084
-2.28084
-2.19647
-2.03864
-2.03864
-1.88484
-1.88484
-2.24344
-1.67848
-1.67848
-2.40559
-1.77906
-0.776219
-1.91381
-1.91381
-1.0265
0.0945963
0.0945963
-0.550567
0.220858
0.220858
-0.858741
-0.858741
-1.96927
-2.34708
-2.06725
-2.06725
-2.06725
-2.06725
-2.06725
-2.06725
-1.31535
-0.854757
-1.55814
-1.55814
-1.55814
-1.55814
-2.09382
-2.30662
-2.30662
-2.77114
-2.77114
-2.27008
-1.77151
-1.86362
-0.866254
-0.860665
-0.860665
-0.860665
-0.519358
-0.519358
0.125976
0.125976
0.125976
-0.450019
-1.55838
-1.55838
-1.69386
-1.25435
-1.25435
-1.25435
-1.27464
-0.959918
-0.959918
-0.959918
0.0301563
0.0301563
0.0301563
0.0301563
0.614122
-0.570049
-0.570049
0.390414
0.390414
0.390414
0.390414
0.390414
-0.49383
-0.49383
-0.378947
-0.257755
-0.257755
-0.832474
-0.832474
-0.832474
0.22393
0.22393
-0.0146323
-0.0146323
-0.0146323
-0.0146323
-0.0146323
-0.0146323
0.760521
0.760521
1.08978
1.08978
1.03076
1.03076
1.94314
2.12404
2.98857
2.98857
2.99469
2.23505
1.25105
0.650552
0.650552
0.676579
0.758144
0.26746
0.65893
0.272887
0.272887
0.557348
1.22604
1.22604
1.22604
1.42539
1.92595
2.23495
2.23495
1.68328
1.70116
1.13363
1.66602
1.62785
0.49236
0.144364
0.586598
-0.35013
0.0666005
0.178639
0.292761
-0.282268
-0.282268
-0.745613
-0.70423
-0.70423
-1.22137
-0.0344227
-0.214481
0.43109
0.43109
0.43109
0.43109
1.47416
0.637352
0.637352
-0.0755765
-0.0755765
-0.0755765
-0.0755765
-1.03546
-1.0676
-1.0676
-0.109951
-0.109951
0.326428
-0.106315
-0.106315
-0.953391
-0.637155
-1.3597
-1.2291
-0.306833
-0.306833
0.88667
0.88667
0.88667
0.88667
0.88667
0.88667
0.23368
0.672317
0.672317
0.672317
0.672317
0.259034
0.259034
-0.013881
-0.013881
-0.013881
0.705708
-0.112849
0.505778
-0.687041
-0.687041
-1.50105
-1.74318
-1.37782
-0.330917
-0.109348
-0.583779
0.521763
1.39804
0.559657
-0.272178
-0.272178
-0.272178
-0.474586
0.116918
0.116918
-0.598764
-0.598764
-0.598764
-1.03804
-1.03804
-0.783938
-0.783938
-0.783938
-0.607388
0.526856
1.18489
1.18489
1.53637
0.641012
0.641012
0.641012
0.641012
0.641012
0.179758
0.179758
0.179758
0.2014
0.2014
-0.709501
-0.709501
0.47927
0.47927
-0.442006
-0.591129
-0.673866
-0.673866
0.22061
0.22061
1.10526
0.245099
1.39392
0.284465
0.180282
-0.833938
-1.29007
-0.519611
-0.519611
-0.519611
-0.519611
-0.172244
-0.207243
-0.207243
-0.207243
-0.207243
-0.705411
-0.199481
-0.0866326
-0.0866326
0.240224
0.240224
-0.772415
-0.107634
0.24838
0.238153
0.238153
0.528995
0.528995
0.528995
0.528995
0.791286
0.791286
0.959275
0.324406
0.324406
-0.499454
-0.499454
-0.499454
-0.499454
-0.499454
-0.499454
-0.365703
-1.37742
-2.1687
-1.35493
-1.25406
-0.0801945
1.03428
0.837661
0.837661
-0.325773
-0.24991
-0.24991
0.586759
1.02168
0.600174
0.600174
0.600174
0.600174
-0.569001
-0.569001
-0.569001
-0.569001
0.173184
0.173184
0.524992
0.524992
1.43033
1.43033
1.43033
1.43033
0.550696
0.916603
0.916603
0.916603
0.916603
-0.251593
-0.251593
-0.251593
0.594396
0.0897546
1.12192
0.909208
0.556668
0.556668
0.783768
0.783768
0.0557017
0.0557017
0.0557017
-1.0021
-1.0021
-1.0021
-1.21738
-1.21738
-1.21738
-1.06048
-1.36682
-1.36682
-1.36682
-1.38718
-1.38718
-1.69032
-1.69032
-1.69032
-1.00424
-1.00424
-1.32378
-1.59287
-1.59287
-1.59287
-0.566452
-0.945235
0.115549
0.115549
1.26916
2.26752
2.26752
2.26752
2.08793
1.68846
1.68846
1.68846
0.726743
1.19854
1.19854
1.19854
1.19854
1.19854
1.19854
1.29275
0.404119
0.404119
1.14565
1.63802
1.63802
1.63802
1.33858
1.33858
1.33858
1.33858
1.33858
1.37649
1.37649
0.923327
0.923327
0.256834
0.296521
-0.212396
0.0630446
-0.0371114
-0.0371114
-0.0371114
-0.0371114
-0.0371114
-0.0371114
-0.0371114
-0.0371114
-0.0371114
0.996696
0.996696
1.15509
0.26131
0.26131
0.26131
0.26131
0.26131
0.26131
0.26131
0.26131
-0.932817
-1.49936
-1.32968
-0.411782
-0.174708
-0.174708
-1.03099
-1.03099
-0.753725
-0.753725
-0.753725
-1.3
-0.594146
-0.892088
-0.892088
0.078521
0.317327
0.317327
-0.285777
-0.285777
0.111874
-1.06436
-1.70033
-1.70033
-1.70033
-1.70033
-1.70033
-1.70033
-1.83101
-1.56116
-0.581335
-0.581335
-1.10223
-1.10223
-1.10223
-1.52342
-1.79571
-1.79571
-0.781268
-0.781268
-0.781268
-0.781268
-1.31306
-1.31306
-1.31306
-1.31306
-0.393634
-0.393634
-1.41367
-1.84434
-1.99464
-0.854581
-0.854581
-0.854581
-0.854581
-0.854581
0.149013
0.149013
0.149013
-0.848547
-0.355431
-0.355431
-0.413471
-0.533608
0.012236
-0.392019
0.459054
-0.245242
-0.245242
-0.245242
-0.245242
-0.245242
-1.27523
-1.9014
-2.25972
-1.57348
-1.13589
-0.0878695
0.444537
0.997227
0.997227
0.677414
0.677414
0.677414
0.143345
0.143345
0.143345
0.143345
-0.804306
0.134441
0.00734258
0.00734258
0.127725
-0.91557
-1.40075
-1.40075
-1.09264
-1.54626
-1.54626
-1.54626
-1.1835
-1.09932
-1.09932
-1.09932
-1.51147
-1.51147
-1.55084
-1.55084
-2.17239
-2.17239
-2.17239
-1.07265
-1.07265
-0.444531
-0.444531
-0.973352
-0.124682
0.393013
0.478779
0.478779
0.478779
0.326221
0.326221
0.326221
-0.399097
-0.399097
-0.802471
-0.802471
-1.01905
-1.01905
-1.01905
-0.0377544
0.202506
0.202506
0.309747
0.309747
0.0883315
0.0883315
0.0883315
0.0883315
0.0883315
0.0120433
-0.839553
-0.839553
-0.839553
0.0925665
0.552136
0.552136
0.552136
0.367062
0.367062
-0.817491
0.0889615
1.27505
1.27505
1.38755
0.19317
0.19317
0.945775
0.945775
1.10973
1.10973
1.10973
1.41456
1.41456
1.41456
0.985521
0.985521
0.749199
0.332381
0.332381
0.332381
0.332381
0.498335
0.162581
0.162581
0.162581
0.162581
0.162581
0.162581
0.162581
0.278147
0.998617
-0.000597626
-0.000597626
-0.000597626
-0.000597626
-0.5183
-0.5183
-0.5183
-0.299603
0.0314449
-0.177677
0.279401
0.279879
-0.30427
-0.216131
-0.807427
-0.645689
-0.696832
-0.696832
-0.264072
-0.264072
-0.264072
-0.264072
-1.25045
-0.572562
-1.14643
-0.277262
0.864443
0.952932
-0.184268
-0.154165
-0.154165
-0.604851
0.486143
0.486143
0.486143
-0.269933
-0.269933
-0.0482408
-0.0482408
-0.0482408
-0.0482408
-1.10105
-0.475119
-0.689868
0.390006
0.390006
0.390006
0.390006
0.641731
0.641731
0.641731
0.641731
1.13516
1.13516
1.34469
1.6265
0.856177
0.856177
0.810907
0.810907
0.810907
0.810907
0.731991
0.731991
0.731991
0.731991
0.731991
0.731991
0.436294
0.436294
0.436294
1.0493
1.0493
1.13896
1.13896
1.18907
0.531441
0.531441
0.531441
0.281467
-0.240515
-0.240515
-0.240515
-0.240515
0.219405
0.219405
0.219405
-0.454184
-0.454184
-0.454184
-0.454184
-0.655761
-0.655761
-0.141948
0.506409
-0.679853
-0.679853
0.0131867
-0.649293
-0.649293
0.416614
0.416614
0.416614
0.416614
0.416614
0.416614
0.416614
0.0891664
0.0891664
0.0891664
0.0891664
0.0891664
0.0891664
0.0891664
0.0891664
-0.592045
-0.592045
-0.592045
-0.453103
-0.899246
-0.108568
-0.660834
-0.660834
-0.660834
-0.660834
-1.39021
-1.25674
-0.242156
-0.242156
0.5895
-0.476839
-0.281157
-0.281157
-0.281157
-0.281157
-0.281157
-0.281157
0.274823
0.274823
0.274823
-0.378889
-0.378889
-0.266169
-0.266169
-0.266169
-0.266169
-0.971157
-1.51948
-1.51948
-1.51948
-1.51948
-1.92881
-1.68405
-1.68405
-1.68405
-1.68405
-1.68405
-0.838925
-0.838925
0.0997205
0.191256
0.191256
0.573513
-0.0586599
-0.0586599
-0.163764
-0.163764
-0.163764
-0.163764
-0.163764
-0.163764
1.0268
1.0268
1.9329
1.57823
0.383391
0.790856
0.790856
0.790856
0.790856
0.790856
0.271873
0.271873
0.271873
0.271873
0.271873
0.656583
0.656583
0.656583
0.656583
0.304622
0.304622
0.304622
0.304622
0.536998
1.09869
0.988006
0.988006
0.988006
0.988006
-0.0314543
-0.129204
-1.08202
-1.08202
-1.17062
-1.17062
-1.17062
-0.100126
-1.22414
-1.22414
-2.25759
-2.25759
-2.25759
-2.08099
-2.08099
-2.0126
-2.0126
-2.89172
-2.89172
-1.73661
-2.61237
-1.64372
-1.64372
-1.64372
-2.7947
-1.80614
-1.80614
-1.24867
-1.81176
-1.81176
-1.81176
-0.869198
-0.405547
0.227189
1.27785
1.27785
0.548094
-0.411248
-0.411248
-0.411248
0.643248
0.643248
0.0736284
0.0736284
0.0736284
0.0736284
1.12917
1.12917
1.12917
1.12917
1.12917
0.308351
-0.77886
-0.375643
-0.375643
-0.375643
-0.0773317
-0.585509
0.573517
0.771501
0.914931
0.741823
0.741823
-0.342631
-0.658993
-0.230514
-0.435253
-0.746675
-0.746675
-0.973389
-1.45174
-0.748698
0.441135
0.502044
0.502044
0.502044
0.502044
0.502044
0.502044
0.452256
-0.74227
-0.74227
-0.74227
0.181147
0.181147
-0.785593
-0.440348
-0.209919
-0.209919
-1.03935
-1.03935
-1.03935
-0.711887
-0.711887
-1.37249
-0.467265
0.293072
-0.238598
0.822039
0.822039
0.822039
0.822039
-0.0837231
-0.103765
-1.11131
-1.96754
-1.96754
-3.09837
-3.09837
-3.22337
-3.72802
-3.72802
-3.72802
-3.74424
-3.74424
-3.74424
-2.57094
-2.57094
-3.17953
-3.17953
-3.58807
-2.71473
-2.71473
-2.41831
-2.41831
-2.41831
-3.08785
-3.62745
-3.38816
-3.23933
-2.76116
-2.37798
-2.52167
-2.52167
-1.95609
-2.16661
-2.16661
-1.70923
-0.744401
0.0892341
-0.941144
0.235403
-0.0839506
-0.195713
-0.195713
-0.195713
-0.195713
-0.195713
0.796809
0.796809
0.796809
1.8534
0.932669
0.462699
0.462699
0.381569
0.381569
0.381569
-0.510551
-0.510551
-1.67779
-1.34769
-1.34769
-1.34769
-1.34769
-1.33954
-1.77136
-1.77136
-1.89874
-1.17862
-1.17862
-1.17862
-1.17862
-0.056125
-0.056125
-0.056125
0.448896
1.30348
1.43668
1.43252
1.42931
1.0801
1.0801
1.0801
1.0801
1.0801
1.0801
0.209258
0.209258
0.209258
1.39752
0.454698
0.454698
-0.716599
-0.325579
-0.325579
-0.167688
-0.167688
1.01832
0.267936
0.267936
0.267936
0.267936
0.267936
0.267936
1.0423
0.989398
1.09219
1.09219
1.09219
1.09219
0.898661
0.257608
0.257608
0.257608
0.257608
0.257608
0.257608
-0.933064
-0.933064
-0.933064
-0.933064
-0.933064
-0.435873
-1.45836
-1.45836
-1.45836
-0.438125
-0.438125
-1.26296
-1.26296
-1.26296
-0.725841
-0.725841
0.293499
-0.830367
-0.399902
-0.903615
-0.903615
-0.903615
-0.903615
-0.903615
-0.903615
-1.32418
-1.32418
-0.195537
-0.195537
-0.195537
-0.195537
-0.409328
-0.409328
-0.907401
-0.602775
-0.448646
-0.448646
-1.3013
-0.500299
0.303069
0.303069
0.303069
0.303069
0.303069
0.303069
0.303069
0.303069
1.08296
0.547673
0.547673
0.547673
0.547673
-0.216907
-1.32227
-1.61825
-1.78216
-0.770972
-0.770972
-0.770972
-0.0472889
-0.0472889
0.71636
0.547953
0.336576
0.336576
-0.516395
0.661301
0.661301
-0.46575
-0.0351113
-0.0351113
-0.0351113
-0.0351113
-0.0351113
0.736025
0.359278
0.359278
-0.468164
-0.236648
-0.540409
-0.540409
-0.743767
-0.743767
-0.743767
-0.318521
-0.318521
-0.0836061
-0.453994
0.42998
0.42998
-0.557288
-0.519811
-0.658985
-0.658985
-0.349368
-0.349368
0.722678
0.722678
0.722678
0.722678
0.722678
1.01515
0.821152
1.35932
1.88808
1.41914
1.01397
1.1578
1.1578
1.1578
1.1578
0.36494
0.36494
0.36494
0.36494
0.36494
0.36494
0.36494
0.36494
0.36494
0.36494
0.36494
0.36494
0.36494
0.36494
0.36494
-0.237137
-0.466191
-0.395023
0.691854
0.438196
1.01193
-0.0984919
-0.0984919
-0.0984919
0.402945
-0.673807
0.482286
0.482286
0.482286
0.482286
0.482286
0.482286
0.482286
0.537909
0.537909
0.537909
0.537909
-0.276903
-0.276903
-0.276903
0.180382
-0.365073
-0.0104371
0.594095
0.594095
0.284721
0.284721
0.284721
-0.277378
-0.277378
-0.277378
-0.571905
-0.760152
-0.760152
0.134648
0.134648
0.134648
0.921061
1.18894
0.472018
0.839784
0.839784
-0.222567
-0.222567
-0.222567
-1.26514
-1.26514
-1.26514
-1.26514
-1.26514
-1.69589
-1.69589
-1.23202
-1.23202
-1.23202
-2.10503
-2.10503
-2.10503
-1.24373
-1.24373
-1.24373
-1.24373
-1.26723
-1.26723
-1.26723
-1.26723
-0.592508
-0.592508
-0.592508
0.442026
0.442026
0.1597
-1.00386
-1.00386
-0.014533
0.742568
0.742568
-0.380187
0.713388
-0.427616
-0.427616
0.298432
-0.35816
0.574156
0.574156
0.574156
0.574156
-0.484106
-0.484106
-1.28258
-1.28258
-0.595731
-0.595731
-0.595731
-0.595731
-0.595731
-0.595731
-0.882981
-0.812312
-0.812312
-1.58492
-1.58492
-1.58492
-1.22033
-0.0752168
-0.0752168
-1.12123
-0.1151
0.0833337
-0.555064
0.598884
0.598884
-0.589587
-0.589587
-0.589587
-0.933246
-0.933246
-0.933246
-0.933246
0.0568324
0.0568324
-0.99493
-1.06348
-1.68411
-0.642648
0.229236
-0.671477
-1.29411
-1.72161
-1.19566
-0.204803
-1.07225
-0.612261
-1.36956
-1.36956
-1.14376
-1.14376
-0.303354
-0.303354
-0.70727
0.33182
0.33182
0.0242868
0.704035
0.704035
0.704035
0.704035
0.388527
-0.366074
0.40578
0.992064
2.13328
1.22323
1.22323
1.22323
1.56657
1.56657
1.56657
2.05659
2.17407
2.34433
1.60995
1.60995
1.60726
1.82492
2.22474
1.48457
1.48457
0.330588
0.330588
1.03544
-0.142456
0.47353
0.47353
0.47353
0.876265
0.876265
0.876265
0.876265
0.876399
0.934519
0.509689
-0.554421
-0.554421
0.376556
0.376556
-0.379536
-0.379536
-0.379536
-0.379536
0.148834
-0.379675
-1.35571
-1.35571
-0.497305
-0.315073
-1.16368
-1.16368
-1.16368
-1.16368
-1.16368
-1.16368
-0.209924
-0.263266
0.123491
0.627174
1.02719
1.70616
1.67862
1.67862
1.67862
1.67862
1.94909
1.94387
1.94387
1.04823
1.04823
1.04823
1.04823
0.24506
-0.882328
0.109815
0.858385
0.958898
1.29509
1.29509
2.06175
3.21034
2.43723
2.16129
2.16129
2.40652
2.40652
2.40652
2.40652
2.40652
2.40652
1.72571
1.72571
1.72571
1.09771
1.09771
1.52508
0.944332
1.05467
0.368477
0.368477
0.368477
0.942667
-0.128151
0.171815
0.989562
0.0300668
-0.288422
-0.288422
-0.288422
-0.288422
-0.288422
-0.288422
-0.288422
-0.288422
-0.288422
-0.288422
-0.288422
-0.288422
-0.288422
0.568696
-0.58772
-0.58772
-0.58772
-1.57907
-2.16428
-1.08708
-0.503764
-0.503764
-0.503764
-0.0547559
-0.585546
-0.585546
-0.585546
-0.585546
-0.585546
-0.639046
-0.639046
-0.060499
0.596618
0.596618
1.26049
1.22756
0.186553
-0.272815
-0.272815
-0.55324
-0.55324
-0.55324
0.38889
-0.363247
-0.251264
0.927782
1.14024
1.14024
0.981866
0.897758
0.897758
0.897758
0.897758
-0.214294
-0.214294
-0.214294
-0.552286
-0.552286
-0.552286
-0.552286
0.0627088
0.252985
0.252985
0.252985
0.97422
0.190339
1.0884
1.0884
0.788652
0.788652
-0.18309
-0.968358
-0.968358
-1.37586
-1.37586
-1.37586
-1.37586
-2.45068
-3.63491
-3.63491
-3.63491
-3.75881
-3.75881
-3.75881
-3.75881
-3.75881
-2.68035
-2.68035
-2.68035
-2.68035
-2.68035
-2.22699
-2.22699
-1.81023
-1.81023
-1.27558
-1.43563
-1.43563
-1.43563
-1.19753
-1.76395
-1.76395
-0.745717
-0.745717
0.444622
-0.118468
-0.118468
-0.118468
-0.118468
-0.118468
0.818352
1.50617
1.50617
1.50617
2.41438
2.41438
1.97667
1.20937
0.190298
0.190298
-0.4849
-0.4849
-0.4849
-0.4849
0.384852
0.384852
1.03787
1.31401
1.31401
2.13995
2.13995
2.05844
2.05844
2.05844
1.04067
1.04067
0.0738161
-0.263971
0.484296
-0.404263
-0.404263
-0.404263
-0.404263
0.322454
1.04202
0.0988439
0.0988439
0.0988439
0.261532
-0.2384
0.88471
0.88471
0.88471
0.88471
0.88471
1.01478
1.01478
1.01478
1.01478
1.01478
1.01478
1.01478
0.19092
0.952105
1.04246
2.19684
2.19684
2.19684
1.37339
0.367034
1.02704
1.83251
1.83251
1.83251
1.04278
1.04278
1.04278
-0.076344
-0.076344
-0.076344
0.72472
0.360832
0.360832
0.81851
1.28169
1.28169
0.592032
0.592032
0.592032
-0.229848
-0.229848
0.927393
0.927393
0.927393
0.927393
0.927393
0.927393
0.927393
0.454261
-0.613652
0.216975
-0.306087
-0.306087
0.782505
0.212697
0.212697
0.212697
-0.599711
-0.0473099
0.681574
0.681574
0.681574
0.681574
0.681574
0.681574
-0.191789
-0.191789
-0.191789
-0.191789
-0.231863
-0.231863
0.955868
1.56256
1.56256
0.851315
1.98628
1.98628
1.98628
3.07862
3.00145
2.05111
2.00604
2.45862
2.45862
1.50238
1.50238
2.45555
2.46699
2.46699
2.46699
2.46699
2.03524
2.62082
2.64354
2.48626
3.28907
2.39489
1.56349
0.396447
0.396447
0.123878
0.123878
-0.345671
0.539042
0.429185
0.429185
-0.717816
-0.717816
-0.717816
-0.228239
-0.228239
-0.228239
-0.228239
-0.228239
-0.228239
-0.228239
-0.53144
-0.910075
-0.910075
0.248553
0.248553
0.248553
0.248553
-0.643223
0.395918
0.395918
0.212141
-0.582083
-0.582083
0.341057
0.163549
0.163549
0.163549
0.163549
0.163549
0.163549
0.163549
0.163549
0.163549
0.163549
0.163549
0.163549
0.163549
0.163549
0.163549
0.163549
0.190549
0.190549
0.951012
0.141521
0.383944
-0.656893
-0.656893
-0.656893
-0.656893
-1.51423
-0.486891
-0.486891
-0.486891
0.401494
0.948285
0.948285
0.277149
1.05517
-0.00501617
-0.752757
-1.214
-1.214
-0.762995
0.302618
0.302618
-0.11272
-0.0331132
0.0793779
-0.885649
-1.42386
-1.42386
-1.42386
-0.736767
-0.980972
-0.218147
0.428902
0.876785
1.16663
0.233691
0.233691
0.677739
0.531847
-0.525688
0.629219
1.31186
1.31186
1.31186
1.13592
1.13592
1.13592
1.13592
1.13592
1.13592
1.13592
0.662238
-0.152836
-0.152836
0.588664
0.588664
0.58084
0.58084
0.58084
0.182631
0.182631
0.182631
0.560868
0.560868
0.560868
0.560868
1.20416
1.20416
1.20416
1.20416
0.855112
0.796366
0.796366
0.324361
0.803088
0.803088
0.803088
0.803088
0.21949
0.21949
0.21949
-0.523019
-0.523019
-0.523019
0.316027
0.316027
-0.593249
-0.593249
-0.593249
-0.593249
-0.593249
-0.593249
-0.593249
-0.785557
0.241299
0.196497
0.196497
0.196497
0.196497
0.196497
0.840463
0.840463
0.840463
0.840463
0.255926
0.783509
0.783509
0.783509
0.783509
0.120753
1.09641
1.09641
1.15003
1.15003
1.15003
1.91146
1.2005
0.830223
1.34114
1.34114
1.34114
1.71078
1.71078
1.2707
0.702225
-0.377126
-0.377126
-0.631221
0.00797535
0.00797535
-0.151476
-0.335864
-0.335864
-0.536999
-0.536999
-0.867826
-0.557037
-0.557037
-1.1843
-2.28808
-2.28808
-2.996
-2.84273
-2.39183
-1.64155
-1.42502
-0.534789
-0.768357
-0.338139
-0.338139
-0.215106
-0.215106
-0.215106
-0.215106
0.664921
1.41216
1.5343
1.90191
1.6762
1.6762
0.938747
0.938747
0.938747
0.938747
0.938747
1.09715
1.09715
1.03779
1.03779
-0.153845
-0.153845
0.268664
0.268664
0.268664
-0.865865
-1.12177
-1.84756
-1.80834
-1.80834
-1.28938
-0.118987
-0.118987
0.660125
0.660125
0.616364
0.580307
0.580307
0.0329859
0.0329859
0.0329859
0.0329859
0.0329859
0.101014
-0.462569
-0.462569
-0.462569
0.259659
0.140811
-0.582944
-1.44132
-1.44132
-1.44132
-0.797312
0.00360989
0.00360989
-0.907915
0.13116
0.13116
0.13116
0.13116
0.13116
0.13116
-0.585986
-0.585986
0.182495
-0.82885
-0.82885
-0.0780861
-0.0780861
-0.0780861
-0.0780861
-0.633595
-0.471666
0.620718
1.41949
1.41949
1.41949
1.72703
1.46303
2.56034
1.89056
1.89056
2.35577
2.5204
3.21155
3.69669
3.18983
2.765
2.1693
2.1693
2.35039
1.65437
1.41637
0.250608
1.43862
0.591087
0.591087
0.591087
0.591087
1.32888
2.44295
2.21356
2.21356
2.21356
1.23128
1.23128
1.23128
2.05713
1.82531
0.770024
0.113532
-0.949061
0.195479
0.399126
0.399126
0.399126
0.399126
0.399126
0.399126
0.399126
0.399126
0.399126
1.44677
1.44677
1.44677
1.44677
1.44677
1.44677
1.44677
0.587025
0.587025
0.0379373
0.273566
0.273566
0.273566
0.273566
-0.755451
0.138215
0.138215
0.126447
0.126447
-0.128914
-0.128914
-0.128914
-0.128914
-0.128914
0.465841
0.302319
0.302319
0.191169
0.191169
-0.420087
0.709169
0.021366
0.021366
1.21236
0.158023
-0.655875
-0.655875
0.519466
-0.655627
-0.655627
-0.655627
-0.0936068
0.427049
1.53851
1.53851
1.53851
1.53851
1.53851
1.12491
0.139289
0.365679
1.11987
1.11987
1.11987
1.43484
1.9247
1.9247
1.9247
1.19456
0.0236191
0.0236191
0.0236191
0.211364
0.211364
0.747919
0.9561
0.9561
0.9561
0.9561
0.9561
0.9561
0.603994
0.603994
0.603994
1.14318
0.428798
0.428798
1.00683
0.00547782
0.00547782
-0.290559
-0.115175
0.792402
0.792402
-0.180289
-0.180289
0.327995
0.327995
0.327995
0.327995
0.327995
0.327995
0.327995
1.51872
1.51872
1.278
1.278
1.278
1.40148
1.40148
0.905743
0.905743
0.905743
0.798065
-0.13867
0.00084854
0.117403
0.117403
1.23339
1.23339
1.23339
1.09343
1.09343
1.09343
1.09343
1.09343
0.430082
0.375481
0.375481
-0.544572
0.161457
0.61262
0.607988
0.607988
0.607988
1.50393
1.50393
1.50393
1.73718
2.1562
2.1562
2.25739
2.88571
2.66255
1.80578
1.70425
1.45375
0.625932
-0.564169
-1.17577
-1.17577
-1.53596
-1.53596
-1.53596
-1.53596
-1.77743
-1.58277
-0.714068
-0.662166
0.40873
1.42577
1.42577
1.17578
0.056547
-0.473454
-0.473454
0.044666
-0.80724
-1.26161
-1.26161
-1.07042
-1.07042
-0.230443
-0.290148
-0.326142
-0.0214292
-0.0214292
0.394636
0.394636
0.394636
0.394636
-0.0291144
0.969787
0.969787
0.969787
0.969787
0.969787
0.969787
0.969787
0.969787
0.969787
-0.118581
-0.42848
0.233266
0.233266
0.233266
0.233266
0.248623
-0.555979
0.542426
-0.50787
0.18713
-0.307464
0.353216
0.649177
0.649177
1.21885
1.17634
1.17634
1.17634
1.70152
2.21786
2.21786
2.13703
2.92509
2.54574
2.89057
2.89057
2.89057
2.89057
2.4389
2.4389
1.94167
1.90447
0.911893
0.709573
0.709573
0.640791
-4.3663e-05
0.0121474
0.983004
0.726403
0.726403
0.726403
0.726403
0.510226
0.510226
1.38813
1.38813
1.38813
1.38813
1.38813
1.38813
0.974116
0.974116
1.90008
2.56131
1.40979
1.40979
0.745327
0.710371
1.31704
0.766519
0.213668
0.0938296
0.0938296
0.0938296
0.206576
0.516137
0.516137
0.516137
0.516137
1.23485
1.23485
1.70587
1.70587
1.70587
1.70587
1.50542
1.50542
1.50542
0.789456
0.789456
0.789456
0.789456
0.789456
-0.1339
-0.1339
0.439668
0.439668
0.439668
0.439668
-0.626368
-0.626368
-0.626368
-0.626368
-0.626368
-0.626368
-0.626368
-0.626368
0.270424
-0.792575
-0.342127
-1.06453
-0.795302
-1.26319
-1.26319
-1.26319
-0.550577
0.0325952
0.0325952
1.20665
1.20665
0.0295528
0.957699
1.34247
1.34247
1.34247
1.34247
1.32075
1.32075
1.32075
0.50964
0.960286
0.847691
0.847691
0.847691
0.847691
0.847691
0.847691
0.847691
0.847691
0.847691
1.39499
1.39499
1.39499
1.39499
1.15642
0.375723
-0.473151
-1.17623
-1.17623
-1.17623
-1.17623
-1.17623
-1.89381
-1.89381
-0.94159
-0.94159
0.192668
0.970313
1.16874
0.812039
0.290885
0.290885
0.290885
-0.823761
-1.0947
-1.0947
-0.896352
-0.896352
-0.896352
0.00234635
0.268422
-0.208218
-0.208218
-0.208218
-0.208218
-1.11367
-0.356697
-0.356697
0.524562
0.524562
0.524562
-0.45105
0.311955
0.311955
0.311955
-0.32808
0.706052
0.706052
0.1172
0.681772
0.681772
0.681772
0.681772
0.681772
0.681772
0.681772
0.747038
0.827858
0.827858
-0.0420143
-0.0420143
-0.833552
-0.833552
-0.833552
-0.0162973
-0.0162973
-0.823969
-0.823969
-0.674672
-0.674672
-0.474966
-0.474966
-0.474966
0.700417
0.700417
0.700417
0.700417
0.700417
1.48301
1.48301
1.48301
1.16673
1.16673
1.16673
0.147527
0.147527
0.147527
0.762504
0.302721
0.302721
0.540922
1.20761
0.86977
-0.181586
-1.05565
-0.292298
-0.76853
-0.76853
0.0298564
0.0298564
-0.126757
0.588484
0.67494
1.44261
1.91392
1.95643
1.95643
1.95643
1.69158
1.22565
1.22565
0.272733
-0.346969
-0.346969
-0.346969
-0.346969
-0.346969
-1.09952
-1.09952
-1.37909
-0.670165
0.411056
0.791468
-0.22606
-0.22606
-0.11613
0.853749
0.552923
-0.288768
0.19218
-0.505893
-0.505893
-0.505893
-0.505893
-0.505893
0.596817
0.596817
-0.559645
-0.559645
-0.559645
-0.635924
0.43611
0.598225
-0.351946
0.78065
0.78065
0.685579
0.232376
-0.769197
-1.29341
-1.29341
-0.200532
-0.200532
-0.324518
-0.324518
0.131918
0.131918
-0.695843
-0.695843
-0.0955061
0.745448
0.745448
1.42216
0.357581
0.357581
0.357581
0.357581
-0.15174
-0.15174
0.271197
0.0106918
0.0106918
-0.931505
-1.19915
-0.82496
-0.82496
-0.851215
-1.18513
-0.675725
-0.675725
-0.697374
-0.697374
-1.01517
-1.01517
-1.01517
-1.01517
-1.01517
-0.62036
0.0452447
0.0452447
0.0452447
0.0452447
0.0452447
1.01453
0.772398
0.772398
0.772398
0.522852
0.522852
0.901327
0.377867
0.377867
0.377867
0.377867
0.377867
0.377867
0.377867
0.76614
0.76614
0.76614
0.76614
1.52123
1.52123
0.375334
0.523892
0.23534
-0.113215
-0.113215
-0.113215
-0.113215
-0.113215
-0.113215
-0.113215
-0.113215
-0.113215
-0.113215
-0.113215
-0.113215
-0.113215
-0.113215
-0.113215
-0.113215
0.905711
0.905711
0.905711
0.905711
-0.00135749
-0.00135749
-0.00135749
-0.393488
0.00396989
0.00396989
0.00396989
0.00396989
0.00396989
0.00396989
0.00396989
0.00396989
0.00396989
0.00396989
0.00396989
0.00396989
0.00396989
0.00396989
0.00396989
0.00396989
0.00396989
0.00396989
0.00396989
0.00396989
0.00396989
0.00396989
0.00396989
0.00396989
0.00396989
0.00396989
1.02278
2.05202
1.99077
1.99077
1.52552
2.2825
2.2825
2.2825
1.6695
1.6695
0.990106
0.990106
1.87321
1.87321
1.24731
1.24731
0.914812
0.254388
1.05375
1.05375
1.05375
1.30138
2.38071
1.30438
1.30438
1.30438
1.30438
1.30438
1.30438
1.30438
2.12261
2.12261
2.12261
3.27842
3.27842
2.71229
1.84248
1.84248
1.84248
0.7839
0.674203
0.674203
-0.156045
-0.156045
-0.156045
-0.126735
-0.701515
-0.701515
-0.701515
-0.701515
-0.701515
-0.701515
-0.701515
-0.701515
-0.701515
-0.701515
-0.701515
-0.701515
-0.701515
-0.221007
-1.03549
-0.0788538
0.187906
-0.330123
-0.330123
-0.796175
-1.11595
-0.538918
0.360446
-0.710484
-1.09863
-1.09863
-1.4534
-1.4534
-0.993865
-0.993865
-0.741722
-0.741722
-0.540442
-0.871039
-0.871039
-1.45699
-1.45699
-1.45699
-1.45699
-2.12949
-2.16128
-1.27072
-1.27072
-1.27072
-1.90734
-1.90734
-1.90734
-1.12311
-0.264255
-1.27112
-1.27112
-1.27112
-1.26599
-1.26599
-1.26599
-0.709321
0.486332
0.486332
0.486332
0.486332
0.486332
-0.623702
-1.49198
-1.49198
-1.49198
-0.591292
-0.190705
-0.114817
-1.1597
-0.701046
-0.701046
-1.88764
-1.88764
-1.88764
-1.88764
-1.88764
-0.706875
-0.706875
0.320063
0.320063
0.320063
0.320063
0.320063
0.320063
0.320063
-0.609413
-0.609413
-0.609413
-0.609413
0.421272
0.421272
0.421272
0.421272
-0.210503
-0.210503
0.310433
0.864343
0.864343
0.864343
0.864343
0.864343
0.00752131
0.643151
0.674677
1.01019
1.53129
1.3087
0.95444
0.95444
0.95444
0.95444
0.170644
0.170644
0.170644
0.170644
0.170644
-0.960312
-0.960312
-0.960312
-0.960312
-1.29314
-0.171747
-0.171747
-0.171747
-0.171747
-0.0669503
0.495666
0.0743247
0.0743247
0.278242
0.765687
0.765687
0.734494
-0.282288
-0.282288
-0.223961
-0.223961
0.704671
-0.472139
-0.472139
0.412637
0.383661
0.383661
0.383661
0.383661
-0.250651
-0.250651
0.000693329
0.000693329
0.485661
0.485661
0.107253
-0.87215
-0.87215
-0.87215
-0.87215
-0.87215
-0.389939
-0.389939
-0.389939
-1.05108
-1.05108
-0.066254
-0.066254
-0.066254
0.668099
0.668099
0.668099
-0.234706
-0.372998
-0.142093
0.223117
0.223117
0.223117
-0.383403
-0.857983
-0.857983
-0.857983
-0.857983
-0.857983
-0.857983
-0.463499
-0.463499
-0.900181
-0.900181
-0.900181
-0.900181
-0.900181
-0.900181
-0.900181
-0.900181
-0.189091
-1.26408
-0.466692
-0.232109
-1.24044
-1.77261
-1.77261
-2.20437
-1.33757
-1.33757
-0.160872
-0.160872
-0.160872
-0.238245
-0.238245
-0.238245
-0.238245
0.800639
0.800639
0.617491
1.03707
1.03707
1.03707
1.03707
1.03707
0.607898
0.607898
0.244828
0.138574
-0.864794
-0.864794
-0.864794
-0.118679
-0.118679
-0.118679
-0.80836
-0.80836
-0.80836
-0.273719
-0.273719
-0.662208
0.279881
0.279881
0.279881
0.279881
0.279881
0.279881
0.279881
0.279881
-0.0842034
-0.88528
-0.88528
-0.88528
-0.88528
-0.88528
-0.88528
-0.88528
-0.472454
-0.472454
-0.472454
-0.472454
-0.472454
0.311695
1.18621
1.18621
0.721893
0.721893
0.721893
0.721893
-0.152324
-0.152324
-0.152324
-0.152324
-0.152324
-0.152324
-0.152324
-0.152324
-0.152324
-0.152324
-0.152324
-0.0095374
1.09005
0.686625
0.686625
0.686625
0.686625
0.686625
0.686625
1.00244
0.642248
0.642248
0.642248
0.985651
0.83907
1.10306
1.10306
0.0264407
-1.0374
-1.62133
-0.532628
-1.44905
-1.44905
-0.281355
0.639278
1.52081
1.7634
2.3037
2.33687
1.32025
0.40165
0.40165
0.40165
0.40165
-0.0128132
-0.0128132
0.464983
0.464983
0.464983
0.464983
-0.450795
-1.65001
-1.65001
-0.772408
-0.695535
-0.695535
-0.695535
-1.08498
-0.479308
-0.479308
-0.479308
-0.479308
-0.479308
-0.456446
-0.456446
-0.456446
-0.456446
-0.456446
0.373281
0.337483
0.337483
0.749295
0.749295
0.749295
-0.244855
-0.0146944
0.872733
0.872733
0.872733
0.872733
-0.0159555
-0.0159555
-0.0159555
-0.0159555
0.760101
0.979971
0.165928
-0.867403
-0.867403
-0.867403
-0.323781
0.654568
0.60475
0.60475
0.60475
0.60475
0.177979
-0.65449
0.476816
0.476816
0.269769
0.269769
0.513187
0.513187
-0.175558
-0.480047
-0.480047
-0.480047
0.245423
-0.0879326
-0.0879326
-0.927161
-0.408392
-0.408392
-0.408392
-0.408392
0.706554
0.841605
0.841605
0.841605
0.841605
0.841605
1.87799
1.59411
1.88089
1.18302
0.812822
0.812822
0.378972
0.378972
0.378972
1.40048
1.67992
1.67992
1.67992
1.67992
1.67992
0.800439
0.800439
0.800439
0.800439
0.800439
0.800439
-0.178714
-0.178714
-0.178714
-0.178714
-0.0836761
-0.0836761
0.0765423
1.08663
1.08663
0.162182
0.162182
0.162182
-0.844467
-1.21086
-1.61519
-0.597612
0.507937
0.27068
0.27068
0.27068
0.27068
0.00513273
0.00513273
0.00513273
0.863337
0.591861
0.257323
0.839895
1.9003
1.9003
2.98006
2.90397
2.53059
2.53059
2.22052
2.22052
2.22052
1.13163
1.13163
1.13163
1.13163
0.165581
-0.473286
-0.535456
0.15059
0.15059
0.15059
-0.0248346
-0.0248346
-0.0248346
-0.0248346
-0.0248346
-0.0248346
-0.0248346
-0.0248346
-0.0248346
-0.0248346
-0.0248346
-0.0248346
-0.0248346
-0.0248346
-0.0248346
-0.0248346
-0.0248346
-0.0248346
-1.12809
-0.648339
-1.07955
-1.07955
-0.763251
-0.763251
0.373677
0.611757
0.434436
1.33544
1.33544
1.33544
0.860672
0.989061
0.149237
0.149237
0.375845
0.0329342
1.13808
0.84431
0.0527329
-0.580733
0.463952
0.463952
0.463952
0.201185
0.201185
0.201185
0.201185
-0.126625
-0.126625
-0.126625
-1.11861
-1.60306
-2.63314
-2.63314
-1.6348
-0.848467
-1.59331
-1.59331
-1.92208
-1.92208
-1.92208
-1.92208
-1.92208
-0.838859
-0.838859
-0.838859
-0.838859
0.241447
1.22266
1.22266
1.22266
0.963288
0.963288
0.963288
0.963288
0.963288
0.963288
0.963288
0.0970056
-0.366759
-0.366759
0.210698
-0.145828
-0.63374
-0.63374
0.257985
0.257985
0.257985
0.680102
0.680102
0.680102
0.680102
0.11642
0.11642
0.11642
-0.416902
-0.416902
-0.416902
-1.37876
-1.37876
-0.21666
-0.21666
0.273235
0.894144
0.76259
0.76259
0.76259
0.577422
0.577422
0.577422
0.577422
-0.109028
-0.109028
-0.109028
-0.109028
-0.711423
-0.312919
-0.312919
-1.01938
0.15933
0.15933
1.34805
0.653264
0.918856
0.918856
0.347947
0.347947
0.347947
-0.72992
-0.72992
-0.72992
-0.72992
-0.160628
-0.160628
-0.160628
-0.160628
-0.160628
-0.160628
-0.160628
-0.160628
-0.205088
-0.205088
-0.205088
-0.198462
-0.0357754
-0.0357754
-0.0357754
-0.0357754
-0.0357754
0.689273
-0.205123
-0.205123
-0.205123
-1.22449
-0.392983
-0.392983
-0.392983
0.50233
0.0465685
-0.941225
-0.941225
-1.33389
-0.666517
-0.393042
-0.393042
-0.393042
-1.04799
-0.10488
-0.10488
-0.10488
-0.511458
0.605244
0.37466
0.37466
0.37466
0.34378
0.351608
0.789282
-0.183862
-1.36507
-1.0042
0.0498761
1.16859
1.16859
1.16859
1.16859
1.16859
0.442601
0.442601
0.442601
0.261116
-0.755649
-0.755649
-0.755649
-0.755649
0.00678577
0.00678577
0.00678577
0.0284523
0.0284523
0.0284523
0.0284523
0.0284523
0.0284523
0.0284523
0.0284523
0.0284523
0.0284523
-0.943508
-1.74107
-1.38127
-1.35545
-1.46414
-1.36568
-1.36568
-1.19698
-0.345915
-0.345915
-1.14783
-0.901441
-0.901441
-0.901441
-0.901441
0.27609
0.27609
0.27609
0.597604
0.597604
0.465561
0.465561
0.465561
0.465561
0.465561
-0.130886
-0.522347
-0.522347
-0.522347
-0.193307
-0.193307
-0.655058
-0.655058
-0.655058
-0.655058
-0.0125569
-0.0125569
1.10231
0.127177
0.127177
0.893712
0.893712
0.893712
-0.135844
-0.135844
0.786192
0.786192
0.786192
0.786192
0.786192
1.79238
1.79238
0.757427
0.757427
0.757427
0.757427
0.757427
0.154309
0.154309
0.179418
0.0543489
0.368638
0.368638
0.368638
0.368638
0.368638
-0.584013
-0.584013
-0.584013
-0.954775
-1.12873
-1.12873
-2.31941
-3.49716
-3.04703
-3.04703
-2.60102
-2.19539
-1.25292
-0.347393
-1.27532
-1.27532
-0.364483
-0.364483
-0.364483
-0.364483
-0.364483
-0.364483
-0.364483
-0.364483
-0.320251
-0.320251
-0.320251
-0.320251
-0.320251
-0.320251
-0.320251
-0.320251
0.200431
0.200431
-0.522451
-0.522451
-0.829807
-0.829807
-0.98835
-0.639051
-0.639051
0.395422
0.395422
0.395422
0.159932
1.0762
0.0178667
-0.259421
-0.720243
-1.89928
-0.870778
-0.99591
-0.99591
-2.16165
-1.43726
-1.83211
-1.83211
-1.83211
-1.09427
-0.500824
-0.500824
-0.0569704
-0.0569704
-0.0569704
-0.0569704
-0.0569704
0.103524
0.103524
0.103524
0.103524
0.103524
0.103524
0.103524
0.103524
0.103524
0.637201
0.637201
0.225507
1.21304
1.91086
1.91086
1.91086
1.91086
1.3401
1.3401
0.235375
0.235375
0.235375
-0.465762
-0.702837
-1.61123
-0.647759
-1.8025
-1.01701
-0.443369
0.406179
0.0741717
1.18961
1.18961
2.13254
2.13254
1.21852
0.935859
1.9038
1.9038
0.853518
1.78931
0.937668
0.522914
0.132798
0.132798
0.132798
0.132798
0.132798
0.699576
0.699576
0.599863
1.00947
0.301942
-0.125579
-0.125579
-0.125579
-0.125579
-0.125579
-0.125579
-0.125579
-0.125579
-0.125579
-1.14208
-1.14208
-0.517442
-0.517442
-0.517442
-0.517442
-0.0115607
-0.859342
-0.904971
-0.523315
0.430797
0.774203
0.835724
0.835724
0.780859
1.03388
0.864706
-0.209811
0.828529
0.18082
0.18082
0.18082
0.884963
0.884963
0.884963
0.884963
0.57757
0.57757
0.284787
0.284787
0.284787
0.284787
0.284787
0.284787
0.284787
-0.0509899
-0.0509899
-0.0509899
-0.0509899
-0.0509899
-0.0509899
-0.0509899
-0.0509899
-0.0509899
-1.20779
-1.20779
-1.24533
-0.954803
-0.954803
-0.954803
0.1202
-0.505882
-0.245478
0.890205
0.0593214
0.0593214
0.0593214
-1.05765
-0.130157
-0.130157
-0.28844
-0.28844
-0.917356
-0.414068
0.506883
0.506883
0.506883
0.506883
-0.604944
-0.604944
-0.666952
-0.666952
-1.48433
-1.79821
-1.83074
-1.52419
-0.492479
-0.376943
-0.674689
-0.470043
-1.07946
-1.07946
-1.07946
-0.657288
-0.602346
-1.07072
-1.07072
-0.0797621
-0.821965
-0.821965
-0.821965
-0.821965
-0.584281
-0.584281
-1.52172
-0.346823
-1.06276
0.124052
0.124052
0.124052
0.124052
-0.551623
-0.216223
-0.216223
-1.17766
-1.17766
-0.0898342
0.0807219
0.702485
1.54014
1.54014
2.007
1.1059
1.1059
1.1059
1.1059
1.1059
0.258086
1.01212
1.01212
2.03395
2.03395
2.03395
1.09691
1.09691
0.491745
0.491745
1.26032
1.94678
1.94678
1.94678
1.94678
0.965018
1.00232
1.02101
-0.124244
-0.124244
-0.410514
0.195675
0.195675
0.195675
-0.014549
-0.014549
-0.014549
-0.014549
0.326265
0.326265
0.074076
0.074076
0.154454
0.154454
0.154454
0.522912
0.910757
1.78111
1.78111
1.34869
1.34869
0.172964
0.172964
0.665694
0.229079
0.229079
0.229079
0.229079
0.229079
0.229079
0.229079
0.734592
-0.289577
-0.289577
0.103578
-0.60045
-0.60045
-0.842809
-0.0699581
-0.0699581
-0.0699581
-0.0699581
-0.0699581
-0.0699581
-0.0699581
-0.0699581
-0.0699581
-0.0699581
-0.0699581
-0.0699581
-0.0699581
-0.0699581
-0.0699581
-0.0699581
-0.0699581
-0.0699581
-0.0699581
-0.413713
-0.449747
0.436423
1.37946
0.347565
1.25843
1.25843
1.74705
1.15027
1.15027
1.37133
0.368684
0.898274
1.4931
1.03598
1.03598
0.700484
-0.0340305
-1.22911
-1.22911
-1.71703
-1.75628
-1.03189
-0.459032
-0.459032
-0.459032
-1.30918
-1.50028
-1.50028
-1.50028
-1.00411
-1.00411
-1.00411
-1.00411
-0.930648
-0.45296
-0.45296
-0.45296
-0.761435
-0.761435
-0.761435
-0.406434
-0.406434
-0.991999
-0.991999
-0.991999
-0.955222
-0.955222
-1.20007
-1.20007
-1.92227
-1.92227
-1.77996
-1.77996
-1.77996
-1.96667
-1.96667
-2.54178
-3.31655
-3.39258
-3.39258
-2.34739
-2.1456
-2.1456
-1.59304
-0.956136
-0.956136
-0.58047
-0.58047
-0.58047
0.0132823
0.0132823
-0.00822257
-0.65443
0.196408
-0.833059
-0.607081
0.0533351
0.0533351
-0.25857
0.373527
0.373527
-0.699875
0.173535
0.173535
0.842177
0.842177
1.54991
0.408911
-0.402277
0.763751
0.763751
1.24667
0.647582
0.647582
0.647582
0.17568
-0.952127
-0.952127
-0.0949333
0.31605
0.342741
0.342741
1.48757
1.48757
2.07413
1.81049
0.808543
0.808543
0.808543
1.02491
1.02718
-0.0280832
-0.0280832
-0.0280832
-0.0280832
-0.0280832
-0.0280832
-0.0280832
-0.0280832
-0.0280832
0.240581
0.240581
0.240581
0.240581
0.240581
0.306545
-0.317883
-0.771222
-0.239677
-0.239677
-0.239677
-0.239677
-1.01144
0.159428
0.159428
0.159428
0.159428
0.159428
0.159428
0.159428
0.159428
0.159428
0.159428
0.159428
0.159428
0.159428
1.19034
1.48968
1.48968
1.48968
1.24311
0.391629
0.391629
0.391629
0.391629
-0.480573
-0.480573
-0.433608
-0.433608
-1.33091
-1.33091
-0.935084
-2.04045
-2.04045
-1.57929
-1.57929
-2.60568
-2.67013
-1.66037
-0.553953
-0.553953
0.373404
0.142558
0.142558
0.16771
-0.740368
-0.740368
-0.740368
-0.740368
-1.55004
-1.16242
-1.16242
-1.72473
-0.64341
-0.184968
-0.184968
-0.184968
-0.184968
0.749798
-0.0459915
-0.0459915
-0.0459915
0.111022
0.111022
1.05568
0.2468
-0.440619
-0.440619
-0.440619
-0.440619
-0.440619
0.0592201
0.0592201
0.0592201
0.0592201
0.0592201
0.455652
-0.477724
-0.477724
-0.477724
-0.477724
-0.477724
-0.598371
-0.598371
-0.598371
-0.598371
-0.598371
0.0160167
0.0160167
0.639974
-0.0309726
-0.0309726
-0.787343
-0.787343
-0.787343
-0.246012
0.581674
0.581674
0.581674
0.581674
0.581674
0.961883
0.906746
0.569383
0.569383
0.569383
0.569383
0.509264
-0.571698
-0.571698
0.158485
0.158485
0.405636
0.405636
0.405636
0.405636
0.405636
0.405636
0.405636
0.405636
0.405636
0.405636
0.405636
-0.0315011
-0.0315011
-0.0744008
-0.0744008
-0.0744008
-0.0744008
-0.0744008
-0.0744008
-0.0744008
-0.0744008
-0.0744008
0.255656
1.30039
1.30039
1.30039
1.30039
1.30039
1.30039
0.767872
0.767872
0.626183
0.626183
0.626183
0.626183
-0.275583
0.511994
0.511994
0.511994
-0.579534
-0.579534
-0.579534
-0.579534
-0.705717
-0.705717
-1.25786
-0.316474
-0.953551
-0.953551
-0.348733
0.378416
-0.75966
-0.550954
-0.550954
-0.707841
-0.707841
-0.950708
-0.813387
-1.32038
-0.357451
-0.357451
0.530145
0.530145
1.48648
1.23675
1.23675
0.370841
0.370841
-0.458695
-0.458695
-0.458695
0.359488
0.359488
0.359488
0.359488
0.0230815
0.237374
0.237374
0.160709
0.160709
0.160709
0.160709
-0.699783
-1.17964
-1.17964
-0.350186
-0.350186
-0.350186
0.142374
0.142374
0.142374
-0.523376
-0.236922
-0.236922
0.379112
0.379112
0.379112
0.379112
-0.0754889
0.96022
0.61067
0.61067
0.61067
0.61067
0.61067
0.414044
0.414044
1.14936
1.14936
1.14936
1.14936
1.14936
0.990724
0.990724
0.902753
0.19999
-0.186035
-0.186035
-0.186035
-0.186035
-0.186035
-0.186035
0.807036
0.755755
0.755755
0.915971
0.523165
0.523165
0.523165
1.64092
1.64092
0.878466
0.878466
0.878466
0.878466
-0.249669
0.165572
0.165572
0.850405
0.850405
-0.0741874
0.747074
1.83462
1.17996
1.17996
1.17996
1.17996
1.6975
1.6975
1.6975
1.4401
0.699664
0.657196
-0.479436
-0.479436
0.3951
0.3951
-0.638933
-0.638933
-0.638933
-0.638933
0.117917
0.117917
0.117917
0.117917
0.117917
0.117917
0.117917
-0.692509
-0.692509
-1.88095
-1.22262
-0.585824
0.0233189
1.09534
1.09534
1.38296
0.505944
0.505944
0.505944
-0.578796
-0.578796
-0.578796
-1.30403
-1.6627
-2.20083
-1.97639
-2.54951
-2.05014
-1.38437
-1.38437
-0.868097
-0.868097
-0.868097
0.227822
-0.399711
-0.0877139
-0.0877139
0.502735
0.502735
0.441691
0.441691
0.441691
0.441691
0.441691
0.441691
0.90189
0.90189
0.0885425
0.557906
0.557906
0.557906
-0.508731
0.667188
1.59376
1.61136
1.89711
1.89711
2.20472
2.65185
1.72926
2.00524
2.62776
2.62776
2.62776
1.85515
1.85515
1.85515
1.88255
2.68027
2.31008
1.28441
1.28441
1.28441
0.452718
0.452718
0.452718
0.452718
0.452718
1.39771
1.39771
0.532536
0.532536
0.532536
0.110234
0.110234
-0.303292
-1.27105
-1.27105
-0.293703
-0.293703
-0.293703
-0.293703
0.156465
0.156465
0.156465
-0.491552
-0.293674
-0.293674
-0.293674
-0.868913
-0.868913
-0.868913
-0.43492
-0.182003
-1.11947
-1.11947
-1.11947
-1.08771
-1.08771
-1.08771
-1.08771
-1.08771
-1.08771
-0.0752783
-0.0752783
-0.0688376
-0.0688376
-0.0688376
-0.0688376
-0.771347
-0.771347
-0.771347
-0.771347
-0.771347
0.173784
-0.580708
-0.580708
-0.0788069
-0.0788069
-0.0788069
-0.0788069
-0.0788069
-0.0788069
-0.0788069
-0.653436
-0.653436
-0.653436
-0.653436
-0.653436
-0.653436
-0.653436
0.165607
0.165607
-0.521688
-0.521688
-0.521688
-0.521688
0.506487
0.506487
0.206056
0.206056
-0.140886
-0.140886
-0.601192
-0.601192
-0.601192
-0.601192
-0.601192
-0.601192
-0.601192
0.103554
-0.0564897
-0.623095
-0.623095
0.205654
0.205654
0.205654
0.091455
0.091455
0.091455
0.091455
0.091455
0.091455
-0.592411
-0.592411
-0.592411
-1.49672
-0.610375
0.405268
1.53922
0.672318
-0.525387
0.374777
0.374777
0.374777
0.374777
0.374777
0.374777
0.374777
0.29713
0.29713
0.29713
0.29713
-0.691717
-1.60456
-1.60456
-0.772177
-1.44542
-0.984802
-0.337478
-0.337478
-0.337478
-0.337478
0.27763
0.27763
0.27763
-0.636107
-0.636107
-0.428262
-0.428262
-0.277379
0.571427
0.571427
0.571427
1.69969
1.69969
1.69969
1.69969
1.25374
0.289941
-0.504069
-0.613511
-0.711521
-0.832983
-0.0805951
-0.0805951
-0.0805951
-0.801037
0.10231
-0.118526
-0.118526
-0.118526
-0.118526
-0.118526
-0.118526
-0.820163
-1.15252
-1.82052
-0.907955
-0.130101
-0.130101
-0.130101
-0.295163
-0.295163
0.381756
0.191966
1.00003
1.00003
1.31091
1.31091
1.53436
0.995344
0.995344
-0.103326
-0.103326
-0.103326
-1.00369
-1.00369
-1.62771
-1.62771
-0.893728
-1.27607
-1.09868
-0.140683
-0.140683
-0.140683
-0.140683
-0.873034
-0.0306032
-0.0306032
-0.0306032
-0.0306032
-0.0306032
-0.931786
-0.931786
-0.796628
-0.22493
-1.10679
-1.00402
-0.536584
-0.536584
-0.536584
-0.536584
-0.536584
-0.426038
-1.28693
-1.28693
-1.28693
-1.27654
-0.549514
-0.549514
-1.67608
-1.67608
-0.958333
-0.958333
-0.486695
-0.286765
-0.286765
-0.286765
-0.910428
-0.756552
-0.4973
-0.4973
-0.689364
-0.85217
-0.85217
-0.497517
-0.497517
-0.757033
-0.557918
-0.557918
-0.935794
-1.70046
-1.33443
-0.23044
-0.13465
-0.13465
-0.13465
-0.13465
0.15123
-0.424903
0.664119
-0.344969
-0.344969
0.211478
1.01554
1.01554
0.820386
0.820386
0.820386
0.395053
0.395053
0.395053
0.395053
0.395053
0.395053
0.395053
0.395053
0.395053
0.395053
0.579534
0.538012
0.538012
0.538012
-0.128853
0.667874
0.667874
0.667874
0.667874
0.667874
0.667874
0.691548
0.691548
-0.118114
0.465585
-0.610895
-0.610895
-0.610895
-1.2645
-0.47178
-0.0131091
-0.0131091
-0.0131091
-0.169328
-0.169328
-0.0357517
-0.0357517
0.336706
0.336706
0.336706
0.336706
0.336706
0.336706
0.336706
0.336706
0.336706
0.336706
0.576229
0.576229
0.576229
0.0205534
0.0205534
0.0205534
-0.160389
-0.160389
-0.160389
-0.160389
-0.982129
-1.93652
-2.25025
-2.25025
-2.25025
-2.13723
-1.64467
-1.33587
-2.03476
-1.73792
-0.74542
0.355952
0.355952
0.0792385
0.299351
0.299351
0.475424
0.475424
1.30549
1.13583
1.13583
0.351058
0.799256
1.005
0.773131
0.773131
0.822413
0.822413
1.38523
1.38523
0.423311
0.423311
0.423311
0.423311
1.02107
1.02107
1.02107
0.868305
0.868305
0.868305
0.868305
0.385155
1.13491
0.179229
0.179229
0.699536
0.699536
0.664813
0.664813
0.664813
0.664813
0.664813
0.664813
0.664813
0.111526
-0.486106
-0.486106
-0.486106
-0.486106
-0.486106
-0.486106
-0.486106
-0.706313
-0.706313
-0.00649508
-0.00649508
-0.00649508
-0.00649508
-0.733034
-0.733034
0.314213
-0.741709
0.41208
0.156077
0.156077
0.156077
-0.74243
-0.74243
-0.74243
-0.74243
-0.74243
-0.00265688
-0.543608
-1.70629
-1.70629
-0.736544
-1.59035
-1.59035
-1.37681
-1.84378
-0.976342
-0.976342
-0.976342
-0.338936
0.301285
-0.314753
0.209093
0.209093
1.00961
1.00961
1.24593
1.24593
0.528238
0.528238
0.528238
0.738572
0.463161
0.463161
-0.708188
-0.708188
0.434598
0.434598
-0.57773
-0.57773
-0.0683728
0.639394
0.643568
-0.318328
-0.318328
-0.318328
-0.318328
-0.318328
0.0625782
-0.0435044
-0.0435044
-0.799022
-0.171681
-0.171681
0.316582
0.316582
0.316582
0.316582
0.316582
0.316582
0.316582
0.644681
0.644681
0.880484
0.214432
0.214432
0.214432
0.214432
0.214432
0.214432
0.214432
0.214432
-0.292776
-0.292776
-0.292776
-0.292776
-0.292776
-0.292776
-0.292776
-0.292776
0.457182
0.457182
0.457182
0.457182
0.089312
-0.936719
-0.936719
-0.936719
0.138539
0.138539
-0.665493
-1.43937
-1.43937
-1.43937
-0.576873
-0.949707
-0.949707
-0.201554
-0.829597
-1.24788
-1.24788
-1.24788
-0.442915
-0.442915
-1.39916
-0.98331
-0.98331
-0.98331
-0.98331
-0.7171
0.423063
0.709766
1.47608
0.296234
0.296234
0.296234
0.296234
0.296234
0.296234
0.296234
0.296234
-0.719712
-0.322519
0.752994
0.752994
0.752994
0.752994
1.62153
1.62153
1.62153
1.16611
0.209325
0.209325
0.209325
0.209325
-0.436565
-0.436565
-0.436565
0.0207046
0.0207046
0.0207046
0.0207046
0.0207046
-0.692003
-0.692003
-1.04711
-1.04711
-1.04711
-0.790846
-0.790846
-0.790846
-0.285308
-0.285308
-0.285308
-0.285308
-1.47789
-0.521395
-0.521395
0.426223
0.426223
-0.742338
0.250848
-0.547698
-0.547698
-0.547698
-0.547698
0.469971
0.469971
0.469971
0.469971
0.469971
0.704162
0.704162
1.30699
0.963014
0.963014
-0.219014
-0.236101
0.334293
0.334293
-0.755568
-0.755568
-0.755568
0.414422
-0.36589
-0.36589
-0.118294
0.616338
1.06045
1.58573
0.940926
0.940926
0.940926
1.41265
2.08339
1.4914
1.91085
1.57451
1.57451
1.57451
1.32848
1.32848
1.32848
0.441005
0.441005
0.320269
0.320269
0.320269
-0.145588
-0.145588
-0.145588
-0.145588
-0.145588
-1.15832
-1.6279
-2.21427
-1.7826
-1.5177
-1.5177
-1.5177
-0.334189
0.284015
-0.705959
0.259031
1.22679
0.434575
0.790614
1.86813
1.85118
2.74807
1.8958
2.35592
1.67846
2.10194
2.10194
2.10194
2.67387
2.67387
2.19727
2.19727
2.19727
2.95769
2.95769
2.95769
2.95769
2.71828
3.32977
3.32977
3.00067
2.40535
2.40535
2.80269
2.75124
2.75124
2.28705
1.94509
2.42868
2.42868
2.42868
2.42868
1.94042
0.999848
0.999848
0.999848
0.237428
-0.752983
-1.4277
-1.4277
-2.29994
-2.29994
-2.27647
-2.27647
-2.61264
-1.47925
-1.88272
-1.88272
-1.88272
-1.76066
-1.76066
-1.67717
-1.67717
-1.4432
-0.575135
0.271249
0.271249
-0.0782387
-1.23458
-1.23458
-0.13496
-0.88503
-0.215533
-0.215533
-0.215533
0.915273
0.696191
0.358851
0.358851
0.602662
0.802675
1.62651
0.518136
0.518136
0.639634
0.639634
0.639634
0.639634
-0.204615
0.516746
1.24729
1.14802
1.6086
2.16441
2.16441
2.16441
2.21373
1.61721
1.61721
1.61721
0.660396
1.28378
2.02944
2.02944
2.02944
1.4737
1.4737
1.98431
1.0895
1.0895
1.0895
1.0895
1.0895
1.0895
0.314347
0.314347
-0.401292
-0.401292
0.766011
0.766011
0.766011
0.429034
-0.301675
-0.301675
0.0193849
0.0193849
0.0193849
0.718302
0.718302
-0.161671
0.217193
0.217193
0.217193
0.217193
0.217193
0.217193
-0.493361
-0.493361
0.455834
0.455834
0.179733
0.28049
-0.317184
0.632916
0.818043
-0.132718
0.344345
0.344345
0.344345
0.344345
1.49803
1.78626
1.78626
1.78626
1.78626
1.15745
1.15745
2.12814
1.52282
1.13052
1.13052
1.13052
2.02904
1.88693
1.48028
1.48028
0.869476
0.669957
0.669957
0.199396
0.199396
0.328578
-0.755239
-0.604648
-0.604648
-1.0034
-1.0034
-0.0800904
-0.495143
-0.495143
-0.495143
-0.495143
-0.495143
-0.495143
-0.495143
-0.495143
-0.495143
-0.495143
0.366009
0.270638
0.270638
-0.179016
-1.16627
-1.54064
-1.40396
-0.319142
-0.819221
-0.819221
-1.80811
-1.56726
-0.894417
-0.894417
0.144775
0.206916
1.34493
0.23157
0.23157
0.23157
0.578261
0.578261
1.26701
1.26701
1.05563
2.02528
1.17159
1.17159
1.17159
0.393112
1.34417
1.14103
0.266743
0.347569
0.347569
0.347569
-0.458672
-0.458672
-0.919244
-0.657171
-0.657171
0.402173
-0.273892
-1.39055
-1.39055
-1.50465
-2.02468
-2.14236
-2.14236
-2.14236
-2.14236
-1.47505
-0.591795
-1.45361
-1.25909
-1.25909
-0.583061
-0.583061
-0.208607
-1.0064
-1.0064
-0.793167
0.0432654
0.0432654
0.0432654
0.0432654
0.725738
0.627952
0.627952
0.690893
0.690893
1.69764
1.53529
1.47956
2.43849
2.43849
1.90491
1.90491
0.874291
0.874291
1.1379
1.1379
1.1379
0.188896
0.188896
0.61841
1.80765
1.52471
1.52471
1.52471
0.994848
0.994848
0.994848
0.994848
0.855663
0.855663
0.298003
-0.656325
-0.656325
0.354775
0.354775
1.04714
1.04714
0.184273
-0.354939
0.0646031
0.0646031
-1.02857
-0.692024
-0.692024
-1.38446
-1.38446
-1.38446
-1.38446
-0.742298
-0.742298
-0.742298
-1.50298
-1.50298
-1.50298
-1.50298
-1.73597
-1.70605
-0.822127
-0.152146
-0.152146
-0.702158
-0.702158
-0.702158
-0.702158
-1.22068
-1.22068
-1.29339
-1.29339
-1.29339
-1.29339
-0.456617
-0.456617
-0.456617
-0.456617
-0.456617
-0.456617
-0.456617
-0.456617
-0.456617
-1.13934
-1.67805
-2.52857
-1.96932
-1.96932
-0.903466
-0.903466
-0.903466
-0.903466
-0.903466
-0.903466
-0.903466
-0.529201
-0.75805
-1.04364
-1.04364
-1.37986
-1.5042
-1.5042
-2.24568
-2.82483
-2.82483
-2.71391
-3.72377
-2.54442
-2.97259
-3.84244
-3.00881
-1.98435
-1.29045
-1.29045
-0.603269
-0.603269
-0.603269
-0.603269
-0.735523
-0.772728
-0.772728
-0.00208288
-0.00208288
-0.915347
-0.388489
0.27666
1.33795
1.33795
1.33795
1.99551
1.99551
1.04122
1.93949
1.93949
1.93949
1.93949
3.07642
2.3242
1.64388
1.21516
0.157444
0.973582
0.973582
2.14637
2.14637
2.14637
1.58339
1.2822
0.14713
0.14713
0.14713
0.147674
-0.723258
-0.53904
-0.269364
-0.269364
-0.269364
-0.269364
-0.258854
-1.2981
-1.41195
-0.291626
-0.291626
0.301928
0.301928
0.301928
0.301928
0.301928
0.879285
0.879285
0.545356
-0.108805
-0.287315
-0.287315
-0.287315
-0.273754
0.229429
-0.434875
0.700624
0.700624
-0.0392831
-0.0392831
-0.0392831
-0.0392831
-0.0392831
-0.0392831
-0.0392831
-0.0392831
-0.0392831
-0.0392831
-0.0392831
-0.0392831
-0.0392831
-0.0392831
-0.0392831
0.134526
0.134526
0.545776
0.705202
0.705202
0.705202
0.705202
0.688229
0.688229
-0.307032
-0.307032
-0.124982
-0.124982
0.737196
0.737196
0.737196
0.737196
-0.305402
0.156162
0.156162
0.156162
-0.804173
-0.397407
0.538013
0.538013
0.538013
0.871946
2.06629
2.06629
2.03767
1.58702
1.58702
1.58702
0.408756
0.408756
0.227687
0.227687
0.227687
0.227687
0.227687
1.07411
1.07411
0.329025
0.620876
0.528397
-0.286814
-0.286814
0.812207
0.812207
0.812207
0.812207
0.812207
0.812207
1.67197
1.67197
1.67197
1.76224
1.76224
1.76224
1.78592
1.72454
1.72454
1.72454
1.58322
1.92745
0.966043
0.966043
0.861014
0.0364099
0.0364099
-0.920666
-0.697848
-0.697848
-0.697848
-0.697848
-0.78704
-0.78704
0.328249
0.328249
0.328249
0.328249
0.328249
0.328249
0.328249
-0.0155149
0.314882
0.265999
0.654992
0.654992
0.876379
0.429446
0.397287
0.341792
0.341792
0.341792
0.341792
0.341792
0.341792
0.341792
0.341792
0.988169
0.988169
0.359697
0.751462
0.420037
1.32473
1.32473
1.26522
1.26522
1.26522
1.26522
1.26522
1.26522
1.26522
1.02607
2.2141
3.05654
2.02529
1.18887
1.18887
0.940178
0.352443
0.352443
0.542689
-0.409233
-0.409233
-0.409233
-0.409233
-0.409233
-0.409233
-0.409233
0.707274
0.707274
-0.0737411
-0.0737411
-0.349895
-0.988612
-0.988612
-1.40101
-0.231311
-0.231311
-0.231311
-0.231311
-0.231311
-0.231311
0.714504
0.714504
1.18338
1.18338
1.18338
0.906076
0.791304
0.791304
0.791304
1.422
0.69564
0.834347
0.413597
-0.485345
-0.485345
-0.485345
-0.485345
0.446754
0.446754
0.446754
0.446754
-0.399972
0.104253
0.104253
0.104253
0.104253
0.0893899
0.0893899
0.973398
0.973398
0.973398
-0.093195
1.03842
0.0976376
0.0976376
-1.05886
-1.05886
-0.530651
-0.530651
0.171683
0.171683
0.171683
0.171683
-0.431429
-0.431429
-0.431429
-0.236399
-0.236399
-0.236399
-0.236399
-0.236399
-0.236399
-1.16138
-1.16138
-0.727506
-0.727506
-0.727506
0.0407737
0.0407737
-0.669254
-0.055491
-0.055491
-0.055491
-0.055491
-0.055491
-0.055491
-0.055491
-0.055491
-0.055491
0.371261
0.371261
0.371261
-0.363841
-0.277911
-0.277911
-0.277911
-0.277911
-0.277911
-0.335989
0.860802
0.860802
0.346681
0.346681
0.346681
0.346681
-0.225419
-0.225419
-0.421033
-0.421033
-0.421033
-0.860797
-0.318748
-0.318748
-0.318748
-0.318748
0.400001
0.400001
0.400001
0.400001
0.400001
0.400001
-0.625869
-0.625869
-0.625869
0.0814812
0.775078
0.577215
-0.336655
-0.336655
0.222253
0.222253
0.222253
0.222253
0.222253
0.644966
-0.180814
-0.180814
-0.180814
0.698711
0.0334111
-0.178691
-0.178691
-0.178691
-0.178691
-0.626446
0.33762
0.33762
0.167798
0.167798
0.167798
0.167798
0.167798
0.167798
0.167798
0.167798
0.167798
0.167798
-0.234114
-0.234114
-0.234114
-0.234114
-0.234114
0.586727
-0.108614
-0.222962
-0.222962
0.530347
-0.637077
-0.637077
-0.354072
0.540566
0.540566
-0.455449
-0.455449
0.0045385
0.0045385
-0.0379897
-0.995064
0.151584
0.151584
0.151584
0.151584
0.151584
0.151584
-0.430375
-0.430375
-0.430375
-0.430375
-0.430375
0.762605
0.762605
0.762605
0.762605
0.762605
0.762605
0.762605
0.762605
0.762605
0.762605
0.762605
0.762605
0.0699226
-0.0836418
-0.595861
-0.595861
0.0961123
0.0961123
0.0961123
0.0961123
0.0961123
0.0961123
0.0961123
0.0961123
0.0961123
-0.329257
-0.750339
-0.750339
-1.69655
-1.69655
-1.69655
-1.69655
-0.540108
-0.540108
-0.540108
-1.25578
-1.25578
-1.25578
-1.39068
-1.39068
-1.64504
-1.58364
-1.90428
-1.82823
-1.82823
-1.52313
-2.17251
-2.40641
-2.40641
-1.54771
-1.54771
-0.589178
-0.589178
-0.589178
-0.471191
-0.471191
0.686574
1.6307
1.6307
1.6307
1.6307
2.6312
2.6312
2.6312
2.07495
2.48633
2.55431
2.12352
1.78338
1.78338
1.78338
1.78338
1.65902
0.844657
0.844657
0.844657
0.844657
-0.142114
-0.575493
-0.575493
0.362384
0.981162
0.981162
0.697306
0.295701
0.295701
-0.522916
-0.167802
-0.167802
0.997428
0.997428
0.997428
0.997428
0.997428
0.997428
1.34261
1.34261
0.449284
1.60128
1.50368
1.50368
1.50368
1.50368
1.50368
1.50368
1.50368
1.01013
1.01013
1.01013
1.01013
0.460824
-0.56476
-0.56476
-0.56476
-0.56476
-0.56476
-0.56476
-0.56476
0.541191
0.541191
0.541191
0.541191
0.63741
1.31338
1.31338
1.31338
1.95075
1.10795
1.10795
1.2171
1.2171
1.2171
2.10968
1.36164
1.36164
1.8756
0.745426
1.04822
1.88506
1.88506
1.68362
0.858364
1.71956
1.71956
0.723108
0.723108
0.834058
0.95963
2.04913
2.04913
2.04913
2.04913
2.68797
2.19986
2.09225
1.45911
1.45911
1.11772
1.11772
0.0177318
0.0177318
0.0177318
0.0177318
0.0177318
0.0177318
0.0177318
0.0177318
0.0177318
0.0177318
0.0177318
0.0177318
0.0177318
0.0177318
0.0177318
0.0177318
0.0177318
1.1888
1.1888
0.911341
-0.141675
0.472519
0.472519
0.472519
-0.463174
-0.463174
-0.463174
-0.057779
-0.057779
