0
0.00210795
0.00459017
0.00328385
0.00262359
0.0024816
0.00220204
0.00193376
0.00170661
0.00152647
0.00141354
0.00131838
0.00122056
0.00113097
0.00105532
0.000992107
0.000940916
0.000903668
0.000901485
0.00085523
0.000820822
0.00079324
0.000761405
0.000731744
0.000704693
0.000677051
0.000655441
0.000637662
0.000615673
0.000595137
0.000605259
0.00064938
0.000636759
0.000618368
0.000609385
0.000594915
0.000584217
0.00056987
0.000555983
0.000543651
0.000533876
0.00052868
0.000517551
0.00052078
0.000509448
0.000499383
0.000493628
0.000483428
0.000473463
0.000464612
0.000456354
0.000449317
0.000440878
0.000437192
0.000439515
0.000431646
0.000445271
0.000439342
0.000431833
0.000426248
0.000419464
0.000413075
0.00040655
0.00040102
0.000398488
0.000395029
0.000389093
0.000387372
0.000391003
0.000387943
0.000382444
0.000377111
0.000372488
0.000369857
0.000365369
0.00036053
0.000356365
0.000352049
0.000347567
0.000343272
0.000350122
0.000352001
0.000352838
0.00034886
0.000344733
0.000341512
0.000338163
0.000334375
0.000330671
0.000331959
0.000337118
0.000340815
0.000340621
0.000338068
0.000336248
0.000333253
0.000332731
0.000330115
0.00032777
0.000325355
