1.76757
1.76735
1.76729
1.76728
1.76725
1.76724
1.76723
1.76723
1.76722
1.76722
1.76721
1.7672
1.76719
1.76719
1.76718
1.76717
1.76716
1.76715
1.76715
1.76714
1.76714
1.76713
1.76711
1.76711
1.7671
1.76709
1.76708
1.76708
1.76708
1.76708
1.76708
1.76709
1.76709
1.7671
1.7671
1.7671
1.7671
1.76711
1.76711
1.76711
1.76711
1.76711
1.76711
1.76712
1.76712
1.76712
1.76713
1.76713
1.76713
1.76713
1.76713
1.76713
1.76713
1.76713
1.76713
1.76713
1.76713
1.76714
1.76714
1.76714
1.76714
1.76714
1.76714
1.76713
1.76713
1.76713
1.76713
1.76714
1.76714
1.76714
1.76714
1.76714
1.76713
1.76713
1.76713
1.76713
1.76713
1.76713
1.76713
1.76713
1.76713
1.76712
1.76713
1.76713
1.76713
1.76713
1.76713
1.76713
1.76713
1.76713
1.76713
1.76713
1.76713
1.76713
1.76713
1.76713
1.76713
1.76713
1.76713
1.76713
