-5.64136
-5.60392
-5.60422
-5.59498
-5.58425
-5.57554
-5.57014
-5.56487
-5.56187
-5.55915
-5.55794
-5.55426
-5.55223
-5.55092
-5.54993
-5.54865
-5.54744
-5.54634
-5.5461
-5.54644
-5.5446
-5.54484
-5.54489
-5.54548
-5.546
-5.54618
-5.5467
-5.54673
-5.54663
-5.54633
-5.54578
-5.54595
-5.54465
-5.54346
-5.54313
-5.5429
-5.5428
-5.54295
-5.54228
-5.54307
-5.54307
-5.544
-5.54494
-5.54541
-5.54605
-5.5465
-5.54633
-5.5464
-5.54549
-5.54565
-5.54572
-5.54603
-5.54617
-5.54662
-5.54667
-5.54685
-5.54671
-5.5464
-5.54633
-5.54664
-5.54703
-5.54631
-5.54617
-5.54635
-5.54608
-5.54598
-5.5459
-5.54597
-5.5457
-5.54566
-5.54547
-5.54556
-5.54529
-5.54547
-5.5454
-5.54522
-5.54504
-5.54455
-5.54396
-5.54339
-5.54344
-5.5434
-5.54346
-5.5436
-5.54383
-5.54409
-5.54394
-5.54373
-5.54386
-5.54411
-5.54412
-5.54395
-5.5438
-5.54423
-5.5444
-5.54402
-5.54397
-5.54407
-5.54414
-5.544
