-7.82869
-7.74755
-7.62584
-7.47463
-7.29065
-7.09055
-6.88426
-6.68359
-6.50888
-6.37591
-6.29108
-6.26019
-6.27173
-6.31392
-6.37454
-6.43922
-6.49926
-6.54735
-6.57933
-6.59437
-6.595
-6.58457
-6.56574
-6.54124
-6.51674
-6.49554
-6.47915
-6.47215
-6.47533
-6.49141
-6.51932
-6.55926
-6.61149
-6.667
-6.72421
-6.77791
-6.82425
-6.85776
-6.88164
-6.89324
-6.89462
-6.88694
-6.87436
-6.86256
-6.85219
-6.84213
-6.83498
-6.82804
-6.82345
-6.81898
-6.81107
-6.80226
-6.7918
-6.78141
-6.76699
-6.75182
-6.73898
-6.72804
-6.71936
-6.71822
-6.7221
-6.73439
-6.74987
-6.7673
-6.78401
-6.79693
-6.81072
-6.82221
-6.83396
-6.84056
-6.8469
-6.85288
-6.85714
-6.85453
-6.84876
-6.84102
-6.83405
-6.8234
-6.81208
-6.79872
-6.78423
-6.77064
-6.75927
-6.75228
-6.74759
-6.75009
-6.75076
-6.7499
-6.74295
-6.73424
-6.71874
-6.69759
-6.67716
-6.65623
-6.63978
-6.62848
-6.62528
-6.62958
-6.63876
-6.65416
-6.67169
-6.69192
-6.70969
-6.72304
-6.72789
-6.72625
-6.71345
-6.6953
-6.66955
-6.64591
-6.62356
-6.60692
-6.60098
-6.60847
-6.62739
-6.65822
-6.69751
-6.74405
-6.79358
-6.83895
-6.879
-6.9134
-6.93711
-6.94723
-6.94787
-6.94081
-6.93198
-6.91881
-6.90662
-6.89418
-6.88247
-6.86959
-6.8546
-6.8351
-6.81447
-6.7938
-6.77501
-6.75534
-6.73992
-6.72445
-6.71029
-6.69724
-6.68852
-6.6799
-6.67205
-6.6652
-6.66357
-6.66188
-6.66811
-6.67814
-6.6941
-6.71208
-6.73321
-6.75304
-6.77385
-6.79347
-6.80799
-6.82086
-6.82767
-6.82601
-6.81675
-6.7965
-6.77071
-6.74811
-6.72654
-6.71145
-6.70342
-6.70122
-6.69988
-6.69941
-6.69905
-6.69876
-6.70834
-6.71894
-6.7344
-6.74878
-6.76432
-6.78111
-6.79154
-6.7995
-6.80355
-6.80683
-6.80655
-6.80335
-6.79878
-6.79828
-6.7972
-6.80295
-6.80907
-6.81834
-6.82139
-6.8199
-6.81947
-6.81644
-6.81109
-6.80424
-6.79622
-6.78686
-6.77816
-6.77229
-6.76619
-6.76092
-6.76076
-6.76308
-6.7648
-6.7643
-6.76432
-6.76281
-6.75989
-6.75698
-6.75707
-6.75598
-6.75597
-6.75983
-6.76728
-6.77167
-6.77784
-6.77915
-6.78147
-6.78271
-6.78451
-6.78705
-6.78786
-6.78679
-6.78152
-6.77426
-6.76183
-6.74554
-6.72801
-6.71448
-6.70478
-6.70228
-6.70332
-6.71147
-6.72046
-6.72972
-6.73756
-6.74081
-6.7382
-6.73242
-6.71926
-6.70362
-6.6871
-6.67229
-6.66464
-6.66541
-6.67173
-6.68898
-6.71657
-6.74776
-6.77585
-6.8054
-6.83207
-6.84926
-6.86244
-6.86811
-6.87
-6.86683
-6.86042
-6.84917
-6.83633
-6.82137
-6.80814
-6.79389
-6.77993
-6.76688
-6.75269
-6.74045
-6.73011
-6.72641
-6.72907
-6.7355
-6.75193
-6.77182
-6.78844
-6.80022
-6.80572
-6.80372
-6.79796
-6.78694
-6.77728
-6.77002
-6.76999
-6.77134
-6.77585
-6.77831
-6.77744
-6.778
-6.77423
-6.77063
-6.76255
-6.75624
-6.75386
-6.75075
-6.74774
-6.74226
-6.73657
-6.73666
-6.74083
-6.74773
-6.75714
-6.76771
-6.7732
-6.77334
-6.77127
-6.76283
-6.75144
-6.73824
-6.72424
-6.71335
-6.7008
-6.68692
-6.67724
-6.66988
-6.66818
-6.66989
-6.67796
-6.68958
-6.70499
-6.7251
-6.74875
-6.76961
-6.78883
-6.8051
-6.81723
-6.82352
-6.82154
-6.81346
-6.80337
-6.78969
-6.77644
-6.76828
-6.76381
-6.76223
-6.76369
-6.76919
-6.77552
-6.78106
-6.78771
-6.79431
-6.80121
-6.80269
-6.80169
-6.79671
-6.78503
-6.76974
-6.75246
-6.73148
-6.71246
-6.69774
-6.68999
-6.69235
-6.69482
-6.70209
-6.70944
-6.71525
-6.71975
-6.72435
-6.72722
-6.72917
-6.72899
-6.73061
-6.73162
-6.73464
-6.74167
-6.74864
-6.75954
-6.77245
-6.78619
-6.79867
-6.80632
-6.80918
-6.80614
-6.79947
-6.78809
-6.77685
-6.7621
-6.74914
-6.74413
-6.74403
-6.74936
-6.75963
-6.76936
-6.78206
-6.79161
-6.80139
-6.80842
-6.81872
-6.82569
-6.83267
-6.84058
-6.84217
-6.83785
-6.82887
-6.81536
-6.79831
-6.77522
-6.7495
-6.72528
-6.70133
-6.68228
-6.6714
-6.66648
-6.67129
-6.68267
-6.7013
-6.72587
-6.7487
-6.77139
-6.7886
-6.79666
-6.80191
-6.79919
-6.79709
-6.78876
-6.77986
-6.77274
-6.76331
-6.75266
-6.74245
-6.73498
-6.72778
-6.72111
-6.72214
-6.72667
-6.73348
-6.74337
-6.75192
-6.75946
-6.76535
-6.76673
-6.76686
-6.7628
-6.75723
-6.74954
-6.74414
-6.73837
-6.73404
-6.72881
-6.72179
-6.71624
-6.71228
-6.7129
-6.7122
-6.71314
-6.71625
-6.72043
-6.72846
-6.7345
-6.74311
-6.75051
-6.76219
-6.77042
-6.78303
-6.79242
-6.80059
-6.80244
-6.79836
-6.78736
-6.76873
-6.74461
-6.7188
-6.69637
-6.68053
-6.67211
-6.67542
-6.68935
-6.71195
-6.73911
-6.76982
-6.79841
-6.82261
-6.84569
-6.86265
-6.87829
-6.89019
-6.8987
-6.901
-6.90049
-6.88985
-6.87836
-6.86066
-6.83941
-6.81589
-6.79212
-6.77028
-6.7484
-6.72856
-6.71272
-6.6975
-6.68726
-6.68332
-6.68765
-6.69886
-6.71876
-6.74138
-6.75993
-6.77253
-6.77908
-6.77261
-6.75975
-6.74287
-6.72249
-6.70566
-6.69065
-6.68344
-6.68756
-6.70161
-6.71743
-6.7404
-6.76452
-6.78415
-6.79624
-6.79865
-6.79173
-6.77823
-6.76216
-6.7519
-6.74614
-6.74719
-6.75382
-6.75937
-6.76943
-6.7776
-6.78491
-6.79283
-6.79894
-6.80084
-6.80387
-6.8003
-6.79376
-6.78283
-6.7675
-6.75398
-6.73951
-6.73078
-6.73356
-6.74343
-6.76141
-6.78063
-6.79807
-6.80936
-6.81531
-6.81307
-6.80198
-6.78231
-6.76002
-6.73918
-6.72356
-6.71446
-6.71593
-6.72629
-6.74254
-6.7616
-6.78037
-6.79614
-6.80847
-6.8175
-6.82466
-6.82693
-6.82884
-6.82902
-6.8294
-6.82851
-6.82598
-6.82162
-6.81291
-6.80332
-6.79055
-6.77411
-6.75151
-6.72979
-6.70981
-6.69136
-6.67997
-6.6772
-6.68502
-6.69807
-6.71514
-6.72819
-6.73615
-6.73663
-6.73063
-6.71527
-6.69558
-6.67836
-6.66337
-6.65722
-6.66265
-6.67741
-6.6985
-6.72541
-6.75696
-6.79068
-6.823
-6.85116
-6.87301
-6.88985
-6.89795
-6.89533
-6.88907
-6.87219
-6.852
-6.83366
-6.81441
-6.7982
-6.78545
-6.77467
-6.76307
-6.75173
-6.738
-6.7217
-6.70568
-6.68619
-6.67084
-6.65815
-6.65301
-6.65247
-6.66137
-6.673
-6.69271
-6.71509
-6.73842
-6.76556
-6.7907
-6.81246
-6.82823
-6.83482
-6.82768
-6.8125
-6.79005
-6.76119
-6.73248
-6.70302
-6.67818
-6.66602
-6.65922
-6.65943
-6.6722
-6.68771
-6.70925
-6.73571
-6.76298
-6.79075
-6.81653
-6.83931
-6.85932
-6.87219
-6.8818
-6.88313
-6.87871
-6.87487
-6.86646
-6.85853
-6.85067
-6.84268
-6.83393
-6.82123
-6.8069
-6.78324
-6.75762
-6.72619
-6.69226
-6.66125
-6.63597
-6.62014
-6.6144
-6.61944
-6.63364
-6.65302
-6.6738
-6.69547
-6.71724
-6.73826
-6.75673
-6.77483
-6.79556
-6.81195
-6.82943
-6.8405
-6.84494
-6.8449
-6.8382
-6.82784
-6.81603
-6.80055
-6.79038
-6.7818
-6.77597
-6.77756
-6.78229
-6.78888
-6.80052
-6.81155
-6.82209
-6.83036
-6.8283
-6.81729
-6.8008
-6.7793
-6.75944
-6.74049
-6.72649
-6.7172
-6.71636
-6.71954
-6.72933
-6.74148
-6.75385
-6.76175
-6.76698
-6.76563
-6.76199
-6.75265
-6.73999
-6.72465
-6.70842
-6.69319
-6.68458
-6.68241
-6.68869
-6.70156
-6.71633
-6.73424
-6.74974
-6.76371
-6.77592
-6.78105
-6.78291
-6.78187
-6.77758
-6.77349
-6.76518
-6.75842
-6.75341
-6.75057
-6.7532
-6.75571
-6.76258
-6.76946
-6.77525
-6.7801
-6.78231
-6.78008
-6.77639
-6.77084
-6.76293
-6.75515
-6.75219
-6.75364
-6.75764
-6.76727
-6.77647
-6.78414
-6.79075
-6.79374
-6.78881
-6.77979
-6.77027
-6.75419
-6.73999
-6.72585
-6.71629
-6.71318
-6.72108
-6.73603
-6.76126
-6.7917
-6.82553
-6.85734
-6.88253
-6.89684
-6.90051
-6.88966
-6.86755
-6.8352
-6.79293
-6.74347
-6.69681
-6.6548
-6.62253
-6.60274
-6.59598
-6.60398
-6.62609
-6.65611
-6.68684
-6.72201
-6.75041
-6.77405
-6.78962
-6.79544
-6.79237
-6.78478
-6.77325
-6.76277
-6.75256
-6.74876
-6.75031
-6.75974
-6.77265
-6.78722
-6.80141
-6.81881
-6.83472
-6.85042
-6.86801
-6.87816
-6.88758
-6.89018
-6.88749
-6.88033
-6.86601
-6.84362
-6.81586
-6.78714
-6.76034
-6.73699
-6.71481
-6.70077
-6.68499
-6.67731
-6.67197
-6.66975
-6.67148
-6.681
-6.69604
-6.71844
-6.74369
-6.76445
-6.77876
-6.78444
-6.78403
-6.77777
-6.76717
-6.75333
-6.74047
-6.72552
-6.70988
-6.69407
-6.68406
-6.67534
-6.67282
-6.6765
-6.68389
-6.69743
-6.71425
-6.7332
-6.75256
-6.7677
-6.78001
-6.79584
-6.80715
-6.81374
-6.82246
-6.82786
-6.82632
-6.82411
-6.81836
-6.81333
-6.80745
-6.80574
-6.80121
-6.7968
-6.79253
-6.78311
-6.76936
-6.75053
-6.72924
-6.71133
-6.69659
-6.68627
-6.68349
-6.68934
-6.69908
-6.71392
-6.73443
-6.75894
-6.78802
-6.81467
-6.83923
-6.85896
-6.87133
-6.87349
-6.86538
-6.84994
-6.83012
-6.8112
-6.79471
-6.78408
-6.77793
-6.77852
-6.77907
-6.78612
-6.7947
-6.80708
-6.81926
-6.82754
-6.83211
-6.82827
-6.81961
-6.802
-6.77933
-6.75263
-6.72284
-6.69447
-6.67338
-6.66113
-6.65593
-6.66212
-6.67303
-6.68958
-6.71153
-6.73309
-6.75399
-6.77304
-6.78953
-6.80111
-6.80709
-6.8023
-6.79119
-6.7734
-6.75187
-6.7318
-6.71496
-6.7013
-6.6954
-6.69625
-6.70351
-6.7194
-6.73854
-6.76028
-6.77937
-6.79985
-6.81244
-6.82025
-6.8259
-6.82994
-6.83141
-6.82692
-6.82575
-6.81888
-6.81188
-6.80642
-6.80055
-6.7941
-6.78747
-6.78038
-6.76939
-6.75865
-6.74693
-6.73713
-6.72859
-6.72614
-6.72599
-6.72828
-6.7277
-6.72856
-6.72349
-6.71958
-6.7132
-6.70119
-6.68989
-6.68088
-6.67547
-6.67329
-6.67541
-6.67596
-6.67903
-6.68519
-6.69447
-6.7012
-6.71095
-6.72021
-6.728
-6.73566
-6.74018
-6.74697
-6.7543
-6.76477
-6.77819
-6.79544
-6.81174
-6.82977
-6.84528
-6.85406
-6.8595
-6.85684
-6.84748
-6.83363
-6.81479
-6.79347
-6.77322
-6.75275
-6.7416
-6.73943
-6.74653
-6.76196
-6.78247
-6.80374
