0.62781
0.602481
0.602286
0.595842
0.58867
0.583041
0.579323
0.575608
0.573481
0.571602
0.57078
0.568429
0.567179
0.566241
0.565511
0.564638
0.56387
0.563149
0.562894
0.563091
0.561933
0.562058
0.562072
0.562437
0.562781
0.562935
0.563323
0.563348
0.56331
0.563141
0.562802
0.562891
0.562069
0.561284
0.561085
0.56097
0.560921
0.561005
0.560544
0.561056
0.56108
0.56167
0.562259
0.562534
0.562885
0.563114
0.562939
0.562977
0.562362
0.562427
0.562451
0.562643
0.562755
0.563062
0.563103
0.563212
0.563163
0.562952
0.562918
0.563145
0.563418
0.562952
0.562896
0.563033
0.562867
0.562804
0.562725
0.56278
0.562589
0.562563
0.562406
0.562451
0.562269
0.562394
0.562354
0.562239
0.562102
0.561797
0.561434
0.561074
0.561119
0.561106
0.561151
0.561241
0.561403
0.561589
0.561496
0.561375
0.561464
0.561642
0.561665
0.56157
0.561467
0.561729
0.561833
0.561586
0.561544
0.56161
0.561653
0.561548
