0
0.00103795
0.00433131
0.00313476
0.00250012
0.00248538
0.00220731
0.00196124
0.00173566
0.00158154
0.00145126
0.00138829
0.00130977
0.00121327
0.00113677
0.00106504
0.00100367
0.00097492
0.000974042
0.000924094
0.000886356
0.000867385
0.0008359
0.000801702
0.00077446
0.000744698
0.00072866
0.000706937
0.000682604
0.000659757
0.000660535
0.000724682
0.000709422
0.000689152
0.000673035
0.000660257
0.000653048
0.0006366
0.000620097
0.000607784
0.000595095
0.00058925
0.000576511
0.000587225
0.000574038
0.000561518
0.0005523
0.000541314
0.000531325
0.000522088
0.000512929
0.000503585
0.000493998
0.000493146
0.000491629
0.000483188
0.000495258
0.000487652
0.000479366
0.00047593
0.000468064
0.000462175
0.000455225
0.000448126
0.000445172
0.000439288
0.000432788
0.000432064
0.000436643
0.000433744
0.000427723
0.000422056
0.000417387
0.000414314
0.000409758
0.000404444
0.000400099
0.000394994
0.000390068
0.000385287
0.000392695
0.000392241
0.00039776
0.000393234
0.000388583
0.000384097
0.000380992
0.000377277
0.000373132
0.000375733
0.000377405
0.000380082
0.00038006
0.000378518
0.000375801
0.000372001
0.000370675
0.000367998
0.000366331
0.000363362
