0
0.0374438
0.0216203
0.0178634
0.017511
0.0167437
0.0151457
0.0141352
0.0128225
0.0117858
0.0107289
0.0104623
0.00983649
0.00919999
0.0086228
0.00816621
0.00776565
0.00740346
0.00700715
0.00665644
0.00659508
0.00629305
0.00601339
0.00578789
0.0055758
0.0053601
0.00518304
0.00499462
0.00482036
0.00466657
0.00454688
0.00440592
0.00446363
0.00449263
0.00437467
0.00425735
0.00414195
0.00403426
0.00398698
0.00396662
0.00386866
0.00388918
0.00391236
0.0038506
0.00381826
0.00376112
0.00368412
0.0036073
0.00364787
0.0035778
0.00350765
0.00345274
0.00338997
0.00335755
0.00329631
0.0032416
0.00318703
0.00314712
0.00309415
0.00305764
0.00303254
0.00306864
0.00302275
0.00298039
0.00294654
0.00290309
0.00286074
0.00281939
0.00279138
0.00275148
0.00271971
0.00268323
0.00265981
0.00263016
0.0025959
0.00256777
0.00254059
0.00255499
0.00259038
0.00262037
0.00258832
0.00255689
0.00252652
0.00249999
0.0024812
0.00246675
0.00244343
0.00242409
0.00240024
0.0023861
0.00235975
0.00233969
0.00231906
0.00233246
0.00231447
0.00232135
0.00229783
0.00227644
0.00225429
0.00223595
