0
0.0005485
0.000675467
0.000639731
0.000496231
0.000487208
0.000448595
0.000493858
0.000474122
0.000436589
0.000395673
0.000392176
0.000393694
0.000377941
0.000364728
0.000342826
0.000327311
0.00030901
0.000324117
0.000311285
0.000315577
0.000306875
0.000294347
0.000285424
0.0002738
0.000267878
0.000267511
0.000257795
0.000252703
0.000248306
0.000243792
0.000239519
0.00024164
0.00023516
0.000230157
0.0002299
0.000225355
0.000220541
0.000215502
0.000211881
0.000210249
0.00021098
0.000213394
0.000214995
0.000239916
0.000256436
0.000268084
0.000262902
0.000257885
0.000260446
0.000257599
0.000252986
0.000249437
0.000244853
0.000240662
0.000236557
0.000239781
0.000235638
0.000232519
0.000231092
0.000227907
0.000225123
0.000228111
0.00022634
0.000223775
0.00022036
0.000219507
0.000216367
0.000213828
0.000210751
0.000210998
0.000209498
0.000206648
0.000203848
0.000201516
0.000198982
0.000198049
0.000197939
0.000200618
0.000200121
0.000198356
0.000197138
0.000195095
0.000192759
0.000190847
0.000188928
0.0001878
0.000187026
0.000184929
0.000184125
0.00018401
0.000183222
0.000181393
0.000181464
0.000180639
0.000178921
0.000177635
0.000175814
0.000174031
0.000173266
