0
0.0507115
0.0490186
0.0397357
0.032482
0.0276493
0.0242862
0.0217725
0.0194243
0.0174836
0.0158379
0.0151092
0.0141341
0.0131464
0.0122549
0.0117295
0.0112136
0.0114825
0.0114192
0.0112623
0.0109031
0.0107338
0.0107153
0.0109242
0.0108095
0.0107704
0.0105017
0.0102711
0.0102218
0.00989933
0.0095751
0.00945963
0.00923506
0.00906907
0.00883138
0.00859753
0.00837995
0.00818616
0.00798483
0.00779289
0.0076186
0.00743835
0.00728254
0.00712881
0.00698206
0.00683016
0.00677627
0.00666665
0.00653801
0.00640851
0.00628346
0.00616208
0.00608381
0.00597747
0.00587193
0.00576974
0.00566808
0.00557718
0.00548207
0.0054197
0.00534893
0.00526766
0.00518409
0.00510769
0.00502946
0.0049652
0.00489729
0.00483065
0.00476766
0.00470686
0.00464142
0.00457825
0.00452187
0.00446035
0.00440531
0.00435239
0.00430248
0.00424731
0.00420455
0.00417379
0.00412319
0.00411415
0.00408308
0.00403821
0.00399058
0.00395128
0.00391144
0.00386854
0.00383911
0.0038087
0.00376888
0.00372778
0.00368825
0.0036623
0.00363435
0.00359636
0.00356002
0.00353291
0.00350314
0.00347275
