0
0.0253286
0.0146248
0.0121847
0.0118541
0.0111965
0.0101668
0.0095567
0.00869227
0.00799857
0.00728147
0.00705051
0.00660505
0.0061865
0.00580541
0.00550021
0.00522326
0.00497712
0.00471477
0.00447714
0.00441317
0.00420965
0.00402249
0.00386854
0.00372645
0.00358357
0.00347012
0.00334398
0.00322682
0.00312203
0.00303856
0.00294341
0.00296875
0.00298525
0.00290554
0.002826
0.002749
0.00267702
0.00264798
0.00263118
0.00256632
0.00257297
0.00258073
0.00253636
0.00250396
0.00245968
0.00241319
0.0023627
0.00239439
0.00234693
0.00230057
0.00226403
0.00222372
0.00220369
0.00216364
0.00212746
0.00209039
0.0020648
0.00202978
0.00200859
0.00199411
0.00201622
0.00198476
0.0019583
0.00193508
0.00190655
0.00187956
0.00185255
0.00183549
0.00180927
0.00179049
0.00176601
0.00175111
0.0017318
0.00170904
0.00169028
0.00167381
0.00168015
0.00169793
0.0017149
0.0016942
0.00167346
0.00165379
0.0016365
0.00162523
0.00161692
0.00160093
0.00158724
0.0015718
0.00156441
0.00154729
0.00153333
0.00152025
0.00152669
0.00151411
0.00151852
0.00150339
0.00148943
0.00147495
0.00146389
