1.81925
1.89532
1.95429
1.98344
1.99901
2.01073
2.02065
2.0291
2.0335
2.03643
2.03772
2.04431
2.04816
2.05005
2.051
2.05473
2.05786
2.06458
2.06987
2.07448
2.07753
2.08154
2.08619
2.09182
2.0958
2.10009
2.10263
2.10526
2.10902
2.11006
2.11019
2.11301
2.11467
2.11678
2.11778
2.11854
2.11937
2.12041
2.12105
2.12165
2.12086
2.12052
2.12132
2.12198
2.12133
2.12155
2.12323
2.12422
2.12473
2.12501
2.12523
2.12537
2.1264
2.12685
2.12718
2.12687
2.12676
2.1272
2.12728
2.12813
2.1288
2.12917
2.12904
2.12869
2.12884
2.12937
2.12975
2.13011
2.13051
2.13092
2.13109
2.13128
2.13165
2.13165
2.13196
2.13229
2.13265
2.13273
2.13227
2.13163
2.13148
2.13235
2.13294
2.13267
2.13261
2.13225
2.13193
2.13175
2.13126
2.13079
2.1306
2.13064
2.13075
2.13122
2.13164
2.13161
2.13149
2.1311
2.13079
2.13052
