-4.69965
-4.7002
-4.70079
-4.70122
-4.70125
-4.70097
-4.70115
-4.70146
-4.70164
-4.70175
-4.70177
-4.70162
-4.70146
-4.70156
-4.70166
-4.70169
-4.70163
-4.70162
-4.70176
-4.70181
-4.7017
-4.70176
-4.70178
-4.70183
-4.70183
-4.70178
-4.70171
-4.70171
-4.70166
-4.70162
-4.70158
-4.70162
-4.70155
-4.70153
-4.7015
-4.70145
-4.70142
-4.70144
-4.70146
-4.70149
-4.70145
-4.7015
-4.70155
-4.70161
-4.70172
-4.70183
-4.70192
-4.70194
-4.70195
-4.70201
-4.70205
-4.70206
-4.70204
-4.70203
-4.70202
-4.70203
-4.70197
-4.70197
-4.70195
-4.70192
-4.7019
-4.70188
-4.70183
-4.7018
-4.70178
-4.70178
-4.70181
-4.7018
-4.70182
-4.70182
-4.70186
-4.70188
-4.70189
-4.70188
-4.70187
-4.70186
-4.70189
-4.70186
-4.70181
-4.70178
-4.70177
-4.70174
-4.70173
-4.70173
-4.70172
-4.70171
-4.70169
-4.70167
-4.70167
-4.70164
-4.70162
-4.7016
-4.7016
-4.70163
-4.70165
-4.70164
-4.70166
-4.70166
-4.70166
-4.70168
