-5.74634
-5.72508
-5.70309
-5.68861
-5.67321
-5.66501
-5.6615
-5.65845
-5.65844
-5.66137
-5.66359
-5.66907
-5.67261
-5.67416
-5.6753
-5.67463
-5.67375
-5.67235
-5.67008
-5.66718
-5.66513
-5.66469
-5.66496
-5.66468
-5.66543
-5.66684
-5.66726
-5.66856
-5.66939
-5.67098
-5.6716
-5.67208
-5.67485
-5.67458
-5.67446
-5.6742
-5.67422
-5.67207
-5.67245
-5.67261
-5.67299
-5.67206
-5.67081
-5.67179
-5.67326
-5.67285
-5.67306
-5.67187
-5.67251
-5.67372
-5.67261
-5.67212
-5.67163
-5.67279
-5.67108
-5.66914
-5.66895
-5.6686
-5.66679
-5.66736
-5.66699
-5.66942
-5.67101
-5.67269
-5.67388
-5.67273
-5.67419
-5.67473
-5.67656
-5.67447
-5.67392
-5.67558
-5.67851
-5.67758
-5.67606
-5.67459
-5.67542
-5.67398
-5.67348
-5.67267
-5.67196
-5.67207
-5.67238
-5.67316
-5.67165
-5.67382
-5.67312
-5.67278
-5.67064
-5.67233
-5.6728
-5.67184
-5.67344
-5.67339
-5.67391
-5.67361
-5.67434
-5.67536
-5.67467
-5.6748
-5.67343
-5.67342
-5.67245
-5.67154
-5.66911
-5.66885
-5.66638
-5.66636
-5.66406
-5.66571
-5.66648
-5.66667
-5.66779
-5.67035
-5.6716
-5.67299
-5.67344
-5.67512
-5.67771
-5.67797
-5.67825
-5.68089
-5.68248
-5.68053
-5.67838
-5.67612
-5.67736
-5.6769
-5.6779
-5.67799
-5.6783
-5.67816
-5.67791
-5.67573
-5.67431
-5.67337
-5.6735
-5.67137
-5.67215
-5.67163
-5.67111
-5.67029
-5.67237
-5.67315
-5.67331
-5.67257
-5.67422
-5.67176
-5.67228
-5.67148
-5.67218
-5.67176
-5.67283
-5.67217
-5.67304
-5.67414
-5.67254
-5.67304
-5.67304
-5.6719
-5.67168
-5.66868
-5.66603
-5.66837
-5.66888
-5.66959
-5.67052
-5.67246
-5.6732
-5.67423
-5.67439
-5.67214
-5.67582
-5.67621
-5.67808
-5.67719
-5.67743
-5.68017
-5.67863
-5.67736
-5.6754
-5.67605
-5.67611
-5.67533
-5.67374
-5.67522
-5.67386
-5.6767
-5.67782
-5.68136
-5.67958
-5.67542
-5.67514
-5.67491
-5.67441
-5.67395
-5.67353
-5.67252
-5.67223
-5.67398
-5.67385
-5.67245
-5.67396
-5.67605
-5.67644
-5.67446
-5.67371
-5.67261
-5.67123
-5.67054
-5.67286
-5.67301
-5.67255
-5.67403
-5.67741
-5.6768
-5.67803
-5.67533
-5.67487
-5.67447
-5.6751
-5.67641
-5.67604
-5.67488
-5.67225
-5.67179
-5.67071
-5.66947
-5.6685
-5.6701
-5.6713
-5.67357
-5.67289
-5.67396
-5.67283
-5.67172
-5.67167
-5.67148
-5.67092
-5.67267
-5.67164
-5.67113
-5.67053
-5.66989
-5.6718
-5.67491
-5.67456
-5.67577
-5.67935
-5.68131
-5.67838
-5.67841
-5.67953
-5.67666
-5.67603
-5.67413
-5.67423
-5.67441
-5.67565
-5.67537
-5.67584
-5.67545
-5.67708
-5.67717
-5.67662
-5.67605
-5.67354
-5.67205
-5.67069
-5.67244
-5.67504
-5.67445
-5.67728
-5.67943
-5.67823
-5.67633
-5.67522
-5.67448
-5.67627
-5.67586
-5.6761
-5.67525
-5.67699
-5.6763
-5.677
-5.67619
-5.67429
-5.67662
-5.67679
-5.67807
-5.67458
-5.67206
-5.67303
-5.67361
-5.67514
-5.6748
-5.67367
-5.67594
-5.67833
-5.67905
-5.67923
-5.68009
-5.67812
-5.67504
-5.67485
-5.67312
-5.67218
-5.67171
-5.67135
-5.674
-5.67412
-5.67139
-5.67068
-5.66939
-5.67011
-5.66993
-5.67137
-5.6718
-5.67214
-5.6743
-5.6783
-5.67893
-5.67877
-5.6781
-5.67757
-5.67722
-5.67555
-5.67434
-5.67565
-5.675
-5.67363
-5.6743
-5.675
-5.67501
-5.67496
-5.67647
-5.67695
-5.67541
-5.67445
-5.67373
-5.67452
-5.67227
-5.67119
-5.67098
-5.66947
-5.66936
-5.67075
-5.6695
-5.66851
-5.66773
-5.66833
-5.6731
-5.67289
-5.67408
-5.67409
-5.67329
-5.67308
-5.67487
-5.67609
-5.67674
-5.67514
-5.67516
-5.67424
-5.67439
-5.67659
-5.67592
-5.67619
-5.67632
-5.67689
-5.67791
-5.6775
-5.67672
-5.67464
-5.67327
-5.67098
-5.67174
-5.67015
-5.66857
-5.66986
-5.66924
-5.66809
-5.66858
-5.66789
-5.67101
-5.6722
-5.67442
-5.67411
-5.67674
-5.67576
-5.67532
-5.67765
-5.67693
-5.67454
-5.67212
-5.67001
-5.66921
-5.66687
-5.66533
-5.66663
-5.66664
-5.66692
-5.66836
-5.66757
-5.66836
-5.66837
-5.66983
-5.67333
-5.67364
-5.67528
-5.6757
-5.6731
-5.67412
-5.6724
-5.67473
-5.67294
-5.67215
-5.6746
-5.67582
-5.67617
-5.67629
-5.67748
-5.67646
-5.67291
-5.67359
-5.67425
-5.67418
-5.67526
-5.67457
-5.67405
-5.6744
-5.67342
-5.67441
-5.67387
-5.67345
-5.67149
-5.67183
-5.67153
-5.67251
-5.67252
-5.6706
-5.6697
-5.66949
-5.67255
-5.67272
-5.67288
-5.67367
-5.67413
-5.67717
-5.67697
-5.67807
-5.67659
-5.67802
-5.67486
-5.6758
-5.67462
-5.67519
-5.67428
-5.6739
-5.67383
-5.6729
-5.67157
-5.67059
-5.67129
-5.67301
-5.67337
-5.6748
-5.67612
-5.67719
-5.67694
-5.67795
-5.67773
-5.67607
-5.677
-5.67537
-5.67569
-5.67565
-5.67618
-5.67533
-5.67706
-5.67396
-5.67481
-5.67349
-5.67163
-5.66954
-5.66819
-5.66888
-5.66869
-5.66889
-5.67078
-5.67017
-5.67035
-5.67102
-5.67248
-5.67263
-5.67447
-5.67553
-5.67384
-5.67209
-5.67308
-5.67055
-5.66986
-5.67076
-5.67041
-5.67234
-5.67163
-5.67179
-5.67464
-5.67842
-5.67615
-5.67612
-5.67629
-5.6754
-5.6742
-5.67287
-5.67198
-5.67181
-5.67155
-5.67404
-5.67444
-5.675
-5.67661
-5.67482
-5.6765
-5.67587
-5.67452
-5.6747
-5.67482
-5.67296
-5.67492
-5.67358
-5.67344
-5.67363
-5.67334
-5.67631
-5.67582
-5.67468
-5.67626
-5.67607
-5.6775
-5.67754
-5.67719
-5.67559
-5.67577
-5.67592
-5.67518
-5.67238
-5.67088
-5.67108
-5.67265
-5.67323
-5.67485
-5.67629
-5.67709
-5.67754
-5.67772
-5.6771
-5.67641
-5.67606
-5.67708
-5.67559
-5.67517
-5.67381
-5.67339
-5.67291
-5.67269
-5.67308
-5.67183
-5.67251
-5.67287
-5.67256
-5.66906
-5.6686
-5.67004
-5.66991
-5.6701
-5.66977
-5.6709
-5.6707
-5.67201
-5.67099
-5.67001
-5.66889
-5.66939
-5.6678
-5.66656
-5.66838
-5.66837
-5.6693
-5.67194
-5.67414
-5.67451
-5.67468
-5.6756
-5.67695
-5.67741
-5.67666
-5.67502
-5.67582
-5.67654
-5.67537
-5.67827
-5.67621
-5.67408
-5.67474
-5.6736
-5.67352
-5.67441
-5.67521
-5.67425
-5.67412
-5.67354
-5.67297
-5.67478
-5.67356
-5.67454
-5.6738
-5.67447
-5.67288
-5.67415
-5.67241
-5.67383
-5.67386
-5.67182
-5.67216
-5.67158
-5.67165
-5.67275
-5.674
-5.67198
-5.67202
-5.67297
-5.67265
-5.674
-5.67245
-5.67021
-5.67301
-5.6723
-5.66961
-5.67131
-5.66927
-5.66865
-5.67015
-5.67117
-5.67272
-5.6735
-5.67382
-5.6753
-5.67474
-5.67674
-5.6762
-5.6748
-5.67746
-5.67737
-5.67805
-5.67813
-5.6775
-5.6767
-5.6744
-5.67484
-5.67165
-5.6724
-5.67204
-5.67136
-5.67206
-5.67284
-5.6739
-5.67404
-5.67436
-5.67537
-5.67608
-5.67556
-5.67552
-5.67638
-5.67758
-5.6769
-5.67594
-5.67754
-5.67546
-5.67674
-5.67589
-5.67428
-5.67463
-5.67412
-5.67414
-5.67471
-5.67157
-5.67213
-5.67149
-5.66994
-5.67167
-5.67211
-5.67022
-5.67041
-5.66934
-5.67022
-5.67411
-5.67466
-5.67363
-5.67344
-5.67222
-5.6736
-5.67365
-5.6739
-5.67262
-5.67325
-5.67213
-5.67342
-5.67482
-5.67634
-5.67511
-5.67441
-5.67135
-5.67085
-5.66971
-5.66993
-5.67098
-5.67233
-5.67243
-5.67347
-5.67329
-5.67398
-5.67513
-5.67413
-5.6745
-5.67302
-5.67267
-5.67451
-5.67373
-5.67398
-5.67496
-5.6754
-5.67757
-5.67596
-5.67541
-5.67526
-5.67519
-5.67777
-5.6771
-5.67798
-5.67711
-5.67507
-5.67384
-5.67315
-5.6718
-5.67248
-5.67362
-5.67302
-5.67129
-5.67163
-5.67267
-5.67239
-5.67458
-5.67464
-5.67352
-5.67381
-5.67463
-5.67251
-5.6711
-5.67305
-5.67094
-5.6716
-5.67119
-5.67171
-5.67218
-5.67478
-5.67447
-5.67526
-5.67474
-5.67508
-5.67531
-5.67484
-5.67279
-5.67185
-5.66953
-5.66923
-5.67046
-5.67046
-5.66769
-5.66734
-5.66675
-5.66716
-5.66816
-5.6683
-5.66901
-5.67138
-5.6727
-5.67002
-5.67145
-5.66962
-5.6695
-5.6696
-5.66874
-5.66704
-5.66718
-5.66727
-5.6693
-5.66936
-5.67092
-5.67156
-5.67404
-5.67537
-5.67557
-5.67402
-5.67532
-5.67529
-5.67554
-5.67864
-5.67613
-5.67605
-5.67387
-5.67255
-5.67378
-5.67475
-5.6736
-5.67134
-5.67027
-5.67105
-5.673
-5.67216
-5.67487
-5.67168
-5.67327
-5.67424
-5.67467
-5.67397
-5.67465
-5.67428
-5.67625
-5.67915
-5.67941
-5.67843
-5.67605
-5.67503
-5.67448
-5.67413
-5.67329
-5.67482
-5.67481
-5.6739
-5.67179
-5.67336
-5.67281
-5.67368
-5.67493
-5.67389
-5.6737
-5.673
-5.67273
-5.67325
-5.67139
-5.6692
-5.67287
-5.67399
-5.67218
-5.67454
-5.67619
-5.67394
-5.67398
-5.67285
-5.67347
-5.67291
-5.67532
-5.67376
-5.67237
-5.67304
-5.67227
-5.67181
-5.67049
-5.6691
-5.67062
-5.67176
-5.67146
-5.67183
-5.67408
-5.67431
-5.67446
-5.67584
-5.67746
-5.6809
-5.68088
-5.68024
-5.6793
-5.67843
-5.67679
-5.67459
-5.67299
-5.67147
-5.6713
-5.67073
-5.67154
-5.67201
-5.67471
-5.67317
-5.6742
-5.67321
-5.67366
-5.67384
-5.67279
-5.67314
-5.67178
-5.67271
-5.67142
-5.67091
-5.67061
-5.66898
-5.66736
-5.66832
-5.67076
-5.67164
-5.67536
-5.67635
-5.67715
-5.67939
-5.67917
-5.67811
-5.67688
-5.67645
-5.67617
-5.67704
-5.67495
-5.67424
-5.67309
-5.67191
-5.67269
-5.67407
-5.67368
-5.67469
-5.67541
-5.67545
-5.67765
-5.67805
-5.67819
-5.67548
-5.67643
-5.67368
-5.67123
-5.67144
-5.67374
-5.67583
-5.67344
-5.67558
-5.6732
-5.67181
-5.67272
-5.67366
-5.67428
-5.67518
-5.67639
-5.67467
-5.67398
-5.6724
-5.67189
-5.67082
-5.67336
-5.67555
-5.67798
-5.67641
-5.6766
-5.67278
-5.6731
-5.67412
-5.67171
-5.67048
-5.67007
-5.6704
-5.67071
-5.67256
-5.67079
-5.66997
-5.67077
-5.67318
-5.67168
-5.67236
-5.67262
-5.67247
-5.67391
-5.67379
-5.67643
-5.67828
-5.68026
-5.68131
-5.68258
-5.68074
-5.68061
-5.68026
-5.67748
-5.67717
-5.67549
-5.67415
-5.67485
-5.67575
-5.67692
-5.67878
-5.67644
-5.67632
-5.67599
-5.67529
-5.67468
-5.674
-5.67319
