0
0.0014053
0.00306011
0.00218924
0.00174906
0.0016544
0.00146803
0.00128918
0.00113774
0.00101765
0.000942366
0.000878921
0.000813711
0.000753984
0.000703549
0.000661407
0.000627278
0.000602447
0.000600991
0.000570155
0.000547216
0.000528829
0.000507605
0.000487831
0.000469797
0.000451369
0.000436962
0.000425109
0.00041045
0.000396759
0.000403507
0.000432922
0.000424508
0.000412247
0.000406258
0.000396611
0.000389479
0.000379914
0.000370656
0.000362435
0.000355918
0.000352454
0.000345035
0.000347188
0.000339633
0.000332923
0.000329086
0.000322287
0.000315643
0.000309742
0.000304237
0.000299546
0.000293919
0.000291462
0.000293011
0.000287765
0.000296848
0.000292895
0.000287889
0.000284166
0.000279643
0.000275384
0.000271033
0.000267347
0.000265659
0.000263353
0.000259396
0.000258248
0.000260669
0.000258629
0.000254963
0.000251408
0.000248326
0.000246572
0.00024358
0.000240354
0.000237577
0.0002347
0.000231711
0.000228848
0.000233415
0.000234668
0.000235226
0.000232574
0.000229822
0.000227675
0.000225443
0.000222917
0.000220448
0.000221307
0.000224746
0.000227211
0.000227081
0.000225379
0.000224166
0.000222169
0.000221821
0.000220077
0.000218514
0.000216904
