-0.0516855
-0.127975
-0.187003
-0.216158
-0.231752
-0.24349
-0.253419
-0.261866
-0.266276
-0.269214
-0.270516
-0.277106
-0.280965
-0.282865
-0.283826
-0.287559
-0.290695
-0.297428
-0.302718
-0.307343
-0.310392
-0.31441
-0.319076
-0.324715
-0.328707
-0.332991
-0.335545
-0.338185
-0.341941
-0.342974
-0.343107
-0.345923
-0.347578
-0.349684
-0.35068
-0.351439
-0.352261
-0.353305
-0.353942
-0.35454
-0.353748
-0.353412
-0.354203
-0.35486
-0.354207
-0.354424
-0.356101
-0.357094
-0.357603
-0.357876
-0.358103
-0.358237
-0.359271
-0.359717
-0.360047
-0.359738
-0.359629
-0.360065
-0.360142
-0.360992
-0.361664
-0.362032
-0.361903
-0.361558
-0.361707
-0.362235
-0.36262
-0.362978
-0.363378
-0.363784
-0.363951
-0.364142
-0.364516
-0.364518
-0.364829
-0.365156
-0.365525
-0.365608
-0.365145
-0.364503
-0.36435
-0.365226
-0.36581
-0.36554
-0.365486
-0.365123
-0.364803
-0.364625
-0.364128
-0.363665
-0.363468
-0.363505
-0.363619
-0.36409
-0.36451
-0.364477
-0.364353
-0.363967
-0.363656
-0.363382
