0.611327
0.609219
0.613645
0.613146
0.612503
0.613756
0.613085
0.613405
0.613469
0.613459
0.613156
0.613426
0.613564
0.613611
0.613683
0.613584
0.613454
0.613282
0.613568
0.613571
0.613462
0.613591
0.613663
0.613727
0.613664
0.613666
0.613594
0.613682
0.61366
0.61364
0.613827
0.613547
0.613644
0.613616
0.61372
0.613777
0.613858
0.61382
0.613788
0.613832
0.613894
0.613804
0.613841
0.613717
0.613736
0.61377
0.6137
0.613713
0.613712
0.613737
0.613708
0.613748
0.613759
0.613696
0.613791
0.613784
0.613648
0.613688
0.613687
0.613649
0.613664
0.613645
0.613653
0.61368
0.613626
0.613671
0.613673
0.613617
0.613702
0.613657
0.613655
0.613652
0.613631
0.613674
0.613655
0.613656
0.613675
0.613661
0.613663
0.613655
0.613743
0.613677
0.613737
0.613724
0.613725
0.613748
0.613728
0.613735
0.613728
0.613786
0.613709
0.61378
0.613731
0.613758
0.613724
0.613742
0.613698
0.613676
0.613701
0.613725
