-6.58104
-6.58211
-6.58197
-6.5818
-6.58185
-6.58202
-6.58201
-6.58213
-6.58221
-6.58252
-6.58258
-6.58272
-6.58288
-6.58287
-6.58293
-6.58296
-6.58301
-6.58295
-6.58298
-6.58298
-6.58298
-6.58304
-6.58308
-6.58307
-6.58304
-6.583
-6.58294
-6.58294
-6.58293
-6.58293
-6.58292
-6.58286
-6.58286
-6.58285
-6.58282
-6.58285
-6.58289
-6.58289
-6.58293
-6.58295
-6.58294
-6.58293
-6.58293
-6.58289
-6.58287
-6.58285
-6.58287
-6.58288
-6.58284
-6.58286
-6.58285
-6.58284
-6.58282
-6.5828
-6.58279
-6.58277
-6.58277
-6.58276
-6.58275
-6.58273
-6.58271
-6.58269
-6.58266
-6.58263
-6.58262
-6.5826
-6.58259
-6.58258
-6.58259
-6.58258
-6.58259
-6.58258
-6.58257
-6.58257
-6.58256
-6.58255
-6.58256
-6.58258
-6.58259
-6.58259
-6.5826
-6.5826
-6.58263
-6.58263
-6.58263
-6.58261
-6.5826
-6.58262
-6.58262
-6.58263
-6.58264
-6.58264
-6.58263
-6.58265
-6.58265
-6.58265
-6.58265
-6.58264
-6.58265
-6.58265
