0.407551
0.406146
0.409096
0.408764
0.408335
0.409171
0.408723
0.408937
0.408979
0.408973
0.408771
0.408951
0.409043
0.409074
0.409122
0.409056
0.408969
0.408854
0.409045
0.409048
0.408975
0.409061
0.409109
0.409151
0.409109
0.409111
0.409063
0.409121
0.409107
0.409093
0.409218
0.409032
0.409096
0.409078
0.409147
0.409185
0.409238
0.409213
0.409192
0.409221
0.409263
0.409203
0.409227
0.409144
0.409157
0.40918
0.409133
0.409142
0.409141
0.409158
0.409139
0.409166
0.409173
0.409131
0.409194
0.409189
0.409099
0.409125
0.409125
0.409099
0.409109
0.409097
0.409102
0.40912
0.409084
0.409114
0.409115
0.409078
0.409135
0.409105
0.409104
0.409101
0.409088
0.409116
0.409103
0.409104
0.409117
0.409108
0.409108
0.409104
0.409162
0.409118
0.409158
0.409149
0.40915
0.409166
0.409152
0.409157
0.409152
0.40919
0.409139
0.409186
0.409154
0.409172
0.409149
0.409162
0.409132
0.409117
0.409134
0.40915
