0
0.00022225
0.000140292
9.97252e-05
8.12425e-05
6.76597e-05
5.75294e-05
5.01034e-05
4.52734e-05
4.04974e-05
3.87089e-05
3.62141e-05
3.35324e-05
3.15867e-05
3.19894e-05
3.07661e-05
2.99752e-05
3.07274e-05
2.90855e-05
2.84495e-05
2.74704e-05
2.78356e-05
2.94966e-05
2.94796e-05
2.95674e-05
2.85324e-05
2.92295e-05
2.85637e-05
2.75646e-05
2.66984e-05
2.59097e-05
2.53467e-05
2.50328e-05
2.47309e-05
2.44288e-05
2.3799e-05
2.32242e-05
2.26197e-05
2.20773e-05
2.15519e-05
2.12202e-05
2.07161e-05
2.03594e-05
2.08127e-05
2.05125e-05
2.01798e-05
1.97882e-05
1.95107e-05
1.91103e-05
1.88014e-05
1.85106e-05
1.8185e-05
1.78544e-05
1.75247e-05
1.72059e-05
1.70335e-05
1.67442e-05
1.65914e-05
1.63178e-05
1.60794e-05
1.58161e-05
1.55589e-05
1.53145e-05
1.52384e-05
1.5022e-05
1.47957e-05
1.46243e-05
1.44265e-05
1.42496e-05
1.40548e-05
1.38555e-05
1.3752e-05
1.37241e-05
1.36697e-05
1.3515e-05
1.34353e-05
1.32831e-05
1.31552e-05
1.30079e-05
1.28787e-05
1.27195e-05
1.25817e-05
1.26562e-05
1.25056e-05
1.23662e-05
1.22402e-05
1.20987e-05
1.19873e-05
1.18545e-05
1.17392e-05
1.16892e-05
1.15805e-05
1.14555e-05
1.13503e-05
1.12453e-05
1.11554e-05
1.11635e-05
1.10503e-05
1.09509e-05
1.08537e-05
