0
0.0379928
0.0219371
0.0182771
0.0177812
0.0167948
0.0152502
0.0143351
0.0130384
0.0119979
0.0109222
0.0105758
0.00990758
0.00927976
0.00870813
0.00825033
0.0078349
0.00746568
0.00707216
0.00671572
0.00661976
0.00631448
0.00603373
0.00580281
0.00558967
0.00537536
0.00520518
0.00501597
0.00484024
0.00468305
0.00455784
0.00441511
0.00445312
0.00447788
0.00435832
0.004239
0.00412351
0.00401553
0.00397197
0.00394678
0.00384948
0.00385945
0.0038711
0.00380454
0.00375595
0.00368952
0.00361979
0.00354405
0.00359159
0.00352039
0.00345086
0.00339605
0.00333559
0.00330554
0.00324546
0.00319119
0.00313559
0.00309719
0.00304468
0.00301288
0.00299117
0.00302433
0.00297714
0.00293745
0.00290261
0.00285983
0.00281935
0.00277882
0.00275324
0.0027139
0.00268574
0.00264902
0.00262666
0.0025977
0.00256356
0.00253542
0.00251072
0.00252023
0.0025469
0.00257235
0.0025413
0.0025102
0.00248069
0.00245475
0.00243785
0.00242539
0.0024014
0.00238086
0.0023577
0.00234662
0.00232094
0.0023
0.00228037
0.00229004
0.00227117
0.00227779
0.00225509
0.00223415
0.00221243
0.00219584
