0.941715
0.903722
0.903429
0.893763
0.883004
0.874561
0.868985
0.863411
0.860222
0.857403
0.85617
0.852644
0.850768
0.849362
0.848267
0.846957
0.845806
0.844723
0.844341
0.844636
0.8429
0.843087
0.843108
0.843656
0.844171
0.844402
0.844985
0.845021
0.844966
0.844711
0.844203
0.844336
0.843104
0.841926
0.841627
0.841455
0.841381
0.841508
0.840816
0.841584
0.84162
0.842504
0.843389
0.843802
0.844327
0.844672
0.844408
0.844466
0.843543
0.843641
0.843677
0.843964
0.844132
0.844593
0.844655
0.844819
0.844744
0.844428
0.844377
0.844718
0.845127
0.844428
0.844344
0.844549
0.8443
0.844207
0.844087
0.844171
0.843884
0.843845
0.843609
0.843676
0.843404
0.843591
0.84353
0.843359
0.843153
0.842695
0.842151
0.84161
0.841678
0.841659
0.841726
0.841862
0.842105
0.842384
0.842244
0.842063
0.842196
0.842463
0.842498
0.842355
0.842201
0.842594
0.84275
0.842379
0.842315
0.842414
0.84248
0.842322
