0
0.0762898
0.0736502
0.0596839
0.0487901
0.0415303
0.0364767
0.0326998
0.0291738
0.0262587
0.0237875
0.0226929
0.0212281
0.019745
0.0184067
0.017618
0.0168437
0.0172488
0.0171517
0.0169162
0.0163768
0.0161234
0.0160975
0.0164113
0.0162396
0.0161798
0.0157772
0.0154308
0.0153554
0.0148707
0.0143837
0.0142087
0.0138705
0.01362
0.0132627
0.0129113
0.0125844
0.0122932
0.0119907
0.0117024
0.0114408
0.0111701
0.0109359
0.0107047
0.0104844
0.0102563
0.0101748
0.0100099
0.00981674
0.00962225
0.00943444
0.0092522
0.00913465
0.00897495
0.00881645
0.00866308
0.00851045
0.00837383
0.00823103
0.00813718
0.0080309
0.00790887
0.00778339
0.00766857
0.00755113
0.00745459
0.00735255
0.00725244
0.0071578
0.00706647
0.00696822
0.00687343
0.00678888
0.00669651
0.0066139
0.00653452
0.00645962
0.0063768
0.00631252
0.00626617
0.00619021
0.00617662
0.0061297
0.00606232
0.00599082
0.00593185
0.00587202
0.00580763
0.00576344
0.00571781
0.00565807
0.00559636
0.00553702
0.00549808
0.00545605
0.00539902
0.0053445
0.00530377
0.00525909
0.00521343
