0
0.0010701
0.000632672
0.000478394
0.000373558
0.00034679
0.000293182
0.000280016
0.000259745
0.000389254
0.000356918
0.000356503
0.000361849
0.000335069
0.000317044
0.00029911
0.000285234
0.000276069
0.000262547
0.000249122
0.000237007
0.000235405
0.000227857
0.000218761
0.000211824
0.000206143
0.000207312
0.00019985
0.000192869
0.000186329
0.000180969
0.000185552
0.000179869
0.000174669
0.000172605
0.000171062
0.00017066
0.000166125
0.000166321
0.000163408
0.000159676
0.000156146
0.000152473
0.000154627
0.000151992
0.000150447
0.000147861
0.000145304
0.000146201
0.000143905
0.000141161
0.000139289
0.000137219
0.000137451
0.000135233
0.000133475
0.000131227
0.000129229
0.000127154
0.000128208
0.000127107
0.000126792
0.000127956
0.000130554
0.000128644
0.000127837
0.000126429
0.000125347
0.000124116
0.000122701
0.000121597
0.000120585
0.000119362
0.000117806
0.000116657
0.000115567
0.000114315
0.000114749
0.000113555
0.000112156
0.000111176
0.000110054
0.000112789
0.00011144
0.000110151
0.000110155
0.000109513
0.000109269
0.00010806
0.000107729
0.000107065
0.0001059
0.000104985
0.000105165
0.000104103
0.000103377
0.000102309
0.000101427
0.000101263
0.000100252
