0
0.0760679
0.073528
0.0596035
0.048723
0.0414739
0.0364292
0.0326587
0.0291364
0.0262254
0.0237568
0.0226638
0.021201
0.0197196
0.0183824
0.0175942
0.0168203
0.0172237
0.0171288
0.0168934
0.0163547
0.0161006
0.0160729
0.0163863
0.0162143
0.0161556
0.0157526
0.0154066
0.0153327
0.014849
0.0143626
0.0141894
0.0138526
0.0136036
0.0132471
0.0128963
0.0125699
0.0122792
0.0119772
0.0116893
0.0114279
0.0111575
0.0109238
0.0106932
0.0104731
0.0102452
0.0101644
0.00999997
0.009807
0.00961277
0.00942518
0.00924311
0.00912571
0.00896621
0.00880789
0.0086546
0.00850211
0.00836576
0.0082231
0.00812954
0.00802338
0.00790149
0.00777613
0.00766154
0.00754419
0.00744779
0.00734593
0.00724597
0.00715148
0.00706029
0.00696213
0.00686738
0.00678281
0.00669052
0.00660796
0.00652858
0.00645372
0.00637097
0.00630682
0.00626068
0.00618479
0.00617122
0.00612462
0.00605731
0.00598587
0.00592692
0.00586715
0.00580281
0.00575866
0.00571305
0.00565332
0.00559166
0.00553238
0.00549345
0.00545152
0.00539454
0.00534003
0.00529937
0.00525471
0.00520913
