-7.19237
-7.19133
-7.19562
-7.19495
-7.19435
-7.19577
-7.19509
-7.19553
-7.19568
-7.19598
-7.19573
-7.19615
-7.19644
-7.19648
-7.19661
-7.19655
-7.19647
-7.19623
-7.19655
-7.19656
-7.19644
-7.19664
-7.19674
-7.19679
-7.1967
-7.19667
-7.19654
-7.19662
-7.19659
-7.19657
-7.19674
-7.1964
-7.1965
-7.19647
-7.19654
-7.19663
-7.19675
-7.19671
-7.19672
-7.19678
-7.19684
-7.19674
-7.19677
-7.19661
-7.19661
-7.19662
-7.19657
-7.19659
-7.19656
-7.1966
-7.19656
-7.19659
-7.19658
-7.19649
-7.19658
-7.19656
-7.19642
-7.19645
-7.19644
-7.19638
-7.19637
-7.19633
-7.19631
-7.19631
-7.19625
-7.19628
-7.19627
-7.1962
-7.19629
-7.19624
-7.19625
-7.19623
-7.1962
-7.19625
-7.19622
-7.19621
-7.19624
-7.19624
-7.19625
-7.19624
-7.19634
-7.19628
-7.19637
-7.19636
-7.19636
-7.19636
-7.19633
-7.19635
-7.19634
-7.19642
-7.19635
-7.19642
-7.19637
-7.19641
-7.19638
-7.19639
-7.19634
-7.19632
-7.19635
-7.19638
