1.21284
1.26355
1.30286
1.32229
1.33267
1.34049
1.3471
1.35273
1.35566
1.35762
1.35848
1.36287
1.36544
1.3667
1.36733
1.36982
1.3719
1.37638
1.37991
1.38299
1.38502
1.38769
1.39079
1.39455
1.3972
1.40006
1.40175
1.40351
1.40601
1.4067
1.40679
1.40867
1.40978
1.41119
1.41185
1.41236
1.41291
1.41361
1.41403
1.41443
1.41391
1.41368
1.41421
1.41465
1.41422
1.41437
1.41548
1.41615
1.41649
1.41667
1.41682
1.41691
1.4176
1.4179
1.41812
1.41791
1.41784
1.41813
1.41818
1.41875
1.4192
1.41945
1.41936
1.41913
1.41923
1.41958
1.41984
1.42008
1.42034
1.42061
1.42073
1.42085
1.4211
1.4211
1.42131
1.42152
1.42177
1.42182
1.42151
1.42109
1.42098
1.42157
1.42196
1.42178
1.42174
1.4215
1.42129
1.42117
1.42084
1.42053
1.4204
1.42042
1.4205
1.42081
1.42109
1.42107
1.42099
1.42073
1.42053
1.42034
