0
0.0635336
0.0374511
0.0290858
0.0486786
0.0601766
0.0543884
0.0483034
0.0449231
0.0401853
0.0363508
0.0332497
0.0310301
0.0302989
0.0300362
0.0290115
0.029071
0.027834
0.0274535
0.0268419
0.0259582
0.025179
0.0252304
0.0241662
0.0239637
0.0232415
0.0224048
0.0221943
0.0222315
0.0216827
0.0212832
0.0207854
0.0201843
0.0198596
0.0196452
0.0190952
0.0185914
0.0183255
0.0178494
0.0181165
0.0176792
0.0175039
0.0170934
0.0167783
0.0164024
0.0161307
0.015809
0.0156044
0.0153202
0.0151936
0.0150647
0.0148007
0.0145364
0.0142815
0.0141777
0.0139268
0.0136851
0.013511
0.013337
0.0134194
0.0133496
0.0134003
0.0134208
0.0133788
0.0132381
0.0130438
0.0130454
0.0128822
0.0126965
0.0126626
0.0125022
0.0128782
0.0127007
0.0127696
0.0126942
0.0128122
0.0126906
0.0125564
0.0124062
0.0124763
0.0123624
0.0125899
0.0124392
0.0122917
0.012194
0.0120729
0.011938
0.0118083
0.0117013
0.0116174
0.011588
0.0115266
0.0115083
0.0113908
0.0114749
0.0113747
0.011373
0.0113579
0.011251
0.0111502
