0
0.145532
0.0841552
0.0599503
0.049763
0.0439567
0.04337
0.0403771
0.0365184
0.0365206
0.0350714
0.033495
0.0308177
0.0291996
0.028458
0.0283278
0.0266134
0.0254371
0.0247977
0.0242072
0.0231546
0.0220892
0.0211249
0.020742
0.0200362
0.0192665
0.0197167
0.0190026
0.0184886
0.0179484
0.0195811
0.0189712
0.0184064
0.0179971
0.0177071
0.017445
0.0171033
0.0166472
0.0162292
0.0158226
0.0155339
0.0151737
0.0148415
0.0145332
0.0143255
0.0141052
0.0139823
0.0138231
0.0135746
0.013688
0.0136915
0.0134307
0.0132098
0.0129903
0.0128903
0.012676
0.0126872
0.0125471
0.0123807
0.0122128
0.0124221
0.0123766
0.0122309
0.0121544
0.011968
0.0117859
0.0119769
0.0118155
0.0116751
0.0115202
0.0116
0.0115087
0.011521
0.0114501
0.0113022
0.0112524
0.011147
0.0110032
0.0110538
0.0109217
0.0108328
0.010765
0.0106442
0.0105173
0.0105469
0.0105272
0.0104787
0.010643
0.0105293
0.010482
0.01037
0.0103039
0.0102258
0.0101232
0.0100175
0.00992249
0.00983389
0.00984477
0.00984384
0.00974602
