0
0.0188117
0.031267
0.024403
0.0207874
0.0175849
0.0157834
0.0142628
0.0127633
0.0143929
0.0130984
0.0120031
0.0110481
0.010355
0.0100899
0.00973244
0.00914794
0.00866968
0.00821486
0.00898399
0.0087092
0.00830921
0.0080334
0.00771276
0.00760991
0.00770444
0.00741637
0.0071744
0.00724158
0.00717865
0.00719672
0.00698292
0.00687212
0.00667189
0.00653894
0.00639503
0.00621994
0.00606221
0.0059768
0.00582561
0.00576667
0.00567683
0.0056598
0.00555138
0.00543204
0.00597574
0.00586375
0.00574906
0.00564732
0.00553746
0.00546314
0.00549427
0.00541303
0.00531564
0.00523301
0.00517516
0.00508362
0.00500335
0.00494896
0.00486758
0.00485219
0.00487074
0.00482822
0.00476907
0.00476521
0.00472968
0.00474016
0.00469921
0.00463624
0.00466665
0.00465257
0.00469314
0.00469067
0.00464097
0.00461505
0.00456939
0.00454622
0.00448898
0.00443224
0.00437703
0.0043294
0.00427886
0.00425973
0.0042388
0.00419053
0.00414165
0.0041285
0.00408182
0.00403844
0.00399339
0.00401491
0.00397189
0.00393184
0.00389361
0.00385242
0.00381212
0.00378896
0.00375011
0.00373309
0.00374215
