0
0.021554
0.0131365
0.00966793
0.0116362
0.0113029
0.0100852
0.0110359
0.00983922
0.00888245
0.00829425
0.007659
0.00992315
0.00932532
0.0108395
0.0119293
0.0112059
0.0110535
0.0108543
0.010299
0.0100397
0.00962357
0.0110318
0.0106236
0.0102302
0.0101443
0.00984122
0.00949037
0.00964415
0.00967077
0.00935423
0.00919006
0.00895871
0.00878143
0.00852772
0.00832152
0.00809397
0.0079505
0.007809
0.00761479
0.00743006
0.00727541
0.00710976
0.00694644
0.00700097
0.00684779
0.00671907
0.00661829
0.00649054
0.00641731
0.00631593
0.00621133
0.00615278
0.00607707
0.00598826
0.00588056
0.0057837
0.00586926
0.00591484
0.00582821
0.00573291
0.00564253
0.00558321
0.00551097
0.00557749
0.00550041
0.0054177
0.00538004
0.00530197
0.00529441
0.0052194
0.00515378
0.00514494
0.00518202
0.00515236
0.0050849
0.00502918
0.0049644
0.0049403
0.00488403
0.00482344
0.00481189
0.00475721
0.00470042
0.00465157
0.0046102
0.00455874
0.00450703
0.00445691
0.00440741
0.00437174
0.00434207
0.0043367
0.0043044
0.00430373
0.00426837
0.00422496
0.00421425
0.00418729
0.00418825
