1.51535
1.53416
1.50484
1.49451
1.50316
1.49856
1.49325
1.49732
1.49516
1.50393
1.50248
1.50144
1.50105
1.49943
1.49645
1.49408
1.49375
1.49463
1.49415
1.49862
1.5003
1.5006
1.49937
1.49995
1.50173
1.50416
1.50396
1.50333
1.5012
1.49959
1.4977
1.49815
1.49696
1.4967
1.49582
1.4951
1.49514
1.49483
1.4939
1.49386
1.49288
1.49213
1.49327
1.49278
1.49254
1.49528
1.49572
1.49603
1.4956
1.49581
1.49519
1.49641
1.49591
1.49611
1.49572
1.49633
1.49636
1.49607
1.49662
1.49649
1.4957
1.49473
1.49415
1.49375
1.49456
1.49515
1.49603
1.49655
1.49632
1.49727
1.49796
1.49895
1.49972
1.49935
1.49878
1.49915
1.49973
1.49984
1.49978
1.49971
1.49995
1.5001
1.50063
1.50012
1.5
1.49996
1.5005
1.50043
1.50028
1.50031
1.50103
1.50095
1.5011
1.50093
1.50094
1.50095
1.50131
1.50132
1.50092
1.50151
