1.48777
1.46622
1.47043
1.47311
1.48201
1.48814
1.4849
1.47816
1.47671
1.47792
1.47998
1.47882
1.48581
1.48741
1.48092
1.48721
1.48728
1.48403
1.48694
1.48676
1.48896
1.48995
1.49604
1.4949
1.49581
1.4933
1.49205
1.49242
1.49544
1.49285
1.49274
1.49119
1.49023
1.49148
1.49136
1.49211
1.49202
1.49309
1.49209
1.49186
1.49208
1.49268
1.49296
1.49291
1.49121
1.49111
1.49161
1.49234
1.49268
1.49182
1.49239
1.49191
1.49277
1.49346
1.49398
1.49393
1.49364
1.49217
1.49348
1.49309
1.4932
1.49338
1.49397
1.49439
1.49568
1.49538
1.49537
1.49605
1.49598
1.49683
1.49686
1.49713
1.49633
1.49738
1.49674
1.49665
1.49632
1.49636
1.49698
1.49722
1.49719
1.49651
1.49633
1.49629
1.49604
1.49569
1.49556
1.49562
1.49553
1.49559
1.49525
1.49485
1.49545
1.4958
1.49518
1.49547
1.49538
1.49591
1.49554
1.49614
