5.04295
4.97942
4.97186
4.98389
5.02704
4.98186
5.00114
4.99043
4.97617
4.97554
4.9759
4.978
4.98323
4.9736
4.98393
4.9767
4.96657
4.97142
4.96364
4.97014
4.96545
4.97008
4.96248
4.96179
4.96787
4.97104
4.97239
4.96725
4.97322
4.97619
4.97982
4.97711
4.97586
4.97917
4.98292
4.98255
4.9817
4.9846
4.98461
4.97956
4.98016
4.9772
4.97742
4.97904
4.97924
4.97755
4.97666
4.97466
4.97573
4.97808
4.97581
4.97489
4.97418
4.97487
4.97698
4.97662
4.97626
4.97757
4.97634
4.97919
4.9812
4.98387
4.98137
4.98349
4.98216
4.98171
4.97945
4.97857
4.97832
4.98026
4.98095
4.98468
4.98473
4.9872
4.98565
4.98834
4.98726
4.98812
4.98763
4.98999
4.98899
4.99205
4.99184
4.99203
4.9931
4.99383
4.99349
4.99309
4.99388
4.99284
4.99133
4.9901
4.99166
4.99202
4.98986
4.99054
4.98892
4.99043
4.99
4.99052
