4.94078
5.08632
5.0816
5.08888
5.07099
5.05422
5.03184
5.04666
5.05475
5.03842
5.02664
5.01679
5.01744
5.01123
5.00281
4.99312
4.99359
4.98941
4.98341
4.9777
4.98014
4.98087
4.98174
4.98634
4.98872
4.98951
4.9828
4.98315
4.98552
4.98376
4.99282
4.99349
4.99432
4.99208
4.99494
4.99207
4.99423
4.99419
4.99351
4.99388
4.9921
4.99144
4.9923
4.99132
4.99316
4.99153
4.98929
4.99122
4.99222
4.98898
4.99171
4.99208
4.99304
4.99389
4.992
4.99133
4.99376
4.99518
4.99409
4.99508
4.99825
5.00021
5.00134
5.00302
5.00324
5.00336
5.00631
5.00693
5.00606
5.00551
5.00788
5.0066
5.00858
5.00998
5.00962
5.00812
5.00716
5.00719
5.00514
5.00553
5.00654
5.00536
5.00581
5.0057
5.0075
5.00897
5.00773
5.01018
5.01055
5.00934
5.00905
5.00807
5.00889
5.00852
5.00869
5.00914
5.00967
5.01115
5.01254
5.01269
