0
-1.63851
-1.63851
-2.66257
-2.10219
-1.92764
-1.60656
-1.40468
-1.40468
-1.40468
-3.76485
-2.58512
-2.58512
-2.58512
-2.58512
-2.58512
-2.58512
-0.304153
-0.304153
-0.304153
-0.304153
-0.304153
-0.304153
-0.304153
-0.304153
-0.999471
-0.999471
-0.999471
-0.999471
0.886543
-0.539391
-2.40267
-2.40267
-2.40267
-2.40267
-2.33043
-2.33043
-2.33043
-1.98284
-1.98284
-1.98284
-1.98284
0.0441253
0.115186
0.115186
2.12815
1.26007
-0.849563
-0.849563
1.3523
1.3523
0.960003
2.3159
3.73352
3.73352
6.14779
3.62404
3.04832
2.19338
2.19338
-0.133464
-0.133464
0.317491
0.317491
0.317491
-0.984752
-0.984752
0.605747
-0.260626
-0.260626
-0.270742
-0.270742
-1.0826
-1.0826
-1.0826
-1.0826
1.43698
2.93076
2.47404
1.63041
1.63041
1.63041
0.613455
-0.424168
-0.424168
-0.790472
-0.790472
-0.790472
-0.790472
-0.790472
-0.790472
-0.790472
-0.790472
-0.790472
-0.790472
-0.790472
-0.790472
-0.790472
-0.790472
-0.790472
-0.790472
-0.790472
-0.790472
-2.04848
-2.04848
-2.04848
0.235818
-0.335814
1.92501
1.92501
1.92501
1.36774
1.36774
3.87612
3.87612
3.87612
3.87612
3.87612
4.71988
6.87846
7.08572
7.08572
9.41414
9.41414
11.3692
10.7674
10.7674
10.7674
10.7674
8.26974
5.90864
5.08558
6.4537
5.38402
5.38402
5.38402
5.38402
5.38402
5.45972
5.45972
4.80201
3.67348
3.67348
4.43226
3.08873
3.08873
3.08873
3.08873
0.713449
1.39545
-0.503346
-0.503346
1.57713
0.117919
1.07513
1.2717
1.2717
-1.2551
0.391516
0.391516
0.391516
-0.515936
-0.515936
-0.515936
-2.41669
-1.98234
-0.200967
-0.200967
0.173928
0.173928
1.26897
0.636991
0.636991
0.636991
-2.06178
-2.23822
-2.23822
-3.54681
-3.54681
-3.54681
-3.54681
-2.4961
-2.4961
-2.4961
-2.44016
-2.44016
-2.44016
-0.538846
0.786752
-1.89536
0.490915
2.7893
4.48075
3.12833
3.12833
1.73546
1.73546
3.46137
4.9398
4.24406
1.86777
1.86777
2.22973
-0.29261
2.3393
-0.338665
1.63545
-0.388962
-0.88592
-0.88592
-0.88592
-2.51363
-2.51363
-2.51363
-2.51363
-3.95459
-3.95459
-3.95459
-2.06818
-2.06818
-2.89536
-4.50544
-1.97477
-1.97477
-1.97477
-0.826916
1.03025
1.03025
1.89768
-0.680639
0.569654
-0.650197
1.51605
3.35018
3.35018
1.14228
1.14228
1.14228
1.14228
1.14228
1.14228
1.07927
1.07927
1.07927
1.07927
-0.783623
-0.783623
-0.783623
-0.783623
-0.783623
1.6433
1.6433
0.0102073
-1.83766
0.323195
1.85297
-0.14487
-1.89833
-1.89833
-1.89833
-1.89833
-3.90284
-1.94276
-0.421977
-0.421977
-0.421977
-0.421977
-0.421977
1.86447
1.21371
1.04746
1.9105
-0.421438
-0.421438
-0.421438
-0.421438
0.692533
-0.197037
-0.197037
-0.270266
-0.400799
-0.00925265
-1.80699
-4.09088
-2.49701
-0.809315
-0.809315
-0.809315
-0.809315
-0.809315
-0.809315
-0.809315
-0.593348
1.92789
1.92789
0.795743
0.428422
1.49417
-1.19833
-2.63359
-2.63359
-0.5727
-2.04899
-0.612318
1.38221
0.371881
1.684
1.684
1.684
-0.245299
0.170039
0.170039
0.954642
0.954642
-0.1843
-0.1843
1.71001
1.71001
0.400172
0.400172
-0.746275
-3.4206
-3.4206
-3.4206
-3.37834
-4.90575
-3.57593
-3.57593
-3.57593
-1.49089
1.11115
2.20784
4.16862
1.93638
1.93638
2.03981
2.03981
4.25687
4.25687
4.25687
2.24038
2.24038
2.24038
-0.316906
-1.30464
1.32348
1.44665
1.62308
1.52495
1.52495
-1.0386
-1.0386
-1.0386
-1.0386
-1.0386
-1.0386
-1.0386
-1.0386
-1.0386
1.29312
1.29312
1.29312
-1.03332
-2.22757
-2.22757
-2.22757
-2.22757
-2.00718
-0.660697
-0.660697
-0.660697
-1.45133
-1.2294
-1.2294
-1.2294
-1.2294
-2.01433
0.0877569
0.0877569
-1.03553
-2.16692
-3.60965
-3.60965
-3.60965
-4.55631
-4.55631
-4.46384
-2.4924
-3.81901
-3.81901
-3.81901
-3.00563
-3.00563
-3.00563
-2.4988
-2.4988
-3.33639
-1.7113
0.850551
2.90805
2.90805
4.01878
3.82914
2.28311
2.28311
-0.05954
-0.05954
-0.642911
-0.642911
-0.642911
-3.00086
-3.00086
-3.00086
-3.00086
-3.00086
-3.00086
-3.00086
-3.00086
-3.00086
-3.00086
-2.72373
-2.72373
-4.09008
-6.14584
-6.39281
-7.67011
-7.67011
-7.67011
-7.67011
-5.20675
-3.51785
-0.897755
-0.897755
-0.897755
-1.31311
0.787728
0.851709
0.851709
0.851709
0.57285
0.57285
0.57285
0.57285
0.57285
1.789
-0.0010302
-0.0010302
-0.0010302
-0.0010302
-0.0010302
-0.0010302
-0.680985
-0.680985
-0.680985
-2.09417
-1.49921
-1.85347
0.702584
1.86244
2.95446
2.89064
0.386322
0.386322
-0.605156
1.3703
1.3703
3.33954
4.35154
5.15427
5.15427
5.14455
3.80017
3.80017
1.26251
1.26251
1.26251
1.26251
1.26251
1.26251
1.26251
1.26251
1.26251
-1.18417
-2.54684
-2.54684
-4.51772
-3.88465
-3.65138
-3.65138
-3.65138
-3.92938
-3.54151
-3.54151
-6.19532
-6.23456
-6.23456
-6.23456
-4.51546
-4.34943
-2.11417
-2.11417
-2.11417
-4.57326
-4.57326
-4.57326
-4.57326
-4.51753
-4.51753
-4.51753
-4.51753
-2.43584
-2.43584
0.203998
1.45925
1.8821
1.8821
1.20808
0.413534
2.35537
4.03962
3.88747
3.88747
3.88747
3.88747
2.11785
-0.314523
-1.5629
-0.840555
-2.96748
-2.82271
-2.82271
-2.82271
-0.245796
-0.245796
-0.245796
-2.67614
-0.132945
-0.132945
-1.58605
0.92004
0.92004
0.92004
0.92004
0.175986
0.175986
1.62277
2.6662
2.6662
4.48032
4.21476
4.38505
4.38505
4.38505
2.06785
4.07813
4.07813
3.09715
3.09715
3.09715
3.09715
3.09715
2.08674
-0.0584747
-0.0584747
-2.68473
-2.68473
-2.68473
-0.651117
-1.23585
-2.0901
-0.652912
1.51898
1.51898
1.51898
1.51898
1.51898
1.51898
-0.445266
-0.445266
-0.445266
-0.445266
-0.445266
1.85062
2.09105
2.09105
0.629932
0.629932
0.629932
-0.0298244
0.798827
2.70298
0.377157
0.377157
0.377157
0.377157
0.559518
2.88426
2.64027
2.64027
2.64027
2.64027
2.64027
1.32395
1.32395
1.62497
1.62497
1.62497
-0.248136
-1.60263
-1.60263
-1.60263
-0.0849615
-0.387852
-0.387852
-2.32395
-2.32395
-4.45531
-4.45531
-4.66347
-4.66347
-4.66347
-4.66347
-4.66347
-5.31599
-5.31599
-3.93908
-3.93908
-3.93908
-1.4079
0.511788
-1.0306
-1.0306
-0.913645
-2.46495
-2.46495
-2.46495
-3.83771
-3.83771
-3.83771
-1.72968
-1.3958
0.675265
2.69774
2.69774
0.971035
2.40767
2.3477
1.34266
3.50804
3.50804
5.30294
5.30294
4.18471
4.03079
2.24405
0.0630185
-2.58441
-1.29871
-1.29871
-1.29871
0.706248
-0.441141
1.16022
2.85795
2.85795
2.85795
3.71672
1.88966
-0.732266
-2.93772
-2.93772
-2.93772
-2.93772
-3.9507
-3.2016
-3.3389
-3.3389
-0.743734
-0.743734
-0.743734
-0.743734
-1.67141
-1.67141
-1.67141
-1.67141
0.820436
0.820436
-1.87708
-1.87708
-1.87708
-1.86223
0.599845
0.599845
-1.34278
-2.26812
-2.26812
-1.20824
-3.84274
-4.57041
-5.12637
-5.12637
-2.53963
-0.132647
-0.132647
0.414341
1.48181
1.48181
0.801184
1.45877
1.45877
1.45877
1.45877
1.45877
1.45877
-1.14381
-1.14381
-1.14381
1.47575
1.47575
1.47575
1.0229
0.864575
0.864575
0.864575
0.864575
3.06108
3.06108
2.72058
2.72058
3.16954
1.99131
2.5505
2.5505
3.6753
2.08498
3.47193
2.98098
2.98098
3.00916
2.56198
1.21366
1.21366
1.21366
0.39907
-1.64238
0.480914
0.480914
-1.502
-1.502
-1.502
-1.502
-3.16005
-3.16005
-1.92672
-1.92672
-1.92672
0.527182
0.527182
0.527182
0.527182
0.527182
0.527182
0.527182
-1.9695
-1.91732
-1.91732
0.591435
0.591435
0.591435
0.591435
-2.0059
-2.0059
-2.0059
-1.14598
-1.14598
-0.667717
-1.86386
-1.86386
-1.86386
-0.551746
-2.5015
-0.587979
1.5203
1.5203
1.5203
-0.825927
1.661
4.07768
3.14356
0.478313
0.478313
0.478313
0.478313
1.46913
1.46913
1.46913
3.19353
1.24468
1.24468
-0.92773
-0.92773
-0.92773
-0.352882
1.69622
1.69622
1.69622
1.69622
3.29561
4.74905
4.74905
4.74905
4.74905
4.74905
3.90733
4.2989
2.08423
2.08423
2.08423
1.79981
3.38199
3.38199
3.38199
4.00841
2.99575
2.99575
1.39062
-0.103855
1.75091
1.75091
1.75091
3.1149
3.22552
5.61269
5.61269
6.15721
6.15721
6.15721
6.15721
6.15721
6.15721
3.66154
4.05827
4.05827
4.05827
4.05827
4.05827
2.42768
2.42768
0.694689
0.694689
-1.86952
-1.86952
-1.22306
-1.22306
1.22042
1.22042
1.22042
2.46307
0.096414
0.096414
0.00569169
0.206322
0.204102
-1.11902
-1.11902
-0.741051
-2.74595
-2.74595
-3.66305
-3.33939
-3.77164
-3.77164
-2.09324
-2.09324
-1.75233
-1.75233
-1.24221
-1.24221
0.586537
-0.815964
-0.815964
-0.815964
1.53941
1.53941
-0.987837
-0.987837
-0.919007
-0.919007
1.03391
-0.563914
-0.563914
-0.563914
-0.563914
-0.563914
-1.30081
-0.185492
-0.185492
-0.185492
-0.185492
-0.249435
-1.05647
0.587812
0.587812
-0.260001
-0.260001
0.195691
0.910763
1.00596
1.00596
1.00596
1.00596
1.00596
1.00596
-1.09198
-1.09198
-0.632204
-0.8344
-0.8344
-2.46318
-2.46318
-1.82735
-1.82735
-0.751626
-0.751626
-0.751626
-0.751626
-0.751626
-0.751626
0.765473
0.765473
0.765473
1.35256
1.35256
0.403636
0.403636
0.403636
2.25009
4.2466
6.08922
4.20219
6.14092
6.14092
7.00101
4.57645
4.57645
4.57645
1.95344
1.50668
0.475304
0.980068
0.941146
0.941146
0.941146
-0.750527
-0.935553
-0.935553
1.1913
1.1913
1.1913
1.1913
1.1913
1.1913
1.1913
1.1913
0.219059
0.219059
0.219059
0.219059
-1.75044
-1.16973
-1.82495
0.455784
-1.04805
-1.04805
-1.04805
-1.04805
-2.80135
-1.5144
-1.5144
-0.986684
-0.986684
-2.71227
-1.08414
0.234858
-0.381065
-0.381065
-0.514308
-0.514308
1.65531
1.65531
0.506101
0.506101
0.506101
0.506101
0.506101
2.15637
2.15637
2.15637
2.15637
0.284426
-2.34506
-2.34506
-2.30062
0.122078
0.122078
0.122078
0.122078
0.122078
0.122078
0.122078
0.122078
-1.93893
-1.93893
-0.341615
-1.52894
-1.52894
0.298494
-2.31707
-0.620693
-0.620693
-0.620693
-0.620693
0.973799
0.973799
0.973799
0.973799
0.973799
0.973799
0.973799
0.973799
0.600534
0.600534
1.45765
1.45765
1.45765
1.45765
1.45765
0.257349
0.257349
0.257349
0.257349
0.257349
-1.11074
1.49929
1.57111
-0.352871
-0.352871
-0.352871
-0.352871
0.975439
-1.24481
-1.42063
-0.511617
1.70997
1.70997
1.70997
1.70997
1.70997
1.79637
3.57281
3.57281
6.13726
6.13726
6.13726
4.48165
4.48165
4.48165
5.3762
4.32348
4.32348
5.4006
5.4006
5.37902
5.37902
5.37902
3.71917
1.27368
1.27368
1.27368
1.27368
1.52413
0.2088
0.2088
0.783496
0.624246
1.78465
1.07282
0.28998
-1.49307
-1.49307
-1.49307
-1.49307
-1.68066
-3.09212
-3.09212
-3.09212
-0.824574
-0.824574
0.876489
-0.631988
1.89077
0.809975
1.08476
2.9362
1.18339
1.18339
1.18339
1.18339
1.80117
0.82076
0.82076
-0.576313
-2.20909
-2.89433
-1.60279
-1.60279
-1.60279
-1.60279
-1.60279
-1.65742
-1.65742
-1.65742
-1.65742
-0.385596
-0.385596
-0.385596
-0.385596
0.128979
0.128979
0.483268
-0.502417
-0.502417
-0.502417
-0.502417
-0.502417
-0.502417
-0.502417
-0.419757
2.13045
-0.544968
-0.544968
-1.56951
-1.4026
0.731314
0.731314
0.731314
0.731314
0.731314
0.731314
0.731314
0.731314
0.731314
0.731314
0.731314
0.731314
0.731314
0.731314
0.731314
0.0950883
2.66131
2.66131
1.2087
-0.40171
-0.40171
-0.371591
2.28986
2.28986
0.864085
0.864085
-1.53756
-0.12184
-0.12184
-0.12184
0.323518
1.84185
1.84185
1.84185
1.84185
1.15205
3.35157
4.661
3.76511
1.56617
1.56617
1.56617
3.37644
2.92133
5.0856
4.06508
4.06508
5.59564
5.50857
4.87254
4.19542
5.5199
5.5199
5.5199
6.55551
6.55551
6.55551
6.55551
6.54433
5.4674
7.38049
6.45549
7.23146
7.23146
7.23146
8.23313
6.71263
7.64687
6.2602
6.2602
6.2602
3.6788
5.75693
3.81916
3.14029
3.14029
3.79235
2.14941
0.899952
1.98541
0.346733
-1.5387
-1.5387
-3.90206
-2.66521
-2.66521
-2.66521
-2.66521
-1.68462
-0.0954419
-0.0954419
-0.0954419
-2.39372
-1.08517
-0.986604
0.791442
-0.768066
-0.768066
-0.768066
1.60656
1.60656
1.60656
1.60656
1.60656
2.99638
1.96688
1.96688
1.45684
2.83385
1.41077
1.41077
1.83087
2.69787
2.2092
2.46182
-0.123322
-0.123322
-2.60546
-0.706985
-0.706985
1.56981
-0.924848
0.482746
0.482746
1.50157
1.37585
-0.966651
-1.71393
-1.71393
-1.22988
-1.68172
-0.296528
1.72016
1.72016
1.72016
1.72016
1.72016
1.85241
1.85241
3.94469
2.9001
2.9001
2.9001
2.9001
2.9001
0.644141
0.470526
0.470526
0.470526
0.470526
0.470526
0.470526
2.50963
1.07117
1.07117
1.07117
1.07117
1.07117
1.07117
-1.2988
-1.2988
-1.2988
-1.2988
-1.2988
1.28106
1.28106
-0.673493
0.629297
1.45041
0.490411
0.490411
0.490411
0.490411
0.490411
0.490411
0.490411
-2.04104
-2.04104
-3.7065
-3.7065
-3.7065
-3.7065
-2.23936
-2.23936
-2.23936
-2.23936
-2.23936
-2.23936
-3.70161
-1.57813
-1.57813
-1.27839
0.290102
0.290102
0.290102
-0.139343
-0.139343
-0.139343
-0.139343
-0.139343
-0.139343
-0.139343
-0.725249
-0.725249
-0.725249
-0.725249
-0.811483
-0.928786
-0.928786
-0.928786
-0.928786
-2.19606
-3.24351
-4.16893
-4.16893
-2.1403
-1.08704
-2.55135
-2.55135
-1.80893
-1.80893
-2.5115
-3.03216
-3.53451
-1.62151
-1.62151
0.263424
2.75396
1.76938
-0.653529
-1.03751
-1.03751
-1.03751
-2.79394
-2.79394
-2.79394
-2.79394
-1.47379
-1.77432
-1.77432
-1.77432
-4.06824
-4.06824
-1.58873
-3.6008
-3.6008
-3.08675
-3.78695
-3.91334
-1.99755
-1.99755
-1.41501
-1.41501
-1.41501
-0.0810013
-0.0810013
-0.590535
-0.590535
-0.505778
1.93075
-0.659859
-0.659859
-3.0201
-3.0201
-1.63332
-1.63332
-1.63332
0.237152
0.237152
-1.49077
-1.49077
-1.49077
0.705572
0.705572
0.705572
0.705572
0.705572
0.705572
0.705572
0.705572
0.705572
0.705572
0.705572
0.705572
0.705572
0.705572
0.468885
1.94235
1.94235
3.15639
1.02279
0.427379
2.45609
2.45609
2.08475
2.08475
2.08475
2.08475
2.08475
2.08475
2.08475
2.08475
1.74257
1.74257
4.41542
3.98852
2.84566
2.84566
2.84566
2.68007
1.36662
1.29226
1.29226
1.29226
0.0495232
-2.10966
-0.292252
-0.292252
-0.292252
-2.45509
-2.45509
-3.06152
-3.06152
-1.45063
-0.263023
-0.263023
1.74119
3.37327
2.88862
4.6018
4.6018
4.30977
4.30977
4.30977
3.85764
3.96757
4.91614
2.83578
1.18777
-0.602736
-0.602736
0.0857037
-0.168258
-0.168258
-1.00888
-1.00888
-1.00888
-1.00392
-1.00392
-1.00392
-1.00392
-1.00392
-1.00392
-0.512709
2.01912
2.01912
2.01912
1.85872
1.85872
0.98549
-1.05572
-2.78662
-2.78662
-2.78662
-2.78662
-2.4823
-2.4823
-2.4823
-1.61921
-1.61921
-2.94824
-2.94824
-2.94824
-2.32449
-2.32449
-2.32449
-2.32449
-4.14561
-4.14561
-4.58746
-6.09773
-6.09773
-7.50701
-7.1988
-5.74669
-4.82166
-4.82166
-3.69723
-4.19991
-3.98497
-3.98497
-3.98497
-3.98497
-4.43974
-2.26566
-2.26566
0.369546
0.369546
0.369546
0.369546
2.10706
3.80954
3.80954
3.80954
2.27831
2.27831
2.27831
2.27831
2.27831
1.32577
-1.2629
-0.0126158
-0.0126158
2.08696
0.134051
0.134051
0.134051
0.134051
-1.20785
-1.20785
-1.20785
-1.20785
-1.19385
-1.19385
-3.80549
-5.85288
-6.00407
-5.15897
-3.22941
-3.22941
-3.22941
-3.22941
-4.94685
-3.57725
-3.57725
-1.40503
-1.40503
0.405721
0.405721
-1.2093
0.652503
-0.121656
-2.24748
0.409161
-0.539507
1.83926
1.83926
0.636831
-0.602105
-2.80437
-1.39492
-1.39492
-1.27281
-1.27281
-0.530751
-0.530751
-0.530751
1.02202
0.0949356
0.0949356
0.0949356
0.0949356
0.0949356
0.0949356
-1.3948
-1.3948
0.686771
-0.0438648
-1.22539
-0.134269
-2.23897
-2.2352
-2.2352
-2.88693
-2.88693
-0.750862
-0.54588
1.20867
3.12767
3.12767
3.33519
3.33519
3.33519
3.33519
3.33519
1.06256
1.06256
-1.30163
-1.58832
-2.31511
-2.31511
-0.390996
-0.390996
0.253136
0.253136
0.253136
0.253136
-2.33298
-1.83125
-3.45009
-4.76298
-4.76298
-4.76298
-4.76298
-2.60741
-1.37217
0.381505
0.381505
0.306076
0.306076
0.306076
0.835955
0.835955
0.835955
1.59288
-0.584927
-0.584927
-0.584927
-0.584927
-0.266613
-1.19324
-1.19324
-0.00794049
2.2684
3.14347
3.14347
3.14347
4.24032
3.06375
0.455519
2.92414
2.92414
2.36763
4.05443
4.05443
4.05443
4.74516
4.74516
4.74516
3.83863
3.83863
1.65562
1.65562
1.65562
0.963812
0.963812
-1.5277
-1.5277
-0.778909
-0.778909
-0.778909
-0.778909
-0.185403
-0.185403
-0.185403
-0.185403
-0.185403
-0.185403
-0.185403
-0.185403
-0.185403
-0.879834
-0.879834
-0.879834
-0.879834
-2.18267
0.263926
0.263926
-2.39328
-3.51924
-3.51924
-2.89052
-4.04199
-4.27626
-4.27626
-2.84041
-1.66019
-1.66019
0.535025
0.535025
0.535025
0.535025
-0.789243
-0.789243
-1.59688
-1.59688
-1.59688
-1.59688
0.96014
0.96014
0.953477
0.953477
3.56706
3.56706
4.82979
4.82979
4.82979
4.82979
4.82979
4.82979
3.43893
3.43893
0.885313
0.885313
0.839873
3.26854
3.14899
5.30616
5.30616
3.30387
2.83286
2.83286
5.09857
7.19909
6.04563
6.04563
5.33342
5.33342
7.12345
7.12345
5.9211
4.0013
2.44129
4.89088
4.89088
2.93784
2.86812
2.04523
2.04523
0.75414
0.75414
-0.331906
-0.487973
-0.487973
1.21778
1.21778
3.79239
1.59365
1.59365
1.59365
1.59365
2.87245
0.521073
0.521073
1.47036
1.47036
1.47036
1.93532
1.93532
1.93532
0.285554
-1.41371
1.11304
1.11304
1.97291
1.97291
1.3224
0.577992
0.577992
0.577992
0.577992
-0.813866
0.990813
0.990813
1.30223
1.30223
1.30223
0.824004
0.824004
-1.51854
-1.51854
-3.30202
-1.9558
-1.9558
-0.0522368
1.45806
3.42618
4.72598
4.72598
4.72598
4.39504
4.39504
4.39504
4.39504
3.05976
1.61013
2.46401
0.654292
-0.503603
-1.18516
-1.18516
-1.18516
-1.93324
-0.0914453
-0.0914453
-0.0914453
-0.0914453
-0.0914453
-0.0914453
-0.0914453
-0.0914453
-0.0914453
1.57624
0.588246
0.588246
0.588246
3.17824
3.17824
3.44012
2.44758
4.3428
3.22989
3.66537
2.33037
0.282441
0.763247
2.93121
2.93121
2.5452
2.5452
2.5452
1.47341
1.47341
1.47341
0.993463
-1.2312
-2.84526
-2.84526
-2.84526
-2.757
-0.643744
-0.643744
1.05602
1.6224
1.6224
-0.0549681
-0.0549681
1.31393
1.31393
-1.11068
0.157793
0.157793
0.157793
-1.18337
-1.03658
-0.466433
-0.466433
-0.466433
-0.466433
-0.466433
-0.466433
-0.466433
0.698518
-1.01295
1.3255
1.3255
0.0996996
1.14793
3.61668
4.36266
4.36266
4.36266
2.43196
2.0475
0.133892
0.133892
0.133892
0.133892
0.133892
0.133892
0.133892
-0.715366
1.44383
-0.681225
-0.618297
-0.618297
0.619798
0.619798
0.619798
0.619798
1.39948
3.87304
5.74984
5.74984
5.35665
3.03875
2.24199
2.24199
1.84878
1.84878
1.9106
1.9106
1.1299
2.53437
2.76623
2.76623
0.931465
0.847495
1.79101
1.51266
1.51266
1.51266
1.73525
1.73525
0.646769
0.646769
0.646769
-0.85668
-0.85668
-0.85668
0.644448
0.644448
0.644448
0.644448
0.644448
1.15825
0.0435736
-0.279463
1.4075
0.8113
-0.585712
-0.585712
-3.13957
-4.54659
-2.05333
-0.364655
-0.364655
-0.364655
-0.364655
-0.364655
1.00203
1.00203
0.343329
-0.654615
1.3033
3.48008
3.48008
2.67688
4.10845
4.17229
4.17229
4.17229
5.50224
3.67493
2.5953
1.17645
0.742472
-1.50428
-1.50428
-2.68553
-2.68553
-2.27371
-2.27371
-3.18006
-2.31486
-0.678537
-0.678537
-0.678537
-0.678537
0.184621
2.15118
2.4244
4.77332
6.29398
6.29398
7.00383
7.00383
4.87007
7.43584
6.17301
5.55202
5.50194
5.50194
4.96402
4.96402
4.96402
4.96402
4.96402
4.96402
4.96402
4.22017
2.07568
-0.241238
-1.76031
0.622576
-0.076645
-0.076645
-0.944346
-1.18411
-1.18411
-1.18411
-1.0314
1.07516
-1.30565
-2.77307
-2.77307
-0.330502
-0.315808
-0.315808
-0.315808
1.3279
1.3279
1.3279
-0.288105
-0.288105
-1.35044
0.339193
-0.527604
-0.078847
-0.078847
-0.078847
-2.00832
-2.00832
-2.00832
-0.0958062
2.32922
2.32922
2.0953
0.403412
0.403412
0.302491
0.302491
0.302491
0.302491
0.302491
0.302491
0.302491
0.718021
0.718021
2.72013
2.72013
2.72013
1.01161
1.01161
1.01161
1.01161
1.01161
1.01161
-1.45169
0.0037155
-2.50608
-2.50608
-1.60713
-1.31251
-0.607601
-0.607601
1.68855
0.542851
-1.51151
-1.51151
-1.51151
-1.51151
-4.18033
-5.56086
-3.13192
-4.62164
-4.71721
-2.04815
-2.04815
-4.33734
-4.69865
-4.69865
-4.69865
-2.30199
-2.30199
-2.30199
-3.87066
-3.87066
-3.27562
-3.27562
-3.27562
-1.83217
-1.83217
-2.50184
-2.50184
-1.90044
-2.07154
-0.30591
-1.87574
-0.174653
-0.174653
-0.174653
2.0414
0.958194
0.958194
0.958194
-1.71901
-1.71901
-1.71901
-0.118639
0.793822
2.96383
0.419306
-2.14313
-2.14313
-1.17903
-2.42643
-1.86813
-1.86813
0.771769
2.3872
2.3872
2.3872
2.3872
0.239163
0.73064
2.44081
-0.142077
-0.142077
-0.142077
-0.142077
-0.866571
-1.52876
-1.27904
0.904981
-1.35603
-1.35603
-2.43013
-2.46368
-0.844058
-0.844058
0.698901
-1.42186
0.423344
0.423344
0.423344
0.423344
-0.0227483
1.78709
1.78709
3.95696
1.57501
1.57501
0.494704
0.494704
0.957348
0.957348
1.28269
1.28269
1.28269
1.10296
1.10296
1.10296
1.10296
1.10296
-0.0469902
-0.0469902
-0.0469902
-1.58521
-1.58521
-2.88797
-2.88797
-2.88797
-1.14633
-1.14633
0.855934
0.855934
0.855934
2.97687
2.957
2.957
1.68722
2.40165
1.51004
1.51004
1.51004
3.75216
3.75216
2.16258
2.16258
0.14392
-0.466042
-0.466042
-0.0787298
0.845768
-1.19472
-1.19472
-1.19472
0.402709
-1.91732
-1.91732
0.198853
2.03041
0.263586
2.03911
2.03911
-0.605354
-0.605354
2.00674
2.00674
2.00674
3.13373
1.19848
0.123846
0.123846
0.123846
0.123846
0.123846
0.123846
2.59036
0.448786
0.448786
1.87615
0.899966
1.16513
1.16513
1.16513
0.0352107
0.536694
0.536694
1.30712
1.30712
-0.997059
-0.997059
-0.997059
-0.997059
-0.997059
-0.997059
-0.997059
0.915166
0.843262
0.843262
0.843262
0.843262
-0.233923
-0.233923
-0.483573
2.09298
2.09298
2.09298
2.09298
1.09418
1.83441
1.83441
2.93742
2.93742
1.74401
-0.849506
-0.849506
0.227005
0.227005
-2.1023
-1.19352
-1.19352
-1.19352
-3.32327
-1.10793
-1.10793
-1.10793
-3.58119
-3.58119
-2.39538
-2.39538
-2.39538
-2.39538
-0.355701
-1.38032
-1.38032
-1.38032
-1.38032
-1.38032
-1.38032
-1.38032
0.995558
0.995558
0.995558
1.61856
1.61856
0.552183
0.552183
0.552183
-1.9818
0.247402
-2.39013
-2.39013
-2.39013
-3.92433
-3.92433
-3.92433
-3.92433
-3.27324
-3.94161
-3.94161
-3.94161
-3.94161
-3.94161
-3.94161
-3.94161
-3.94161
-3.94161
-3.94161
-3.94161
-1.32153
-1.44071
-1.44071
-1.44071
-1.44071
-1.44071
-1.44071
-2.29414
-0.197056
-0.501513
-0.144539
-2.61891
-2.99545
-2.99545
-5.31539
-5.31539
-5.31539
-4.41827
-2.90879
-3.91639
-4.45311
-4.45311
-4.45311
-3.1453
-3.1453
-1.69226
-1.69226
-1.69226
-1.69226
-1.69226
-1.69226
-1.69226
-1.47728
-1.47728
-1.47728
-2.48922
-1.85717
-1.05734
-2.31956
-3.60652
-4.65577
-2.72563
-4.16365
-3.74833
-3.74833
-3.74833
-4.19197
-4.19197
-4.19197
-4.19197
-4.19197
-6.88686
-6.88686
-5.32557
-7.78814
-7.78814
-5.1506
-3.48618
-2.78621
-4.03599
-4.03599
-4.03599
-4.03599
-4.03599
-3.76398
-3.76398
-2.01482
-2.01482
-0.267524
-0.267524
-2.87139
-0.666511
-3.13869
-3.13869
-1.00064
-1.00064
-1.00064
-0.938155
-0.938155
-0.938155
-1.56714
0.0497527
0.0497527
-2.49331
-0.27199
1.11079
1.11079
1.35872
3.14658
1.15471
1.15471
-0.522159
-1.73771
-0.21905
-2.7533
-3.69421
-3.69421
-2.14948
-2.14948
-2.14948
-3.1022
-0.854525
1.33578
1.33578
-0.338015
-0.459688
-0.459688
-1.42444
-0.570612
-0.570612
-1.29718
1.16468
1.16468
0.107969
0.107969
0.107969
0.107969
0.107969
0.107969
0.107969
0.107969
0.107969
-1.67462
-1.67462
-0.712533
1.76302
-0.264035
-0.231041
2.31512
3.55097
3.55097
1.98812
3.14857
3.14857
5.38352
5.38352
3.91632
1.22085
1.22085
-0.359482
-0.359482
0.301575
0.301575
2.08689
4.11391
3.02718
1.63475
1.63475
1.63475
1.82865
3.77891
4.98742
2.79232
2.79232
3.81115
3.81115
3.81115
3.81115
3.81115
3.81115
1.85885
1.85885
0.865885
-0.195626
-0.591032
-0.591032
-0.591032
-0.591032
1.59594
3.48463
2.30806
2.30806
2.18172
0.390251
0.390251
0.390251
-0.786972
-1.61028
0.424449
1.5509
1.5509
1.5509
1.5509
1.5509
3.14769
0.865297
0.865297
0.865297
-0.157293
-0.157293
-0.157293
-0.157293
-0.157293
-2.68868
-1.84769
0.793689
0.793689
0.793689
0.793689
0.793689
3.33831
0.763679
-1.25427
-2.6319
-2.11331
-0.282581
-0.282581
-2.68488
-1.1312
1.17727
2.34751
2.36517
4.99862
3.18986
4.91447
3.90969
3.90969
3.90969
4.12955
4.12955
4.12955
6.0062
7.74931
7.74931
7.74931
7.74931
5.56994
3.084
3.084
3.084
3.084
3.084
4.2458
4.2458
4.2458
6.15265
6.15265
4.58317
4.58317
4.58317
4.58317
1.992
2.6625
2.6625
2.6625
1.72322
1.72322
-0.704155
-0.704155
1.21316
1.21316
1.41461
1.81967
2.6325
1.14997
-1.42108
-1.42108
0.276571
0.00159281
-2.31435
-2.31435
-4.51589
-4.30117
-2.87946
-2.87946
-0.353843
-0.273943
-0.273943
1.24265
0.823066
3.38057
2.51974
2.51974
2.51882
0.0347886
-1.40265
-1.40265
-1.40265
1.08292
1.08292
1.08292
1.08292
1.08292
1.08292
1.08292
-0.794666
-0.662215
1.51755
2.04015
2.04015
2.04015
2.04015
1.28236
1.81513
3.69846
3.69846
3.15666
2.99962
2.57248
2.28806
1.99246
2.88927
2.88927
2.88927
0.562034
2.13295
4.71852
4.37291
4.37291
4.37291
3.57059
4.7309
4.7309
6.24163
6.67622
4.3262
1.9962
2.27673
3.8708
3.8708
3.8708
3.8708
3.8708
4.23203
3.27585
0.652635
2.92279
2.92279
0.246942
-1.20343
-1.20343
-1.20343
-2.78653
-2.78653
-1.28174
-1.28174
-3.81684
-4.29578
-5.02436
-4.52384
-4.52384
-3.77155
-1.84399
-1.84399
-1.84399
-1.35661
-1.35661
-0.601801
0.557295
0.557295
2.38433
4.78644
4.37944
4.37944
2.46379
2.46379
3.23846
3.61439
3.61439
5.28912
5.46717
5.3104
7.18734
7.18734
6.7617
5.32571
3.24286
3.24871
0.782375
0.782375
0.782375
1.23933
-1.16761
-1.52237
-1.52237
-0.179663
-2.34897
-4.68105
-7.08977
-4.6782
-2.1168
-0.881944
-1.39513
-1.39513
0.734535
0.734535
0.890892
0.890892
1.06016
1.61836
-0.228245
-1.57356
-0.00651925
-0.0992922
-0.0992922
-0.0992922
-0.621631
-0.621631
-2.23975
-2.23975
-0.897599
-0.123715
-0.123715
-0.123715
-0.201529
1.20366
1.20366
3.76632
2.29858
2.29858
2.29858
2.29858
3.83536
6.24584
5.41197
5.41197
3.32807
3.32807
1.73161
-0.576909
-2.53773
-1.27171
-1.27171
0.50779
0.881996
2.2224
2.2224
2.98678
1.85726
-0.493224
-0.493224
-0.493224
0.399913
0.399913
-1.84462
-1.84462
0.817812
0.817812
-1.7581
-1.7581
-1.7581
-1.19071
0.750337
-1.34212
-1.34212
-1.34212
-1.34212
-1.34212
-1.34212
-1.34212
-1.34212
-1.34212
-3.59747
-3.59747
-4.72238
-4.72238
-4.72238
-4.72238
-4.72238
-4.72238
-4.30675
-2.45499
-0.264154
-0.264154
0.0907656
0.0907656
0.0907656
-2.55148
-2.55148
-2.55148
-2.55148
-0.882399
-0.882399
-0.882399
-0.882399
-0.882399
-0.882399
-2.55807
-1.42077
0.176611
0.176611
1.52938
2.22359
-0.210718
-0.785765
-0.785765
-0.785765
-0.785765
-0.790202
1.84045
1.84045
1.84045
1.84045
-0.472355
-0.472355
-2.4203
-2.4203
-0.0560173
-0.0560173
-0.0560173
-0.0560173
-0.730459
0.837306
0.366177
0.366177
0.366177
0.366177
-0.552441
-1.89228
-0.154092
-0.154092
-0.154092
-0.154092
1.8221
0.226028
0.226028
-0.571725
0.73358
0.387247
0.387247
2.9943
2.82823
2.82823
3.61883
3.10538
0.405822
0.308651
0.308651
0.308651
0.308651
0.308651
0.308651
0.308651
-0.444315
-0.574052
-0.574052
-0.574052
0.185461
2.43155
2.43155
3.28538
2.35301
2.35301
2.35301
0.411463
3.00857
2.79891
2.79891
4.06088
1.92498
1.92498
1.92498
2.80983
1.92048
0.606321
0.606321
0.606321
0.606321
-0.317401
-0.317401
-1.54219
-1.54219
1.11043
1.11043
0.511513
0.511513
0.511513
0.511513
1.11748
1.35674
3.75166
3.81877
2.96714
2.72441
1.26448
0.225739
0.225739
1.21281
-0.72067
0.236959
0.236959
0.236959
0.236959
0.236959
2.80919
0.205541
0.205541
0.205541
2.68504
1.61977
-0.0330544
0.824534
0.824534
0.824534
2.24475
0.574709
-0.706462
-2.28378
-1.58324
0.934495
0.934495
-1.52308
-2.89541
-2.89541
-2.89541
-2.89541
-2.89541
-2.89541
-2.66329
-2.66329
-2.66329
-0.937147
-0.937147
-1.93162
-3.27352
-3.27352
-4.03312
-2.79891
-2.47527
-2.47527
-3.76447
-1.98455
-2.58009
-0.811594
-1.6889
-1.6889
-2.66611
-3.49395
-0.95929
-0.95929
1.54442
-0.311616
-0.311616
-0.311616
1.93643
1.93643
2.66269
2.66269
2.52114
2.52114
1.14322
2.25372
2.25372
1.20939
1.99793
3.70562
3.70562
1.33059
3.79824
3.92962
4.7871
4.7871
3.24586
4.87729
4.87729
2.43806
0.154575
-1.51711
-1.18159
1.44374
1.88665
2.27596
-0.0397496
-0.0397496
-0.0397496
-0.798479
0.288006
0.288006
1.02811
0.66875
0.66875
0.513915
0.513915
0.513915
-1.87589
-1.87589
-3.81537
-3.81537
-3.81537
-3.81537
-3.81537
-2.57935
-1.48565
0.202387
2.63035
2.63035
2.63035
2.63035
2.63035
1.40641
1.40641
1.68418
1.68418
0.163774
1.23818
-0.521547
-0.0681688
-0.0681688
-0.393278
-0.528564
-0.528564
-0.718097
-0.718097
-0.718097
-0.718097
-0.718097
-0.718097
-0.718097
0.283332
-1.64174
-1.64174
-1.64174
-1.64174
0.512868
1.16371
-1.45642
-1.45642
-1.45642
-1.45642
-3.56453
-0.927132
0.965609
-1.72695
-1.72695
-1.72695
-1.72695
-1.40315
-1.40315
-0.609976
-0.609976
-3.00539
-1.23719
-1.23719
-2.86037
-2.86037
-2.86037
-2.86037
-0.481982
1.46535
1.46535
-0.316095
-0.764738
-0.764738
1.72606
1.72606
1.72606
2.97609
2.97609
2.28844
2.86518
2.86518
2.86518
4.02017
4.02017
6.61532
6.61532
6.61532
6.62624
5.28925
5.28925
4.36559
3.15982
3.15982
3.15982
1.63232
3.33705
3.33705
3.77448
3.64982
1.7524
1.7524
1.7524
1.41848
0.746292
0.272353
0.272353
0.272353
0.272353
0.272353
0.272353
0.272353
0.272353
-1.69531
-0.615758
0.407507
1.05267
0.893343
-0.236528
0.704624
0.575051
0.137453
0.137453
0.137453
2.37612
2.37612
2.37612
2.37612
0.213613
1.56426
1.56426
1.56426
2.26352
1.00849
1.00849
1.00849
-1.68953
-1.68953
-1.68953
-4.2263
-5.87021
-5.87021
-5.87021
-3.41321
-3.41321
-1.61229
-1.87027
-1.42036
-1.42036
-1.42036
0.518261
-1.70261
-1.70261
-2.80934
-2.24263
-2.24263
-2.24263
-2.24263
0.341487
0.341487
1.57549
1.57549
2.16938
2.99578
3.12324
3.12324
3.12324
3.12324
3.34798
3.34798
2.62038
2.62038
2.62038
2.98554
3.4601
3.4601
3.4601
3.4601
1.03655
-1.05837
-1.05837
-1.05837
-1.2017
0.320781
0.233745
0.233745
-1.64535
-1.64535
0.1755
0.1755
0.675277
0.675277
0.688483
0.688483
0.688483
0.688483
2.86453
5.46894
6.86341
5.33117
3.88992
3.88992
1.69144
1.69144
1.69144
-0.931273
-0.765316
-0.765316
-1.7313
-1.7313
-1.7313
-0.174746
-0.174746
-0.174746
-0.174746
-0.174746
-0.174746
-0.174746
2.26407
2.26407
3.69052
3.69052
3.69052
3.69052
1.72709
2.54556
2.54556
4.75653
4.75653
3.19658
5.86873
5.86873
5.86873
7.03028
7.03028
7.03028
7.03028
7.03028
7.03028
7.326
7.20537
9.28057
9.28057
9.28057
9.28057
9.28057
7.39785
7.39785
7.39785
7.39785
6.48477
6.48477
4.37468
5.66159
5.66159
3.11583
3.11583
4.13895
4.13895
2.64908
1.04772
1.87628
1.18903
1.18903
1.18903
1.18903
1.18903
1.18903
1.18903
-1.46764
-0.229686
-0.229686
-0.229686
-1.53789
-3.4431
-5.96318
-3.93658
-3.04926
-0.617001
-0.617001
-0.156568
-0.156568
-1.62882
1.01726
1.01726
-1.09323
-1.09323
-2.78401
-0.971661
1.06479
0.67862
2.0867
2.0867
1.26005
3.1268
3.1268
4.22589
4.22589
4.22589
6.86594
6.73744
6.73744
6.70667
5.35258
3.25521
0.694787
-1.69556
0.66062
0.66062
-0.939623
-0.321225
-0.321225
-0.321225
-0.321225
1.91931
1.91931
1.19937
1.19937
1.19937
2.81035
2.81035
2.39571
2.39571
2.2484
-0.288472
-0.288472
-1.85341
0.776109
0.776109
-1.70162
-1.70162
-1.70162
-1.70162
-2.17879
0.340547
0.340547
2.67439
0.0191575
0.999596
0.999596
2.48786
2.75988
2.75988
1.34461
0.471502
0.471502
-0.186391
-0.186391
-1.17217
-1.41552
-2.71362
-0.439532
-0.439532
-2.57636
-2.57636
-2.57636
-3.39202
-3.39202
-1.94719
-1.94719
-1.0875
-1.0875
-1.81769
-0.916035
-1.71748
-2.95579
-2.95579
-2.61007
-2.61007
-1.40421
0.128825
0.128825
1.72561
0.817137
3.08562
3.20468
3.20468
3.20468
5.7367
5.7367
5.7367
3.51583
3.51583
1.72896
2.92314
2.92314
4.26469
1.73647
3.57439
3.57439
2.22736
2.72115
2.94572
4.78323
2.41175
2.41175
2.41175
1.1822
3.17624
3.17624
3.17624
1.74158
1.74158
1.74158
3.26955
3.26344
3.91766
3.91766
1.89554
2.87488
2.87488
1.05604
1.05604
1.05604
-0.331894
1.70929
0.765218
1.30727
-1.17937
-1.17937
0.522271
1.50187
2.03728
-0.332259
-0.332259
-0.332259
1.48671
-1.15395
-3.02478
-3.02478
-1.28426
-1.28426
0.396426
0.0809181
0.456906
0.456906
-1.43434
-3.6672
-3.6672
-3.6672
-3.6672
-3.6672
-3.6672
-3.6672
-3.6672
-2.75535
-1.44204
-1.44204
-1.44204
0.529047
0.529047
-0.784631
-2.46589
-2.46589
-2.46589
-2.46589
-2.46589
-0.321322
-0.321322
-0.321322
-0.321322
-0.321322
-0.321322
-1.492
-1.492
-1.492
-1.77251
-1.77251
-1.77251
0.735722
0.735722
0.735722
-1.24073
-1.24073
-0.639976
-0.670548
-0.670548
-0.670548
-0.349193
-0.939895
0.966237
0.966237
0.966237
3.6413
1.64197
1.57101
1.57101
-0.0946638
1.9664
1.9664
1.9664
1.9664
2.978
4.01534
4.01534
3.69396
2.5879
-0.0271408
0.700414
0.700414
0.700414
0.700414
0.700414
-1.4601
1.10741
-1.00254
-1.00254
-0.218662
-0.781499
0.809605
-1.54128
-2.63975
-2.74998
-3.67736
-3.11419
-4.65067
-2.21799
-2.91322
-2.91322
-0.809939
1.16533
-1.32916
-1.32916
-2.16854
-3.64728
-5.12116
-4.08952
-4.08952
-3.37346
-3.37346
-3.64276
-1.57079
-1.14465
-1.14465
0.945847
-1.37575
-3.37548
-1.35825
-1.35825
0.968148
3.53367
1.49515
1.49515
1.25804
-1.24555
-1.24555
-1.24555
0.0324009
-0.0137682
2.68075
3.13345
1.23913
-1.20598
0.565893
0.565893
0.565893
0.565893
0.565893
0.565893
-0.832876
0.162586
0.16246
-1.30346
-1.30346
-1.30346
-1.30346
0.839965
0.839965
1.65802
1.65802
-0.968573
-0.968573
-0.968573
0.809257
1.85058
4.51607
4.51607
2.18423
2.18423
2.34748
1.82542
1.82542
0.33441
0.33441
0.33441
0.33441
-1.75728
-1.75728
-1.48491
-1.48491
-3.1256
-3.32595
-3.32869
-4.16265
-2.34615
-3.9274
-5.088
-4.77494
-5.51911
-4.18769
-1.8029
-3.92385
-1.89435
-1.89435
-2.53805
-2.53805
-2.53805
-2.04058
-2.04058
-2.04058
-2.04058
-2.04058
0.631576
3.31041
3.31041
2.41959
2.32959
2.43921
2.60908
2.60908
1.89793
1.4925
-0.742617
-1.70018
-2.36566
-2.36566
-2.36566
-2.36566
-2.36566
-2.36566
-2.36566
0.22426
0.22426
1.68636
1.90788
1.90788
0.509668
0.509668
0.509668
0.509668
0.509668
0.509668
0.509668
0.509668
-0.101001
-1.70946
-1.70946
0.0426022
0.0426022
1.2047
1.2047
-1.09214
-1.09214
-2.21342
-2.21342
-4.51139
-2.32667
-2.32667
-2.32667
-3.61557
-3.61557
-5.50076
-4.79398
-4.79398
-4.79398
-4.79398
-3.08531
-3.08531
-3.08531
-2.89512
-2.34029
-2.34029
-2.68289
-0.953618
-0.953618
-0.953618
-0.953618
-0.953618
-0.953618
-3.53079
-4.42223
-4.42223
-4.42223
-5.2186
-6.45844
-5.02813
-5.02813
-4.47214
-4.47214
-3.05849
-3.73978
-2.86557
-4.92148
-5.33307
-3.26788
-5.9585
-5.13027
-4.77686
-4.77686
-2.30431
-2.30431
-3.21544
-0.567023
-0.37538
-0.37538
-0.37538
-0.681816
-0.681816
-0.681816
-1.4931
-3.64837
-3.64837
-3.64837
-2.26286
-1.17195
-1.17195
-1.17195
-3.33287
-3.33287
-0.667687
-0.667687
0.679978
0.679978
0.679978
0.679978
1.63748
-0.020401
-0.020401
-0.020401
-1.14539
0.134273
0.134273
0.134273
2.42087
2.42087
2.69679
0.458017
0.458017
0.458017
2.9042
0.870531
0.870531
1.03336
-1.23646
0.300795
-1.51609
1.09085
1.09085
2.18951
3.4056
2.71261
2.71261
4.94705
2.69317
2.62589
1.95763
3.27926
3.27926
3.49733
1.51787
1.51787
1.51787
3.66905
3.66905
3.251
1.92046
1.92046
3.49282
1.2313
0.78439
-0.243101
-1.35808
-1.20148
-1.20148
-1.20148
-1.80209
0.197928
2.36645
-0.107479
-0.107479
0.409253
1.97045
-0.674296
-0.674296
0.338038
-0.427154
-1.3928
-1.3928
-0.233816
1.63077
1.63077
-0.595222
-0.595222
-0.595222
-0.164861
-0.592836
-0.390147
-0.390147
0.577862
-1.64105
-1.07365
-1.07365
-1.07365
-2.66662
-3.77153
-3.77153
-1.40735
0.867503
-1.63737
-0.221644
-0.221644
0.412768
0.700032
0.700032
1.65611
3.21072
5.12804
5.12804
5.12804
5.12804
5.12804
6.32742
4.34156
4.34156
2.66059
0.721609
0.0204834
0.0204834
0.149405
0.149405
-1.73351
-1.73351
-3.69067
-2.32455
-2.32455
-2.32455
-2.32455
-2.60829
-2.60829
-2.60829
-2.60829
-2.60829
-0.431568
-0.431568
-0.139807
2.14877
2.14877
2.01494
2.01494
-0.224531
-0.224531
-0.224531
-0.224531
-0.224531
-2.44412
-2.0463
-2.0463
-2.0463
-2.0463
-0.508859
-0.508859
-0.508859
-0.452606
-0.452606
-2.44377
-0.112258
-0.112258
-0.112258
0.430269
0.430269
2.70283
2.70283
2.70283
2.70283
2.3419
0.00851125
1.61238
1.61238
1.61238
3.14755
0.458913
0.458913
-1.17737
-1.17737
-1.17737
-1.17737
-1.17737
-1.17737
0.667207
2.14663
4.05952
3.35851
3.00738
3.00738
3.00738
2.4837
2.4837
1.99812
0.026278
0.026278
0.56308
0.56308
0.56308
-1.1829
-1.1829
-1.1829
-2.76817
-2.39865
-0.444987
0.549986
2.82096
2.82096
0.360569
0.360569
0.360569
0.360569
2.45025
1.21359
2.61197
0.527901
0.453414
0.453414
0.453414
-0.667178
0.725356
0.725356
0.725356
0.725356
0.0183264
-1.23587
-1.23587
1.29616
1.29616
-1.00927
-1.00927
-1.00927
-1.00927
-1.00927
-1.00927
-1.00927
-1.00927
-2.98025
-2.66247
-0.804134
-3.43594
-3.43594
-1.79363
-1.79363
-1.79363
-1.79363
-4.12327
-4.39104
-2.43373
-2.43373
-0.65098
-0.65098
-3.05197
-3.05197
-2.93738
-2.93738
-2.93738
-0.65631
0.986828
0.986828
0.986828
-0.580485
-0.580485
1.09647
1.09647
-0.515247
0.57842
-1.51272
-1.51272
-1.51272
-2.33436
-0.545932
2.05902
1.62288
2.18431
2.24153
3.23527
2.34539
3.36103
3.36103
3.98301
5.77961
5.77961
4.66417
2.12518
4.3073
5.45723
3.85312
4.33338
4.31771
2.25272
0.958444
0.714001
-0.0388852
-0.0388852
0.438347
0.290467
0.290467
0.290467
0.290467
0.290467
2.12335
2.12335
2.12335
2.12335
2.8607
3.09556
3.09556
0.522855
2.15399
2.15399
1.42942
1.42942
1.02556
1.02556
1.80232
4.25308
4.25308
4.25308
4.25308
1.93506
-0.532944
-3.22625
-0.549272
-0.549272
-0.549272
-0.549272
-1.32327
-1.32327
-1.04746
-1.04746
1.57747
1.57747
1.57747
1.57747
0.352548
1.22111
3.11809
3.11809
2.82757
2.82757
2.82757
1.47936
-1.06802
-1.06802
-1.06802
-1.06802
-2.14447
-2.14447
-2.14447
-2.14447
-1.81138
0.109576
0.109576
0.109576
0.109576
0.109576
2.15128
2.15128
2.15128
2.15128
2.15128
2.15128
0.0654974
0.0654974
0.0654974
0.0654974
0.0654974
0.0654974
0.906946
0.906946
0.906946
2.0072
2.0072
2.0072
2.0072
2.0072
2.0072
1.14661
-0.481613
-0.481613
-0.481613
-0.481613
-0.481613
-0.481613
-0.481613
-0.481613
-0.897791
-0.897791
-0.897791
-1.72685
-1.72685
-1.5829
-1.5829
0.701
1.74967
1.82014
2.33417
1.09231
-1.34524
-1.70373
-1.31129
0.576707
0.576707
0.760698
0.286743
0.286743
0.286743
-1.2909
-1.12692
-0.650047
-2.74104
-1.07105
-1.07105
-1.53459
-0.198958
-0.843422
-0.843422
-0.843422
-0.843422
-0.843422
-1.27677
-1.27677
0.598033
-0.773275
0.844423
0.844423
1.09605
2.85436
2.85436
2.85436
1.10016
-0.674893
-0.674893
-0.674893
-0.214541
-0.214541
-0.214541
-0.214541
-0.214541
-0.191608
-0.191608
-0.191608
2.22158
2.22158
-0.112684
-0.112684
-0.112684
-0.112684
1.23167
1.23167
0.523053
1.45151
1.45151
1.45151
-1.07396
1.35367
0.919715
1.70666
1.70666
-0.198984
-0.198984
-0.198984
-0.198984
-0.198984
0.836482
-1.11489
-1.11489
-0.284043
-2.62552
-2.62552
-2.62552
-2.62552
-2.62552
-2.62552
-2.62552
-2.62552
-2.62552
-2.62552
-0.177837
-0.177837
-0.177837
-1.10128
-0.269817
-0.269817
-0.269817
-0.269817
-0.269817
-0.269817
-0.269817
-2.46607
-0.926268
0.899623
0.899623
0.899623
0.899623
-1.0701
-2.10211
-2.10211
-2.08275
-2.08275
-2.08275
0.0918223
2.72747
2.72747
2.72747
3.87775
3.87775
1.9478
3.84609
4.65918
4.65918
2.61329
0.0737044
0.0737044
0.456579
0.456579
0.456579
3.06926
3.06926
4.4248
4.4248
4.4248
5.69879
5.87636
5.87636
5.66697
5.32847
4.57951
6.62024
6.62024
6.62024
6.62024
6.62024
6.98139
7.04325
4.52123
4.52123
2.43283
2.43283
4.91883
4.91883
2.30191
4.53824
4.53824
4.53824
4.53824
4.53824
2.55139
1.2326
1.05351
1.05351
2.52655
2.52655
2.52655
2.12293
0.591606
-1.65495
0.895421
0.693426
0.693426
0.601042
0.601042
-1.45236
-3.11344
-1.15202
-1.15202
-1.15202
-1.4513
-1.49213
-0.286588
-0.828351
-0.828351
-0.828351
-1.29154
-1.29154
-1.15933
-1.15933
-1.15933
-1.15933
-0.0313169
-0.0313169
-0.0313169
-1.39934
-0.159791
0.105663
2.65743
2.65743
2.78297
5.44529
2.86226
0.386892
0.386892
-0.893142
-1.93615
-1.93615
-1.93615
-0.39568
2.09197
2.09197
1.03874
2.82082
4.70931
4.70931
5.67069
3.74535
5.18922
5.18922
3.12021
0.681185
-1.54041
-1.54041
-1.54041
-1.54041
-3.84913
-1.33089
-1.33089
0.739151
-0.976
-0.717015
-0.557399
-0.557399
0.916383
-0.779969
0.816151
0.816151
-0.315067
-0.315067
-0.315067
-0.315067
0.129185
-1.76761
0.910104
0.910104
-0.23006
-0.23006
-0.23006
-0.23006
-0.23006
-0.23006
-0.23006
-0.23006
-0.23006
-0.23006
-0.23006
-0.23006
-0.23006
-0.23006
-0.23006
-0.23006
-0.23006
-0.23006
-0.23006
-2.67986
-1.62066
-0.762326
-1.75351
0.881206
0.881206
0.399315
1.74692
0.0150998
0.0150998
0.0150998
0.0150998
0.0150998
1.09519
1.44763
3.30691
3.30691
3.30691
3.30691
3.30691
2.15467
2.94762
1.45184
3.03636
4.75502
4.75502
4.75502
4.05734
4.05734
1.82633
0.199157
0.199157
-2.23604
-4.19667
-5.07469
-5.07469
-5.07469
-6.48056
-6.48056
-4.15875
-4.15875
-4.15875
-4.15875
-4.15875
-4.15875
-4.15875
-4.15875
-4.15875
-4.15875
-4.15875
-4.15875
-3.55721
-4.45915
-4.45915
-5.51153
-5.29233
-4.69995
-3.5706
-3.5706
-3.5706
-3.5706
-3.5706
-5.45624
-5.45624
-2.79866
-2.79866
-2.79866
-2.79866
-1.76014
-0.909286
-0.909286
-0.6374
-3.19125
-3.19125
-3.19125
-3.19125
-1.79374
-0.387347
-0.387347
1.64553
1.64553
1.64553
1.64553
3.58308
3.58308
1.25859
1.25859
-1.41528
-1.41528
-1.41528
0.409256
0.409256
-1.26566
-1.26566
0.635012
-0.132174
-1.95426
-1.59489
-2.09243
-0.683649
-1.60383
-1.55077
0.759081
2.99024
1.28752
1.28752
-0.115433
-2.61037
-2.61037
-2.61037
0.0438745
0.0438745
0.995429
0.173022
0.173022
1.612
0.81122
-1.68917
-1.68917
-0.652886
-1.4072
0.291137
0.321105
2.29945
2.29945
0.976999
2.0163
3.43818
3.43818
3.20905
3.20905
3.20905
3.20905
1.97461
0.199066
0.199066
2.01471
0.306168
0.306168
1.94327
4.2596
3.64332
3.64332
2.9187
2.55004
-0.0425584
-0.0425584
1.95275
1.95275
1.95275
0.994728
0.994728
0.484417
0.484417
0.0802389
0.0802389
0.0802389
0.0802389
0.0802389
0.0802389
0.0802389
-1.31941
-0.333905
-1.48971
-0.239328
-0.928523
1.50707
1.50707
3.78031
3.20122
3.92164
2.52712
0.0547527
0.0547527
0.0547527
1.07368
0.758118
0.758118
0.758118
0.758118
2.25907
2.25907
4.3265
5.03268
2.75631
2.75631
2.75631
1.14463
1.26373
1.26373
1.26373
1.26373
1.26373
-0.519384
-2.00304
-2.86829
-1.07644
-2.81888
-2.81888
-1.11644
-1.11644
-1.11644
0.191361
0.191361
0.14407
0.14407
0.14407
2.3423
3.65671
1.64812
-0.50313
0.126848
0.126848
0.43313
2.65068
2.11057
4.59408
2.97769
2.08466
0.417355
2.171
2.171
2.66077
2.66077
2.66077
2.66077
1.30411
-0.129538
-0.129538
-0.129538
-0.129538
-0.129538
-0.129538
-0.129538
-0.129538
1.70338
1.70338
1.69024
1.69024
1.69024
3.62041
3.67782
3.82183
3.82183
3.52927
3.52927
3.52927
3.52927
3.52927
3.52927
3.52927
3.52927
3.52927
1.21291
3.85063
3.83317
1.46532
1.46532
1.46532
0.772237
-1.01858
1.15036
-0.629198
-0.629198
-2.40485
-2.46196
-2.46196
-0.857355
-0.857355
-0.857355
1.44111
0.735288
0.735288
-1.62752
-1.62752
-3.12684
-3.12684
-3.12684
-3.12684
-3.12684
-3.12684
-1.14653
-1.14653
-1.14653
-3.59653
-1.98297
-1.38315
-1.38315
-3.80938
-4.19644
-4.19644
-3.36634
-0.890302
-1.81536
0.306963
0.306963
0.306963
0.306963
0.306963
0.306963
0.306963
0.306963
1.1027
1.1027
1.1027
1.1027
0.680088
0.680088
-1.73356
-4.10221
-4.10221
-4.57992
-4.57992
-4.57992
-3.34816
-3.34816
-3.34816
-3.34816
-3.96142
-3.96142
-3.96142
-3.96142
-2.50608
-0.100038
-0.100038
0.452132
0.452132
0.635059
0.635059
3.05806
3.50506
4.48752
2.06812
1.59354
1.59354
1.59354
1.59354
1.59354
1.59354
-1.10594
-1.10594
-1.86468
-1.8233
0.046138
2.1615
2.1615
2.1615
2.43575
0.555768
0.555768
0.555768
0.555768
0.555768
0.555768
0.555768
0.555768
3.22567
3.01917
3.01917
3.85221
2.98252
1.00919
0.356071
0.356071
0.0548121
-1.83347
-0.152584
0.788188
-1.19064
0.441289
0.441289
0.441289
0.441289
-1.66242
-1.66242
-1.66242
-0.231563
-0.231563
-0.231563
0.422077
0.422077
0.422077
0.422077
0.422077
-1.60475
-1.60475
-1.60475
0.887849
0.887849
0.464607
2.71909
2.71909
2.71909
2.7117
1.10758
1.10758
2.18804
3.58865
3.58865
3.93837
3.73589
1.90191
4.43348
4.43348
2.58053
3.30993
3.30993
3.30993
5.39602
5.39602
5.39602
5.39602
4.0285
4.0285
4.0285
4.0285
2.46101
2.46101
0.790715
0.790715
-0.0330125
-0.0330125
-0.0330125
2.56336
4.87437
4.87437
3.92502
1.34627
-0.422791
-0.422791
-0.422791
-2.42196
-2.42196
-2.42196
-3.72594
-3.72594
-3.72594
-3.72594
-4.47973
-4.47973
-4.47973
-4.47973
-3.92554
-4.98852
-2.30999
-0.611902
-0.611902
1.63718
1.63718
1.63718
3.43928
3.43928
3.43928
3.43928
2.85438
0.686144
1.90114
3.98325
3.98325
3.98325
4.73392
5.03812
5.03812
4.87541
5.91964
3.25177
1.2971
0.0795657
1.56383
2.80154
4.76809
2.7508
1.36257
0.194584
0.052025
-1.53641
-0.121245
1.98564
4.5628
4.5628
4.5628
1.90434
1.90434
4.24811
5.97372
3.32363
4.06216
4.06216
4.06216
4.06216
4.47079
2.62279
-0.0539552
1.53192
3.81058
3.2467
3.2467
3.2467
0.858954
2.35434
2.35434
1.497
-0.877455
-0.906091
-0.906091
-0.292141
-0.292141
-2.59343
-2.59343
-2.59343
-2.59343
0.0897454
0.63847
0.359003
0.359003
0.359003
0.359003
0.359003
-1.11587
0.325665
1.63967
1.592
-0.545632
2.00421
2.00421
-0.0708201
-0.0708201
-0.0708201
-0.0708201
-1.06987
-1.06987
-3.39422
-2.09278
-2.09278
0.233985
0.233985
0.233985
-1.22029
-1.22029
0.85122
-0.750365
0.676502
2.91037
0.265525
1.43547
-0.943688
-0.943688
-0.943688
-2.64861
-2.64861
-2.64861
-2.64861
-1.78511
-1.24612
-1.24612
0.940604
-0.483184
-0.483184
-0.483184
-0.483184
-0.483184
-2.92228
-2.92228
-3.59487
-2.6581
-2.6581
-3.97501
-1.60649
-0.00929722
1.83134
1.83134
1.83134
1.83134
1.83134
-0.271377
-2.43703
-2.43703
-1.57059
-1.57059
-3.36827
-3.36827
-3.36827
-4.50029
-3.89244
-2.36058
-2.36058
-2.36058
-1.92685
-1.92685
-3.94067
-3.94067
-3.94067
-3.94067
-2.40342
-2.40342
-2.50373
-2.50373
-2.50373
-2.93871
-2.93871
-2.93871
-2.93871
-2.5723
-1.77472
-1.01616
1.6108
-1.04639
-2.85918
-0.381214
-0.381214
-0.74746
-0.74746
-0.74746
1.71427
1.71427
1.83865
1.83865
3.9209
3.36576
3.26613
4.58184
2.23234
2.23234
1.0625
3.02582
5.44222
4.55102
4.55102
6.47043
6.47043
6.47043
6.47043
7.30858
7.30858
4.83782
4.83782
2.48939
0.52429
0.953042
1.29869
-0.176745
-0.392853
1.72277
0.999293
0.999293
0.999293
0.999293
0.999293
-1.50782
-1.50782
-1.55088
-1.55088
-1.55088
0.208421
1.98679
3.83755
5.42588
5.42588
5.42588
6.16103
5.02168
5.02168
4.175
2.4548
2.4548
2.4548
2.4548
4.28596
3.78811
3.78811
3.78811
2.85805
0.332535
-2.00543
-1.81609
-1.81609
-2.21998
-2.21998
-2.21998
0.00953584
0.00953584
0.00953584
0.00953584
-2.11717
-3.97205
-6.15916
-6.09636
-6.09636
-3.64005
-5.12809
-3.55688
-2.57056
-2.42559
-1.38557
1.29069
0.947445
0.947445
-0.932588
-1.7648
-0.843184
-0.843184
1.47386
1.47386
-0.506768
0.0385702
-1.93563
0.206962
-2.37732
0.192835
0.192835
-0.701123
-0.701123
-2.71696
-2.71696
-0.570014
-0.570014
1.97521
1.97521
1.97521
2.17417
2.17417
2.62946
2.62946
0.918746
-1.36023
-2.20954
-2.20954
-2.20954
-2.20954
-1.64732
-0.358693
-0.358693
-0.358693
2.15472
2.15472
2.15472
1.52687
0.583971
0.583971
0.583971
-0.0547557
2.29431
3.94449
5.3792
5.3792
2.6817
4.57539
3.73299
4.00302
3.19688
3.19688
3.19688
1.24204
1.38804
1.38804
0.311715
0.311715
0.311715
0.311715
-1.96688
-3.37522
-0.756131
-0.756131
-0.756131
-2.15548
-2.15548
-2.15548
-2.15548
-2.15548
-2.15548
-3.72156
-3.72156
-3.72156
-1.08984
-1.08984
-1.08984
0.306608
-0.772671
-0.772671
-0.772671
-0.0511382
0.847941
0.847941
0.847941
-0.00833604
-1.75626
-2.41187
0.222693
-1.83222
0.398281
0.398281
0.398281
0.398281
0.398281
0.398281
0.398281
-0.66615
-3.01516
-3.01516
-1.19922
1.24955
1.24955
1.24955
-1.42829
-1.42829
-1.42829
-3.56636
-3.56636
-0.984604
-1.26066
-2.01051
-2.01051
-2.01051
-2.01051
-2.92277
-2.92277
-1.02421
-0.0654886
2.19311
2.19311
2.19311
2.19311
2.91898
3.18345
3.18345
3.18345
3.18345
2.52722
2.52722
2.52722
0.500997
-0.732982
-0.0941063
0.967895
-1.16001
-1.16001
0.470162
0.470162
0.470162
0.470162
-1.85108
-1.85108
0.730644
0.730644
0.730644
0.730644
0.730644
0.730644
0.374865
0.374865
0.374865
0.374865
0.374865
0.374865
-0.204567
-0.204567
-0.204567
-0.635234
-0.635234
-0.635234
-0.635234
-0.635234
-1.35022
-1.35022
-0.394791
2.21757
2.21757
4.00174
1.85945
4.25789
4.25789
4.50513
5.0896
4.73577
4.73577
4.73577
4.73577
5.02925
3.19711
3.19711
3.19711
3.19711
4.5409
4.5409
4.5409
4.5409
1.93209
1.93209
0.519246
0.519246
0.140304
0.744445
0.88575
-1.64616
-1.64616
-0.773761
-0.773761
1.25728
1.25728
1.25728
1.25728
1.25728
1.25728
1.25728
1.25728
-0.763339
1.19238
3.82258
3.82258
3.82258
3.82258
3.82258
3.82258
3.98106
3.23249
3.95634
2.32552
1.70367
1.70367
2.39964
2.39964
2.39964
2.39964
2.39964
2.01173
3.96868
3.96868
4.34686
1.70947
1.70947
1.64317
1.64317
1.64317
1.64317
1.64317
-1.03679
-1.03679
-2.19341
0.401132
0.401132
0.401132
-1.13265
-1.13265
0.553672
0.553672
0.553672
0.553672
0.553672
-0.488314
-0.488314
-0.488314
-0.488314
-0.488314
-2.72949
-1.87565
-1.64705
0.43808
0.43808
3.13795
4.10536
4.05941
3.8602
3.8602
2.54114
2.54114
0.709898
0.709898
0.709898
0.709898
0.709898
0.709898
0.985327
0.985327
-1.47882
0.865786
0.865786
0.865786
2.13126
2.13126
2.29153
2.29153
2.29153
1.54545
3.1253
3.87661
1.38923
2.6853
2.6853
2.6853
1.50263
3.31167
2.00655
0.789106
-0.101388
-0.101388
-0.101388
-1.10763
-1.10763
-2.22182
0.408062
0.408062
1.06644
-0.940287
0.419102
-1.69072
-1.69072
-0.811667
-3.2852
-2.38569
-4.66807
-4.66807
-3.04774
-1.0189
-1.0189
-1.0189
-1.55444
-1.49707
0.000602349
0.000602349
0.000602349
-0.11659
-1.44399
-1.39456
-1.39456
-1.39456
-1.39456
-1.39456
0.551758
0.551758
0.551758
0.551758
0.551758
0.551758
0.551758
0.551758
0.551758
-1.9991
-0.649271
-0.649271
-0.649271
1.26074
-0.541712
-0.521487
-2.90465
-2.79586
-2.79586
-3.5195
-3.5195
-3.67062
-3.67062
-3.67062
-2.51349
-2.51349
-0.440872
-0.440872
-2.15313
-2.15313
0.225075
-1.39303
0.956631
0.956631
0.956631
0.956631
1.12942
1.12942
-1.39177
-1.39177
-1.39177
-1.39177
0.636643
0.636643
0.611408
-1.62784
-2.3995
-2.3995
-2.91931
-2.91931
-2.91931
-0.668633
-0.668633
-0.668633
-0.668633
-1.41468
-1.41468
-2.23732
-2.23732
-2.23732
-1.81756
-1.81756
-4.14525
-4.14525
-3.99229
-3.99229
-3.99229
-3.42365
-3.03928
-0.405679
-0.405679
-0.405679
0.674385
0.674385
-1.25031
1.37841
1.37841
3.78793
3.91919
1.5426
-0.901749
0.906988
0.906988
0.411434
0.411434
0.411434
1.91285
1.91285
0.455752
-0.914678
-0.914678
-0.120785
2.29751
1.07729
1.07729
1.07729
0.275197
0.550716
0.550716
0.550716
0.957438
0.957438
0.957438
2.81296
1.38813
4.01278
1.44414
-0.248573
-0.248573
-0.248573
2.02756
4.63225
2.34829
0.0110486
0.922922
0.922922
2.15169
3.60904
1.15623
1.08077
1.08077
1.08077
1.08077
1.08077
1.08077
1.08077
1.08077
-1.29596
-1.29596
-1.29596
-0.362467
1.30329
2.989
1.68907
1.7226
1.7226
1.7226
1.45316
1.45316
1.45316
1.45316
1.45316
1.45316
1.45316
0.999166
1.21065
1.21065
1.21065
1.21065
1.21065
1.21065
1.21065
-0.286213
-0.286213
-0.286213
-0.286213
-0.286213
-0.286213
-1.01035
-1.01035
-2.66625
-2.66625
-2.66625
-2.66625
-2.66625
-0.299268
-0.299268
-1.3039
0.936925
0.936925
-0.432235
-0.432235
-0.432235
-1.13853
-0.791123
1.87897
-0.706351
0.802285
0.802285
3.36223
3.36223
3.36223
1.393
-0.348314
-0.348314
-0.348314
-0.348314
-0.348314
-0.348314
-0.348314
-0.348314
-0.348314
-1.76958
-0.912063
-0.912063
-0.510938
-0.510938
-0.510938
-1.77189
-1.77189
0.222108
0.222108
0.222108
-1.2437
-1.2437
-1.2437
-1.2437
-0.885551
-2.97979
-3.18863
-3.18863
-3.18863
-1.09762
1.26544
2.28438
2.28438
2.28438
2.28438
0.109327
0.109327
0.109327
-1.68216
-0.75555
-0.75555
-0.75555
-0.75555
1.06307
1.06307
0.418848
0.418848
0.418848
0.418848
0.418848
0.418848
0.418848
0.418848
0.418848
0.418848
0.418848
0.418848
0.418848
0.418848
0.418848
0.438453
2.99022
2.29493
2.29493
2.29493
2.29493
2.29493
2.29493
-0.202294
-0.202294
1.5391
1.5391
0.876304
0.876304
0.876304
0.876304
3.4941
3.4941
0.923424
1.66398
1.66398
3.21296
3.49477
4.26365
4.26365
4.26365
2.14763
2.14763
1.6878
-0.150672
2.24318
-0.0636828
-0.0636828
0.311379
0.311379
0.311379
-0.0436937
-0.0436937
2.11773
2.11773
0.313221
-1.00123
-1.00123
1.6162
-0.545081
-0.545081
-0.545081
-0.545081
-2.67371
-0.0582376
-0.0582376
-0.0582376
-0.0582376
2.32932
2.32932
0.640357
0.640357
0.640357
0.640357
0.8164
0.8164
0.8164
-1.64526
-1.64526
-2.09046
-1.76339
-3.45831
-1.59433
-1.59433
-1.59433
-1.59433
-1.59433
-1.59433
-0.141547
-0.0944508
-2.10984
-3.61773
-3.61773
-3.61773
-1.60308
-1.60308
-0.707731
-0.707731
-0.707731
-0.707731
-0.707731
-0.707731
-0.707731
-0.707731
-0.707731
-0.707731
-0.707731
1.34802
1.34802
1.34802
-1.19308
-2.28402
-1.84051
-1.84051
-0.898772
-0.898772
-0.435949
0.285237
0.285237
-1.66526
0.612515
3.29614
1.12263
1.12263
-0.555182
-0.555182
-0.555182
-0.555182
1.02471
1.02471
-1.44329
-2.50569
-4.98584
-4.78717
-4.48273
-4.48273
-4.48273
-3.839
-3.839
-2.61062
-2.40072
-2.30751
-2.30751
-2.30751
0.176525
0.176525
0.176525
1.15074
1.15074
0.62192
0.62192
0.62192
0.62192
-1.54301
0.524179
0.524179
2.278
2.278
0.481436
2.46785
2.46785
2.46785
2.46785
2.46785
2.46785
1.2716
1.7501
0.483509
0.483509
1.8559
1.00871
-1.53353
-1.53353
1.06063
1.06063
-1.04322
-1.04322
-1.04322
-1.04322
-0.913145
-3.47304
-1.80794
-1.80794
-1.80794
-2.31691
-1.91442
-0.236941
-2.4385
-2.4385
-2.4385
-0.690257
-0.690257
-2.05051
-2.05051
-2.05051
-2.05051
-0.741852
-0.741852
0.505229
-0.57053
-0.57053
0.485077
1.27578
-0.273024
-1.05666
0.434338
0.434338
0.434338
2.20433
0.517022
0.517022
1.48758
1.1458
2.189
2.189
3.96175
2.61554
2.61554
4.2267
4.2267
4.2267
4.2267
4.2267
4.2267
4.26564
4.26564
4.26564
4.26564
4.26564
1.92096
1.51517
0.574252
1.79184
-0.036326
-0.036326
-2.60089
-2.60089
-2.60089
-2.04224
0.365979
0.365979
0.365979
2.94112
2.94112
0.941049
-0.923331
-0.694147
-0.694147
-0.694147
-0.694147
-0.694147
-0.423164
0.183812
2.13459
-0.119357
-0.119357
-0.119357
-0.119357
-0.119357
-0.119357
-0.119357
-1.08159
-1.08159
-1.08159
-1.08159
-1.08159
-2.22188
-2.22188
-2.06024
-2.06024
-4.70445
-4.70445
-7.15455
-7.47072
-8.40294
-7.39241
-7.39241
-7.39241
-7.39241
-7.39241
-8.37924
-8.37924
-8.37924
-9.74084
-7.70131
-7.07101
-5.51451
-4.74929
-4.74929
-5.77539
-5.77539
-5.19614
-5.19614
-4.19884
-4.19884
-2.98382
-2.98382
-1.40525
-1.40525
-1.40525
-1.40525
0.335476
0.335476
-1.09438
-2.99127
-0.971694
0.789284
3.40522
5.08776
5.08776
3.65751
3.65751
3.65751
3.65751
2.87868
2.87868
1.23111
1.00064
0.702765
-1.7219
0.449523
-0.286497
-0.286497
-0.286497
2.31635
2.31635
2.56221
2.56221
2.20156
2.20156
2.20156
2.20156
1.55841
1.55841
2.94533
2.94533
3.05876
3.05876
3.05876
3.05876
2.10857
2.33436
2.33436
0.635019
0.635019
2.17339
2.17339
1.07348
1.07348
1.07348
0.0294871
1.58237
-0.77987
1.55855
1.55855
1.55855
0.378108
0.378108
0.378108
2.70881
2.70881
2.70881
2.70881
2.70881
2.90201
2.90201
0.742929
0.742929
0.742929
0.742929
1.5679
4.10449
1.58618
1.58618
3.38141
3.38141
3.38141
1.86536
1.86536
1.86536
1.86536
2.0254
-0.277586
-0.277586
-1.12527
-0.699499
-0.399086
-0.399086
-0.399086
-2.54641
-1.59181
-1.59181
-1.59181
-1.59181
1.07519
1.07519
1.07519
-0.512116
-0.512116
0.72513
0.72513
0.00110018
0.00110018
-1.40521
-0.318005
-0.318005
-0.318005
-0.318005
-2.65484
-2.65484
-2.65484
-1.26119
-1.26119
1.17057
-0.291484
2.3735
2.3735
2.3735
2.3735
0.191039
0.191039
-1.50092
-3.98777
-3.98777
-3.31296
-5.68221
-5.68221
-5.30028
-4.82779
-3.7023
-3.7023
-3.7023
-3.7023
-1.89515
-3.42124
-1.76765
-1.76765
-1.76765
-1.76765
-1.76765
0.308413
0.308413
0.308413
1.80271
3.16004
3.16004
2.9714
0.655186
2.69563
0.500363
1.36982
0.670932
0.840163
0.554053
0.554053
0.554053
-1.57686
-2.2506
0.310669
0.310669
0.310669
0.498772
0.498772
0.498772
0.498772
0.0406881
2.59605
2.59605
2.56588
4.83733
4.97465
4.97465
4.28618
1.68128
1.68128
1.68128
0.244222
0.244222
0.244222
0.244222
0.244222
0.244222
0.244222
-1.58896
-1.58896
0.95191
0.981727
0.981727
1.75461
1.75461
1.75461
0.954589
-1.63321
0.393203
0.0418071
-2.1444
-2.1444
-2.1444
-1.53906
-1.53906
-1.53906
-1.53906
-1.19186
-1.19186
0.00877908
0.00877908
-0.104255
-0.183911
-1.07455
-1.86585
-0.0973743
-0.0973743
0.822609
0.822609
0.822609
0.822609
2.17209
0.698427
-1.17576
-1.17576
-0.340328
-0.340328
-0.340328
0.548905
1.19846
1.19846
-1.35786
-1.35786
-0.0225302
-0.0225302
-0.352941
-0.80038
0.681801
0.681801
-1.55719
-1.55719
0.552623
0.552623
0.552623
-1.43614
1.21003
1.77163
1.77163
4.35276
2.82782
1.86721
1.86721
-0.496123
2.09298
2.09298
2.09298
2.09298
1.95008
4.09036
1.42494
-1.10634
-1.10634
-2.66416
-0.177498
-1.56327
-1.10169
-1.10169
1.27202
2.22201
0.597584
-1.9599
-2.20373
-4.37087
-4.37087
-4.37087
-4.37087
-2.1014
-2.1014
-2.1014
-1.50102
-1.50102
-1.50102
-1.50102
-1.50102
1.17902
0.936941
2.43995
2.43995
1.99284
1.99284
1.99284
3.68745
4.3993
2.73975
2.73975
3.20825
2.27256
3.71396
2.59536
1.56649
-0.495626
1.84264
1.84264
1.41908
3.22912
1.65348
1.65348
1.65348
1.65348
3.48163
3.48163
2.64988
2.64988
0.900769
1.95294
-0.601621
-2.23452
-2.23452
-0.000694394
-0.0648763
-0.0648763
-0.0648763
-0.0648763
-0.443647
-0.443647
-0.443647
1.69499
-0.322404
-0.322404
-0.322404
-0.322404
-0.322404
-0.322404
0.266856
0.266856
-1.96072
-4.09772
-2.21731
-0.213335
-0.213335
-0.213335
-0.213335
-0.213335
-0.213335
-0.213335
-0.213335
-0.213335
0.500691
0.500691
0.500691
0.500691
0.500691
0.860895
0.860895
0.860895
-0.679049
0.434275
1.68747
0.334994
0.334994
0.103563
0.103563
1.30222
1.17241
1.56981
1.56981
-0.587368
-0.587368
-0.587368
-1.23003
0.392944
-2.0907
-1.53441
-1.53441
-1.53441
1.1124
3.28655
3.28655
2.353
2.48058
2.48058
1.55085
1.55085
1.55085
1.55085
1.55085
-0.185008
2.34102
-0.182551
-1.84511
-4.10116
-4.10116
-4.44993
-4.44993
-4.44993
-4.44993
-4.44993
-5.03505
-3.0374
-3.0374
-1.01898
-1.19068
-1.19068
-1.19068
-0.0404566
2.56143
2.56143
0.802352
0.802352
0.802352
3.46933
3.46933
1.41423
1.41423
-0.971799
-2.50498
-2.50498
-2.50498
-2.50498
-1.6978
-1.34556
0.970733
1.09419
1.09419
0.33533
0.929888
0.929888
2.97932
2.97932
2.97932
1.5364
2.99858
2.99858
2.99858
0.782045
0.739705
-0.0587475
-0.0587475
-0.0587475
-0.0587475
1.97998
0.519865
0.519865
2.93125
2.93125
2.93125
1.68712
1.68712
1.53296
1.53296
-0.771833
-0.317222
-0.317222
-0.317222
-0.317222
-0.317222
-1.58314
-1.58314
-0.189114
2.22359
0.429181
0.429181
-1.40028
-0.727872
0.0414044
0.0414044
0.0414044
0.0414044
0.0414044
0.63895
0.63895
-1.78708
-0.00663682
0.634245
2.04781
2.07072
3.42174
3.83223
3.83223
2.56298
2.56298
1.06255
-0.355867
-2.35047
-1.60282
-1.49188
0.430464
0.430464
-0.365236
1.31947
-0.0906722
-2.33418
-2.33418
-3.78208
-3.78208
-3.78208
-3.78208
-4.33759
-1.83706
-1.83706
-0.594532
-3.06922
-1.22346
-1.22346
-1.22346
-1.22346
0.555411
0.0508474
0.0508474
0.0508474
0.0508474
0.0508474
0.0508474
0.0508474
0.0508474
-0.334747
-0.334747
-0.334747
-2.99632
-2.99632
-2.99632
-3.83253
-2.85894
-5.00944
-7.42955
-7.42955
-6.51779
-4.43942
-1.82161
-3.37301
-3.37301
-3.37301
-3.37301
-3.37301
-4.16267
-3.35076
-4.26185
-4.26185
-4.26185
-6.46634
-4.0417
-4.0417
-1.76729
-1.76729
-1.76729
0.111315
-1.09314
1.18163
1.18163
-0.894034
-0.894034
-2.53866
-2.53866
-1.92158
0.143162
0.143162
0.143162
-1.30364
-1.30364
-3.71319
-3.71319
-3.71319
-3.71319
-3.71319
-3.71319
-1.54455
-0.316453
0.582749
0.582749
2.19225
2.19225
1.06658
3.20272
1.44893
1.44893
1.41788
0.414934
-0.525424
-2.31916
0.364668
0.364668
-1.28746
-1.28746
-2.82435
-0.330416
-0.330416
-2.64091
-0.278543
-0.278543
-2.29105
-2.29105
-4.51451
-4.51451
-6.53037
-6.53037
-6.53037
-6.39427
-3.81906
-3.81906
-1.35295
0.943233
-0.16781
0.301995
0.213377
-0.0687585
-0.945505
-0.945505
-0.0117346
0.37315
0.37315
0.37315
0.37315
-0.668597
-2.05294
-2.05294
-1.85591
-1.85591
-1.85591
-2.85733
-2.18444
-3.69385
-2.01219
-2.01219
-2.16613
-4.30899
-2.5934
-2.5934
-2.9336
-2.9336
-2.9336
-2.9336
-3.57904
-3.24274
-3.24274
-3.24274
-3.24274
-5.21427
-5.21427
-5.21427
-6.81307
-6.81307
-6.81307
-5.76681
-5.76681
-3.14662
-3.14662
-1.02742
-1.02742
-2.61233
-2.61233
-2.61233
-3.94989
-2.28374
-2.28374
-3.69675
-4.12782
-3.50888
-3.50888
-3.50888
-2.04342
-2.04342
-2.37134
-2.37134
-0.4955
-0.4955
-2.15489
-1.22484
-1.22484
-1.22484
-1.22484
-1.22484
-2.76476
-2.76476
-2.76476
-2.76476
-0.982748
1.56961
0.405858
1.42171
0.581865
0.581865
0.581865
3.01837
4.2606
4.2606
3.75646
3.82214
2.06913
2.06913
2.06913
0.333026
0.333026
0.122624
1.7867
1.86631
-0.141875
-0.141875
-0.141875
1.52154
0.439256
0.439256
0.439256
-1.56525
-1.56525
0.584457
0.819488
0.819488
0.819488
2.33104
0.168893
1.32289
-0.85756
-0.565393
-2.45227
-0.114711
-0.114711
-0.114711
-0.114711
-1.47059
-1.47059
-0.397134
-0.397134
-0.397134
-0.397134
-0.397134
-0.397134
-0.397134
-0.397134
-0.397134
1.49338
2.35631
0.036977
2.17523
2.17523
2.17523
2.31068
1.84197
0.351843
0.351843
0.351843
0.351843
2.6299
2.10843
1.08778
1.08778
1.08778
-1.29606
-0.0768611
-1.1409
1.40143
1.40143
1.40143
2.36491
4.90705
4.95462
5.66251
5.66251
5.47685
4.08293
4.08293
1.87735
1.01476
0.442097
0.442097
2.53897
2.53897
2.06769
2.06769
2.06769
-0.0860807
-0.0860807
2.47752
1.00898
-1.4726
0.305701
1.50644
1.50644
1.50644
-0.441025
-0.441025
-1.92738
-1.92738
-1.92738
-2.06784
-2.06784
-1.04906
0.555585
-2.05896
-2.90041
-2.90041
-0.965949
-1.5569
-1.5569
-1.06386
-0.795579
-2.34432
-0.0360838
-0.0360838
1.69998
1.69998
-0.733415
-0.733415
1.83438
1.83438
1.83438
3.92092
3.61544
1.23351
1.23351
1.23351
1.23351
1.23351
3.58274
3.58274
3.58274
0.966833
0.966833
0.966833
0.966833
2.62823
2.62823
2.62823
0.15081
0.15081
-0.132809
-0.132809
-1.051
-2.10481
-2.10481
-2.25326
-2.7097
-2.7097
-2.7097
-2.7097
-2.7097
-1.54123
-2.38822
-3.20172
-3.45853
-2.54871
-0.0696027
-0.0696027
-0.0696027
-0.0696027
-0.0696027
-2.41929
-2.41929
-1.52049
-1.52049
0.774748
0.774748
0.0107476
0.0107476
1.93853
0.161381
0.161381
0.161381
0.161381
-0.634832
-0.634832
-3.09576
-3.09576
-3.09576
-3.09576
-3.69371
-1.14759
0.82923
3.05011
1.49325
1.49325
1.49325
-1.10045
-1.10045
-1.10045
-1.10045
-1.10045
-1.10045
-1.10045
1.35612
3.06022
3.06022
5.31809
5.31809
5.31809
4.43359
2.77514
2.77514
2.77514
2.77514
2.23149
1.61815
1.61815
-0.559197
-1.16035
-3.04947
-4.69004
-2.85706
-2.77609
-1.87542
-0.955759
-1.81409
0.309231
0.309231
0.309231
0.0738333
0.682555
2.9638
1.27738
1.27738
3.27225
1.27474
1.27474
-1.36438
-1.81458
-0.629585
-0.629585
1.44041
1.44041
1.77238
1.77238
-0.282301
-0.282301
-0.282301
-0.282301
-0.282301
-0.282301
2.0809
2.0809
2.0809
2.0809
2.0809
0.421351
0.421351
0.421351
0.421351
0.421351
0.409467
0.409467
-1.26415
-1.26415
-1.26415
-1.26415
-1.26415
-1.26415
-1.26415
-1.26415
-1.26415
-1.26415
1.29189
-0.0262564
2.53866
2.53866
1.22292
1.22292
3.00837
4.72644
5.81268
5.81268
3.32768
3.32768
4.46743
2.55205
2.85411
2.95702
2.70103
2.70103
2.70103
2.19989
0.147866
-0.904563
-0.904563
-3.13545
-3.13545
-3.13545
-3.13545
-1.25329
-1.25329
-1.25329
-1.25329
-3.17922
-2.57825
-2.57825
-2.57825
-0.885799
1.6668
0.137477
0.137477
0.137477
2.74467
5.04529
2.4721
3.2641
3.2641
3.2641
3.2641
0.87949
1.12818
-0.869162
-0.869162
-0.869162
-0.869162
-0.843581
-1.95955
-3.3718
-2.5786
-0.276235
1.94586
1.94586
0.91181
0.406924
1.32148
1.32148
1.32148
-0.0744111
-0.0744111
-0.725371
-0.725371
0.428288
0.428288
0.428288
0.428288
0.428288
0.0332708
-2.52238
-2.52238
-2.52238
-0.471971
-0.471971
-0.471971
-0.471971
-0.471971
-0.471971
-0.471971
-0.471971
1.86667
1.86667
0.999237
0.999237
-0.276203
1.43699
-0.195577
1.09164
1.09164
0.744232
-0.755956
1.3769
2.18679
3.17995
4.80993
4.80993
4.80993
4.46452
4.46452
4.46452
4.03872
2.28454
2.26547
2.26547
0.672547
0.672547
0.672547
0.672547
-0.694374
-1.85333
-1.85333
-1.85333
0.382911
0.382911
-1.23247
-1.23247
-1.23247
-1.23247
-3.23164
-3.23164
-3.23164
-3.23164
-3.05331
-3.26595
-3.26595
-3.26595
-1.4898
-2.66931
-1.67878
-2.01744
-2.01744
-2.01744
-2.01744
-1.44837
0.814937
3.0468
1.06126
-0.116257
1.08771
3.62672
3.62672
3.11456
1.99595
1.99595
1.99595
0.942192
0.942192
0.942192
0.942192
0.942192
0.942192
0.942192
0.960197
2.73712
1.72483
-0.0208306
-0.0208306
-0.0208306
2.29103
2.29103
2.29103
2.29103
2.29103
-0.132913
0.949087
2.56355
2.56355
1.22383
-0.201519
-1.19385
-0.707302
0.942938
0.942938
0.942938
0.942938
3.25899
3.25899
1.13526
1.41319
0.325485
1.77578
3.1478
3.1478
4.06821
4.06821
3.58201
3.94302
5.0658
3.57836
3.61993
3.51208
3.35215
1.11491
1.11491
-1.31572
-1.31572
-3.76434
-1.1027
-1.42242
-0.181474
-0.181474
2.04169
4.1767
3.83008
4.76822
4.76822
4.76822
4.76822
3.11878
4.58492
2.8068
2.8068
2.8068
2.8068
0.352903
2.5277
0.558878
-0.74337
-0.74337
-0.74337
-1.34784
-1.34784
-1.62677
-2.50437
-3.93473
-6.40268
-6.40268
-4.08701
-4.08701
-6.7243
-6.7243
-6.7243
-6.7243
-4.44728
-4.44728
-4.44728
-2.85594
-2.85594
-1.62998
-1.67744
0.835411
0.835411
2.58414
2.58414
4.49009
4.49009
4.49009
2.73412
2.31566
2.31566
3.97435
3.97435
3.97435
3.97435
2.35666
2.35666
2.79065
1.91172
1.91172
3.84824
5.72004
4.79272
2.86108
1.32021
1.32021
1.32021
-0.292584
-0.292584
-2.33566
-3.79022
-3.79022
-3.79022
-1.2533
-2.69212
-0.257685
1.6359
4.02761
4.02761
3.0063
4.34658
4.34658
4.34658
3.46306
3.46306
2.92537
2.92537
0.446238
0.446238
0.446238
1.8527
3.95064
4.37117
3.55493
3.55493
2.68916
2.16118
2.16118
0.350426
0.350426
1.28078
1.28078
-1.05372
-1.05372
-1.05372
-1.05372
-0.004896
-0.972628
-0.972628
-0.972628
-2.26988
-0.234454
-0.234454
-0.234454
0.754139
-1.18187
-1.18187
-1.18187
-3.51246
-3.51246
-3.36859
-3.36859
-3.36859
-1.7434
0.885506
0.885506
-1.58212
-1.37988
-1.37988
-3.97737
-2.80879
-2.80879
-2.80879
-0.547526
0.878514
0.878514
0.878514
0.878514
-1.53803
-1.53803
-1.53803
-1.53803
-1.53803
-1.53803
0.677436
0.677436
0.677436
-1.96608
-2.72624
-0.560336
-0.560336
-3.10072
-3.10072
-1.02244
0.152036
0.152036
-1.68898
0.872379
0.872379
0.872379
0.872379
-1.63351
-0.023695
-0.023695
-1.5377
-1.84668
-1.84668
-1.84668
-1.84668
-1.84668
-1.84668
-1.84668
-1.56012
-1.56012
-0.938035
-2.03821
-2.03821
-2.03821
0.306887
0.306887
1.8654
1.12728
1.12728
1.12728
1.12728
-0.156406
-1.62994
-4.16263
-4.16263
-2.51945
-2.51945
-0.0874622
-1.82551
-4.1225
-5.78361
-5.96187
-4.20542
-4.20542
-3.84999
-3.84999
-1.83388
-0.0811939
-0.241666
-0.241666
-0.390043
-0.390043
-0.390043
-0.390043
-1.56399
-1.56399
-1.56399
-0.124038
1.76267
2.55989
0.858013
0.858013
0.858013
0.858013
0.858013
-1.69608
-1.69608
0.439997
0.439997
0.439997
0.439997
2.24209
2.24209
2.24209
4.00682
4.47635
4.47635
4.47635
5.19154
5.19154
3.03265
3.2327
1.77563
-0.335126
1.18339
-1.36344
-1.36344
-1.36344
-1.36344
-1.36344
-1.36344
-1.36344
-0.990785
-2.75679
-0.406931
-0.797604
-0.797604
-0.797604
-0.797604
1.41708
-0.328708
-0.510299
-0.510299
-0.49629
-0.49629
-0.49629
-2.32054
-3.72307
-3.72307
-4.2273
-4.2273
-5.15593
-2.51522
-0.25438
-0.25438
-0.25438
-0.25438
-0.028918
-0.766669
-0.0238741
-1.16922
0.954566
2.23378
4.32976
1.6614
1.6443
2.86366
2.86366
2.86366
4.3765
4.3765
2.70776
4.72953
3.54532
2.79378
0.4173
0.4173
-1.49611
-2.97323
-3.89126
-5.61607
-6.16364
-6.16364
-6.16364
-6.16364
-3.64934
-3.01366
-1.12005
1.51815
1.51815
0.615255
1.63258
-0.98413
-0.98413
-3.49528
-3.42253
-3.42253
-2.08885
-2.08885
-2.08885
-2.08885
-2.08885
-2.08885
-2.08885
-1.61298
0.815116
0.815116
0.815116
0.815116
2.90565
1.66832
3.09505
3.09505
3.09505
3.09505
5.50782
5.50782
5.50782
5.06655
6.09049
6.71659
5.26082
3.06058
3.06058
3.06058
3.06058
0.940067
0.940067
0.940067
0.940067
0.940067
0.940067
0.940067
0.940067
0.940067
0.940067
2.64306
2.64306
4.20598
4.20598
2.09698
2.09698
2.09698
2.09698
4.31071
4.31071
4.31071
4.31071
4.31071
3.57263
3.66812
3.66812
5.77952
4.03725
5.9073
5.9073
4.25218
5.03455
2.98116
2.98116
2.98116
1.05417
1.05417
3.64673
1.94002
4.08961
4.08961
4.08961
4.08961
2.09927
4.34134
2.48632
2.48632
2.48632
1.72417
1.72417
1.65352
1.65352
-0.898186
-0.898186
-2.60507
-2.60507
-2.60507
-2.60507
-1.0621
-3.04219
-3.77908
-3.77908
-6.05843
-7.83098
-8.90749
-9.61443
-9.61443
-10.088
-10.088
-10.088
-11.1546
-10.039
-9.50093
-10.6857
-10.6857
-10.8065
-9.17093
-6.86157
-4.37149
-4.37149
-4.37149
-6.36601
-4.71425
-4.71425
-6.37484
-6.77093
-6.77093
-4.24614
-4.24614
-2.67569
-0.238857
-2.03625
-0.573225
-0.573225
-1.94724
-1.94724
-3.29741
-0.604387
-0.604387
-0.604387
-3.07853
-2.62334
-1.59062
-1.59062
-0.104559
-0.510489
-0.510489
-0.308944
-2.36314
-2.36314
-2.36314
-3.12575
-1.52968
-0.968836
-0.968836
-0.968836
-0.968836
-0.968836
-0.968836
-0.968836
-0.968836
1.57964
1.57964
1.57964
1.57964
1.57964
0.215736
0.215736
0.215736
0.938423
-0.0517502
-0.0517502
-0.0517502
-2.69451
-2.69451
-2.69451
-4.95613
-5.61305
-5.61305
-5.61305
-3.86315
-3.14501
-3.13303
-4.03466
-4.03466
-4.03466
-2.67844
-2.67844
-2.40571
-2.40571
0.159212
0.159212
0.159212
-1.90877
-1.90877
-1.90877
-3.04946
-0.920395
1.45204
1.59566
1.59566
-0.625778
-0.625778
-0.586649
-0.586649
-1.13251
-1.13251
-1.13251
1.39235
1.43449
1.43449
3.29376
2.68141
2.68141
3.41817
1.89408
1.89408
1.89408
3.26329
4.52792
3.08677
3.08677
3.08677
1.92531
3.15763
3.15763
3.15763
3.15763
4.18359
2.85575
2.85575
1.75106
-0.879391
-2.3629
-2.3629
-2.3629
-1.45246
-1.32146
-1.32146
0.356175
0.356175
0.356175
0.356175
0.421455
0.717388
-0.176447
-0.176447
0.103714
0.103714
-0.574034
-0.574034
0.2005
0.2005
2.61757
2.61757
2.61757
2.61757
0.498269
0.498269
0.498269
2.34778
2.7917
0.124023
0.124023
0.124023
-0.259354
-0.259354
1.63735
1.63735
0.79734
2.05588
3.24612
3.82018
3.82018
1.42013
0.542825
0.997784
3.41409
5.07182
4.26213
4.26213
4.26213
2.10783
2.10783
3.93308
1.23551
1.23551
1.23551
1.23551
1.23551
1.23551
2.28361
1.16445
-0.889755
-0.407197
-1.8169
-1.8169
-1.8169
0.42622
0.42622
0.42622
0.42622
0.42622
0.42622
-2.12074
0.32771
0.32771
0.32771
3.01219
4.8201
4.8201
6.88027
6.88027
6.34066
6.34066
5.19029
5.19029
5.19029
6.26009
6.86863
6.86863
4.23139
4.23139
4.23139
4.23139
4.23139
4.23139
4.62992
3.64807
2.5387
2.5387
0.943279
0.187783
0.187783
0.187783
-0.80518
0.548338
0.548338
0.548338
-1.13232
-1.13232
-1.13232
-1.13232
-1.13232
-0.7896
-0.7896
-0.7896
-1.62755
-3.04922
-2.68906
-2.68906
-2.68906
-0.53151
-0.53151
1.43214
1.43214
1.43214
1.43214
1.43214
-1.00268
1.67118
1.67118
1.67118
1.67118
1.67118
1.67118
-0.276021
-0.455659
-2.88325
-2.31801
-2.31801
-2.31801
-2.33183
-2.33183
-2.33183
-2.33183
-2.33183
-1.15962
1.51092
1.71184
3.45822
1.62582
-0.706395
1.93023
-0.31539
-0.31539
0.335469
0.335469
0.335469
0.335469
0.335469
0.335469
0.335469
0.335469
-0.723203
-0.723203
1.45469
1.45469
1.45469
3.3745
3.3745
3.77964
3.77964
2.26095
2.26095
0.807996
2.51392
4.89019
4.89019
4.89019
4.68299
4.68299
4.68299
4.68299
3.65008
1.60709
2.93009
4.09071
2.30191
1.16693
0.643939
0.643939
0.643939
1.14514
-0.901539
-0.901539
-0.653478
-0.653478
-2.73004
-1.23313
1.42046
1.42046
0.172816
-0.113378
2.38476
0.792075
0.792075
0.792075
2.79141
2.79141
2.79141
2.79141
2.79141
0.378171
-2.06782
-2.06782
-2.06782
-2.06782
-2.06782
-2.06782
-2.06782
-2.06782
-2.06782
-4.58904
-5.14592
-7.2718
-7.2718
-9.53365
-9.53365
-9.53365
-10.931
-10.1476
-10.9419
-9.84685
-9.84685
-8.79486
-7.63246
-7.63246
-5.24574
-5.66947
-7.00403
-4.9988
-4.9988
-3.50797
-1.17268
-0.860148
-0.860148
-0.860148
0.268396
0.268396
0.899159
-1.5481
0.426244
0.426244
0.426244
-2.08134
-2.08134
-2.08134
-2.08134
-2.08134
-1.63156
-1.09736
1.11275
1.11275
-1.07361
-1.9376
-1.56621
0.0548639
-0.483066
-1.52036
-1.52036
0.415927
2.33056
2.33056
3.85661
3.85661
3.85661
3.85661
5.33458
5.33458
5.33458
5.33458
5.03446
5.84108
3.86832
3.75513
5.98533
5.98533
6.81235
6.81235
6.81235
4.95397
4.95397
4.95397
4.95397
4.95397
4.95397
2.34381
2.34381
2.34381
4.76929
3.37771
3.37771
3.37771
3.82601
1.22229
-1.1063
-0.142548
-0.142548
-0.142548
-1.09579
-2.88652
-2.88652
-0.654319
0.291327
0.291327
-1.85365
-1.85365
-1.85365
-1.85365
-1.85365
-1.85365
-1.85365
-1.85365
-1.85365
-0.220389
-0.220389
-0.220389
-0.220389
-0.220389
-0.220389
-2.36208
-0.124443
-0.124443
-2.29591
-2.29591
0.187583
-0.442812
-0.442812
1.76955
1.76955
1.17134
2.38814
3.49363
3.49363
4.77652
4.77652
4.77652
4.77652
4.77652
4.77652
4.2481
4.2481
1.82829
1.82829
3.23484
3.23484
1.31952
1.31952
1.31952
1.31952
-1.03466
0.449293
0.449293
0.449293
1.9208
1.9208
2.62493
1.4709
1.4709
2.21878
2.21878
1.15995
1.15995
-0.773118
-2.79827
-2.9359
-2.9359
-1.29098
-1.29098
-1.29098
-1.29098
-0.113377
1.03704
3.71272
4.63613
3.40052
3.40052
1.41517
0.522733
0.522733
0.522733
1.35201
1.35201
2.60361
2.60361
2.87594
4.12114
3.83744
4.16129
1.91441
1.91441
1.91441
0.53462
0.53462
0.53462
0.53462
3.05532
1.13763
1.13763
1.13763
1.13763
-1.21436
-1.21436
-1.21436
0.735802
0.735802
1.70554
1.87262
1.87262
1.87262
1.87262
1.87262
1.87262
-0.210533
-0.391086
0.309801
0.309801
0.309801
0.309801
0.309801
0.309801
0.309801
0.309801
1.24255
1.24255
3.88623
3.88623
3.88623
2.94747
0.725081
0.725081
1.0428
0.807887
0.807887
0.807887
0.807887
1.06576
1.06576
1.06576
1.06576
-0.624293
-0.624293
-0.624293
-0.624293
0.452607
0.452607
3.05496
0.870439
1.07217
-0.133164
-0.133164
-0.133164
-0.133164
-0.133164
-0.133164
-0.133164
-0.133164
-0.671407
-0.671407
-0.671407
-2.23631
-2.23631
-2.23631
-3.09496
-3.09496
-3.09496
-3.09496
-2.22927
-2.22927
-3.52776
-3.52776
-2.76343
-2.76343
-0.33909
0.799269
0.799269
0.799269
0.0154157
0.0154157
0.0154157
0.0154157
0.0154157
0.0154157
0.0154157
0.0154157
0.0154157
0.0154157
0.0154157
0.0154157
0.0154157
0.0154157
0.0154157
-0.633827
-0.633827
-0.633827
-0.633827
-0.633827
-0.633827
-0.633827
-0.779624
-0.779624
-0.916052
1.05978
0.167511
0.167511
0.167511
2.75947
2.75947
3.04545
3.04545
3.04545
3.04545
2.79986
2.79986
2.79986
4.10639
2.91213
4.71721
4.39178
4.19038
4.19038
3.79505
3.79505
3.79505
3.79505
1.97716
1.97716
1.97716
0.516548
0.0264831
1.01539
-0.142498
0.779279
0.779279
0.779279
-1.86487
-2.57344
-2.57344
-2.57344
-1.29038
-0.942824
0.832342
-1.36329
-1.36329
-1.36329
-1.36329
-0.000676821
1.0381
-1.07509
-1.07509
-1.07509
-0.104613
-0.104613
-0.104613
-0.104613
-0.104613
-0.104613
1.40919
2.20197
-0.192721
1.6258
1.6258
1.40418
2.97352
2.97352
2.97352
0.424748
0.195561
0.195561
1.10724
1.25897
1.25897
1.61614
1.61614
1.3978
-0.758055
-1.61699
-1.61699
0.848943
-1.7827
-1.7827
-2.67189
-0.028059
1.14126
1.14126
1.14126
1.58802
2.05039
2.1642
1.48253
1.48253
1.95177
0.891811
0.891811
0.206996
1.77467
1.86237
4.4363
6.13345
6.13345
6.13345
6.13345
5.39581
3.1917
3.1917
3.59513
1.93615
-0.716011
1.0535
3.17236
3.17236
1.23144
-0.419684
-2.44037
-2.44037
-2.44037
-1.51406
-1.51406
0.405018
2.69489
5.35598
3.47728
5.20672
3.71232
5.39836
5.39836
5.71972
5.71972
3.37729
3.37729
3.37729
3.37729
1.24339
1.24339
1.24339
1.24339
1.24339
1.24339
-0.40055
-0.40055
-0.454288
-0.36484
-0.36484
-2.04187
-0.392322
-0.392322
-0.392322
1.29929
2.84247
2.08388
0.658301
3.21509
4.64425
4.64425
4.64425
4.64425
6.7881
6.7881
6.7881
7.90433
6.01585
6.97312
7.84034
7.3577
7.3577
7.3577
5.19426
5.19426
3.81036
3.06501
1.37205
1.37205
1.37205
-1.13442
-1.13442
-1.13442
-2.72738
-2.72738
-2.72738
-0.249643
2.38184
1.10795
1.10795
-0.762498
-1.88896
-1.88896
-0.351495
-0.351495
-0.784776
-1.85793
0.364738
1.70821
1.70821
1.70821
-0.0798014
-0.0798014
-0.0798014
2.40907
1.39074
0.752644
0.752644
2.44081
2.44081
1.35639
1.35639
1.35639
0.82529
0.82529
1.05363
0.223653
-0.619093
-0.619093
-0.727448
-0.727448
-0.727448
-1.86312
-3.09873
-3.18911
-0.812526
-0.812526
-0.602623
-1.0399
-3.05621
-3.45061
-3.45061
-3.45061
-2.24295
-2.24295
-2.24295
-2.24295
-2.24295
0.13586
2.10964
2.10964
2.10964
2.10964
2.10964
3.04218
0.843059
-1.06377
-2.01821
-2.01821
-2.01821
-4.47678
-4.47678
-6.42903
-7.17265
-4.97477
-7.38075
-5.45012
-7.17399
-4.77942
-5.67601
-4.40456
-3.01415
-3.10386
-3.10386
-2.04982
-2.04982
-2.04982
-0.23724
-0.23724
-0.262032
-0.262032
1.75805
1.75805
1.75805
0.70359
1.1388
-1.10609
-1.10609
-1.10609
-1.10609
-2.38912
-2.38912
-2.38912
-2.38912
-2.38912
-2.38912
-2.38912
-2.38912
-2.38912
-2.76771
-2.59987
-0.634789
-0.634789
1.78755
1.78755
0.569549
0.569549
0.569549
0.843454
1.67011
3.59305
3.59305
3.41746
4.54321
4.54321
4.54321
2.27457
2.27457
3.28886
3.28886
4.25611
2.51005
1.44366
0.668004
0.668004
0.64103
0.64103
0.64103
-1.69834
-1.69834
0.940659
0.940659
0.940659
0.940659
0.940659
-0.68603
-0.97483
-0.97483
1.09224
2.91169
2.91169
2.91169
2.20189
2.20189
2.60157
0.811836
0.811836
0.395995
-2.30113
-0.518485
-0.518485
0.281109
0.281109
1.10404
0.0894932
0.0894932
0.467342
-0.438588
-0.228426
-0.228426
0.833868
0.833868
0.833868
0.833868
-0.946828
0.462388
0.365162
0.365162
0.365162
0.729163
-1.04507
0.390699
0.390699
0.390699
-0.181115
2.19457
1.19684
0.0177844
-0.375977
-0.375977
1.93255
1.93255
1.15731
1.15731
1.51484
1.51484
-0.267103
-0.267103
-0.267103
-1.52375
-3.73222
-3.73222
-1.61253
-1.61253
-1.61253
-3.02512
-0.503512
-2.54151
-1.53659
-1.53659
-1.17655
-3.57687
-2.60782
-2.03632
-2.03632
-1.79721
-0.406639
-0.406639
-0.406639
-0.406639
-0.406639
-0.406639
-0.406639
-0.406639
-0.406639
-0.406639
-0.406639
-0.406639
-0.406639
2.14947
2.14947
2.14947
2.14947
1.68577
0.376513
0.596461
0.596461
2.31508
2.31508
2.31508
-0.315665
-0.315665
1.18615
1.18615
1.18615
0.293481
1.78167
-0.497966
-0.226379
-0.226379
-0.226379
-0.226379
-0.226379
-0.226379
-0.226379
-0.226379
-0.809112
-0.809112
-0.809112
-0.809112
-0.809112
-1.68631
-1.68631
-3.82166
-1.70184
0.740595
1.01744
1.01744
1.01744
1.01744
1.01744
1.01744
0.609857
-1.93439
-4.08244
-4.08244
-4.08244
-3.08051
-3.08051
-3.08051
-3.08051
-3.15179
-0.488712
-0.488712
-0.488712
1.00288
1.00288
1.00288
1.00288
-1.54885
1.09338
1.09338
1.09338
1.09338
-0.863741
-0.515175
2.15109
2.15109
1.42883
1.42883
1.42883
1.42883
1.42883
-0.123601
1.543
1.543
1.543
2.08539
2.95045
0.547167
-1.00707
-1.00707
-2.34579
0.330034
0.330034
0.330034
0.330034
0.750201
0.750201
2.33501
-0.102761
-0.102761
2.09823
0.648925
3.27069
1.49786
3.07812
3.07812
3.07812
3.07812
1.33794
2.10587
-0.486617
-0.268453
-0.268453
1.24552
3.57382
3.42955
2.62691
1.3608
1.3608
3.04285
3.04285
3.05874
4.01278
4.01278
3.66844
3.66844
3.66844
3.66844
3.66844
3.79375
3.79375
3.79375
1.91718
3.82979
3.82979
3.82979
3.82979
3.82979
3.82979
3.82979
3.09592
1.70314
-0.255125
1.9079
2.97533
3.49644
5.98236
5.98236
3.57926
3.57926
3.57926
3.57926
3.57926
3.57926
3.57926
3.57926
3.20489
2.89429
1.14665
1.19088
1.19088
-0.6527
-2.23158
-1.42337
-1.42337
-3.91014
-2.33675
-2.9102
-2.9102
-0.615744
-2.00576
-3.27462
-3.03356
-3.03356
-1.68176
-1.68176
-1.68176
-1.68176
-0.443844
-0.846489
1.60155
1.60155
1.83572
1.83572
0.818932
0.818932
1.30468
1.30468
-1.26749
-1.26749
0.792551
0.792551
0.792551
0.792551
0.767787
0.767787
-0.783287
-3.18285
-3.18285
-1.50578
-0.0620928
1.28729
1.28729
1.28729
1.28729
1.28729
-0.5538
1.28178
1.28178
1.28178
1.28178
1.28178
-0.927548
-0.927548
-2.83563
-0.258118
1.73951
1.73951
1.73951
2.39063
2.55605
2.55605
2.55605
2.55605
2.67431
3.84829
1.89854
1.88905
3.26841
1.38821
1.38821
1.38821
1.38821
-1.02427
-0.129638
-0.50115
-2.57365
0.0169437
0.786205
0.0989223
0.0989223
0.0989223
0.0989223
0.0989223
0.0989223
0.0989223
0.0989223
0.0989223
0.0989223
0.0989223
-0.862374
1.26734
1.26734
3.69074
4.80006
4.80006
4.43068
4.43068
3.90155
1.31613
0.411105
1.73201
0.208598
2.23034
1.42432
-0.827567
-0.827567
-0.827567
-0.374055
-0.393248
-0.524411
-0.524411
-0.524411
-1.71543
0.894909
-1.47254
0.869989
-1.21797
1.15026
3.22012
0.951782
0.951782
0.951782
0.62715
0.680373
0.680373
0.680373
0.680373
0.680373
0.680373
0.900138
0.900138
0.900138
-0.834455
1.79537
-0.0449429
-1.17348
-1.33467
0.674886
3.33491
2.21221
3.19614
3.19614
1.12607
1.62026
1.62026
1.62026
0.16387
0.16387
0.16387
1.67664
0.982061
-0.796576
-0.796576
-0.796576
-3.11184
-1.08045
-1.08045
-1.08045
-1.08045
0.926928
-0.523369
-1.34041
-1.34041
-1.34041
-1.34041
0.573889
-2.0481
-1.69284
-1.69284
-1.08745
-1.08745
0.283463
1.1848
0.497599
-1.89664
0.0583815
1.83174
1.83174
1.83174
1.83174
0.169114
0.169114
0.323656
-0.641647
-3.24522
-3.24522
-0.965199
-0.965199
-0.965199
1.14424
-0.988299
-1.58322
-3.7778
-2.98134
-2.98134
-5.39248
-3.98901
-1.44171
0.797495
0.797495
1.08165
1.08165
1.08165
1.53981
1.53981
1.53981
0.427618
0.427618
0.427618
0.427618
-0.0473713
0.7896
2.52792
0.0908799
0.0908799
-0.453529
-0.453529
-0.453529
-0.453529
-2.67931
-2.67931
-4.89621
-4.89621
-4.89621
-4.89621
-2.58593
-0.0864528
-0.0864528
-0.0864528
2.44454
2.44454
0.473515
-0.835114
-1.70264
-1.2781
0.284583
1.8036
1.8036
0.00295411
0.00295411
2.48383
3.96406
4.65569
4.65569
4.65569
2.46813
2.46813
2.46813
0.594465
0.594465
0.594465
0.594465
0.594465
0.594465
0.594465
0.594465
1.478
2.31488
-0.135475
-0.135475
-0.370616
-0.370616
-0.584631
-0.584631
-0.584631
1.87216
1.87216
0.459018
-0.769057
0.941095
0.941095
0.941095
-0.430351
-0.430351
1.76848
1.76848
0.394401
-2.13231
-2.13231
0.559864
0.559864
-0.772956
-3.0087
-4.8481
-4.8481
-4.8481
-3.55774
-3.55774
-3.182
-2.62982
-4.61572
-3.14148
-4.63486
-6.83171
-6.53229
-3.90204
-4.55488
-4.55488
-2.64589
-2.64589
-2.64589
-3.84481
-1.55702
-1.55702
0.255556
0.255556
-1.09836
-3.23876
-3.23876
-0.95517
1.62294
2.12669
2.12669
2.12669
0.00768532
0.00768532
0.00768532
-0.626918
0.524724
0.524724
0.524724
0.841911
0.841911
0.841911
-0.924905
-0.924905
-0.924905
-0.924905
-0.924905
-0.924905
-0.924905
-0.924905
-0.924905
-2.19471
-2.30766
-2.77913
-2.77913
-2.77913
-1.45612
-1.45612
-1.45612
-1.45612
-1.45612
-1.99705
0.150416
0.150416
0.150416
0.150416
1.96628
1.96628
2.53997
2.53997
0.277222
0.277222
2.33721
-0.34028
-0.396259
-1.72095
-1.53178
-1.53178
-1.53178
-1.45046
-1.45046
-1.45046
-1.45046
-1.45046
-1.45046
-2.90435
-2.90435
-2.90435
-2.75911
-2.75911
-3.11658
-3.58374
-3.24854
-3.24854
-3.24854
-3.24854
-3.26657
-3.94732
-3.39697
-3.39697
-3.04447
-3.04447
-3.04447
-4.54302
-4.54302
-3.92289
-4.63184
-4.83648
-2.39149
-2.39149
-2.39149
-2.39149
-2.39149
-1.9379
-1.9379
-1.88444
-3.2037
-2.42134
-1.33102
-1.33102
-1.33102
-1.96281
-1.96281
-1.96281
-1.96281
-1.96281
-3.85349
-1.50142
-0.933034
-0.933034
0.464395
0.464395
0.464395
1.47355
0.0414536
-0.48691
-0.48691
-2.10954
-3.89412
-3.89412
-3.91678
-1.75708
-1.75708
0.527632
0.527632
0.527632
-1.85184
-1.85184
-1.85184
-1.85184
-1.85184
-1.85184
-1.85184
-1.85184
-1.85184
-1.85184
-3.23015
-3.23015
-3.23015
-1.60043
0.416899
0.416899
0.416899
1.08273
1.08273
1.08273
1.08273
1.08273
1.08273
-0.548633
-0.548633
-0.548633
-0.548633
-0.548633
-0.548633
-0.548633
-0.548633
-2.92585
-1.25335
-1.25335
-3.32011
-3.32011
-2.70241
-2.595
-2.595
-4.89716
-6.24646
-6.24646
-3.69452
-3.69452
-3.87164
-2.19021
-2.19021
-2.19021
-2.01008
-2.01008
-0.420585
-0.420585
-0.420585
-0.420585
-0.420585
-0.164323
-0.164323
-0.963204
-0.963204
-0.963204
1.25011
1.25011
1.25011
-0.639179
-0.639179
-0.639179
-0.461691
-0.461691
0.201304
0.811017
0.811017
1.67167
-0.627625
-0.627625
0.158082
0.158082
0.158082
0.158082
0.158082
0.158082
0.158082
2.36868
2.36868
0.960086
0.960086
-0.102858
0.1864
1.45076
-0.922697
-2.24285
-0.566412
-0.915551
-0.915551
-0.915551
-0.910608
-0.910608
-0.910608
-0.910608
-0.910608
-0.777872
-1.21868
1.26142
1.26142
1.26142
-1.01706
-0.875209
-0.875209
1.58621
1.58621
1.58621
3.2531
0.648987
2.90333
2.90333
2.90333
2.46072
2.46072
2.46072
0.345065
0.345065
-1.53943
-3.37604
-3.13527
-3.40847
-2.01953
-2.01953
-2.01953
-2.01953
-0.771245
-1.10788
-1.10788
-1.10788
-1.10788
-1.10788
1.0142
1.32229
1.32229
2.843
2.28119
1.14687
0.767473
-0.128359
1.96757
1.96757
1.96757
-0.222959
-2.86995
-2.86995
-2.86995
-1.69406
-1.69406
-0.400891
-0.400891
-0.400891
-1.60351
-1.60351
-1.60351
-0.456488
-0.456488
1.33967
0.177067
0.177067
-0.472
-0.472
-0.472
0.41567
0.644942
0.644942
0.644942
0.644942
0.644942
0.644942
0.644942
-0.471557
-1.17926
0.491053
2.752
2.752
0.492863
2.32351
4.67175
4.67175
4.67175
2.56214
1.61569
1.61569
1.61569
1.61569
1.61569
1.61569
1.61569
1.61569
-0.252958
1.73172
-0.900863
-0.900863
-3.32323
-3.32323
-4.94969
-4.94969
-4.94969
-3.59686
-4.05842
-4.05842
-3.03215
-2.08153
-2.08153
-2.08153
0.298322
0.298322
0.298322
0.298322
-0.436078
0.817711
0.820221
1.973
1.973
1.29926
1.29926
1.29926
1.29926
1.29926
1.22185
3.28814
3.28814
0.719856
2.10896
2.0427
2.0427
0.630678
-0.307942
-2.76586
-2.76586
-1.59698
-1.59698
-1.59698
-1.59698
0.00753438
1.26035
1.26035
2.50381
2.59599
2.59599
2.59599
2.59599
2.59599
2.59599
4.54473
4.54473
4.54473
4.54473
2.60216
5.24196
5.24196
3.96679
3.14927
1.52111
0.0817565
-0.489515
-0.489515
-0.489515
-0.489515
1.69531
1.69531
0.718878
0.718878
0.718878
0.718878
0.718878
2.58234
0.463954
0.463954
-1.97763
-1.97763
-2.55747
-1.12225
-1.12225
-1.12225
-2.58783
0.0636145
-0.0825398
-0.0825398
-0.0825398
-0.864179
-0.830721
-0.434194
-1.80493
-1.19055
-1.19055
-1.19055
0.191653
-1.64911
-2.48085
-2.48085
-2.22335
0.20873
-1.46487
-1.46487
-1.79756
0.376832
1.73363
1.73363
3.04954
3.04954
2.43072
2.43072
4.8092
4.8092
4.8092
2.69273
1.29979
0.750336
0.750336
1.57822
1.57822
0.814337
0.814337
0.409147
0.409147
0.409147
0.409147
1.57292
1.57292
3.55841
3.55841
3.55841
3.55841
3.35725
5.46985
7.76198
5.40058
5.19676
3.00526
3.24522
0.833511
0.833511
0.833511
0.478249
-0.482746
-0.177523
-2.25503
-1.63746
-1.63746
-1.63746
-1.63746
-1.63746
-1.95291
-1.95291
-1.95291
-1.95291
-1.95291
-0.267379
1.88012
-0.574123
-0.574123
1.24586
-0.975369
-2.92966
-2.05845
-2.05845
-1.06739
-1.06739
-2.62691
-0.40028
-2.67177
-1.52208
-0.250441
2.18681
2.18681
1.18487
1.65199
1.65199
1.65199
1.65199
1.65199
3.06583
3.06583
3.06583
3.06583
3.06583
1.19632
2.44853
1.83101
1.83101
2.28507
2.28507
0.516289
0.516289
0.516289
0.516289
0.331668
0.331668
0.0846003
0.0846003
2.38422
-0.107362
-1.22869
-3.01834
-2.25231
-2.25231
-2.25231
-2.93922
-4.17092
-4.17092
-4.17092
-5.62779
-4.88956
-4.88956
-4.88956
-4.88956
-4.88956
-4.88956
-2.46924
-0.324312
-1.3986
-1.3986
-1.3986
0.579288
0.579288
0.543971
0.543971
0.460292
0.460292
-0.0456644
-0.0456644
-0.0456644
0.74519
0.74519
0.74519
1.097
3.47772
3.47772
0.805824
-0.252999
-0.252999
0.222025
0.222025
0.222025
0.36133
2.00297
1.29366
2.64845
2.64845
2.64845
2.64845
0.195268
0.195268
-2.14983
-2.14983
-2.14983
-1.02786
-0.556944
0.822843
0.822843
-1.65143
-2.44679
-2.2133
-2.2133
-1.68423
-2.11118
-2.10275
-0.547905
-0.547905
-0.547905
-0.547905
-2.28264
-2.28264
-2.28264
-3.093
-3.093
-0.987897
-0.987897
-0.972789
-0.538442
-0.538442
-0.538442
-1.05003
-1.05003
-2.97363
-2.97363
-0.607685
-2.39597
-2.24621
-0.117898
0.635303
0.635303
0.635303
1.34139
1.34139
1.34139
-0.729499
0.391406
-0.0299312
-0.0299312
-1.26874
1.3955
1.3955
-1.06868
-0.302816
-0.336914
-0.433475
1.58928
0.480806
0.480806
0.480806
-0.998141
-0.998141
0.114227
0.114227
-2.19292
-2.19292
-1.34871
-1.34871
-1.34871
-4.00413
-2.35291
-2.35291
-2.66587
-2.66587
-2.66587
-0.178949
-0.178949
-0.178949
1.53249
1.53249
2.6671
1.76251
1.76251
3.09587
1.13545
1.13545
2.106
2.106
0.878306
0.878306
0.878306
0.878306
0.878306
-0.761228
-0.761228
-0.761228
0.465686
2.10877
2.10877
2.10877
2.09571
2.09571
2.09571
2.09571
0.949872
0.949872
0.949872
0.244692
-1.09955
0.61326
-1.89966
-1.89966
-1.89966
-1.89966
-1.89966
-2.49693
-3.57083
-3.57083
-1.12005
-1.12005
-1.12005
-1.12005
-2.79781
-0.313399
-0.313399
-0.313399
-1.23338
-1.23338
-0.664768
-0.664768
-0.664768
-0.656809
-0.656809
-0.656809
-0.0262853
-0.0262853
1.42197
1.42197
1.42197
1.42197
1.42197
1.42197
1.3385
1.3385
-1.23431
-1.23431
-1.23431
0.746636
0.746636
-1.37726
-1.37726
-1.18317
-1.18317
-1.18317
-1.18317
-1.18317
0.914706
0.914706
1.23442
-0.604973
1.07483
-1.49809
-3.51278
-3.51278
-3.03603
-3.03603
-3.84426
-1.29284
-1.29284
-1.29284
-1.29284
-1.29284
-1.41655
-1.41655
-1.41655
-3.92289
-3.71894
-1.24888
0.417289
0.417289
0.417289
0.417289
0.523721
1.76878
0.314646
0.314646
0.314646
0.314646
0.314646
0.74404
0.74404
1.19026
1.19026
1.19026
1.19026
1.19026
3.47593
3.47593
3.47593
3.47593
3.47593
3.99288
3.99288
3.99288
3.99288
2.78645
2.78645
2.78645
4.16931
2.18397
2.17265
2.60498
2.60498
2.60498
2.60498
4.95739
4.13778
3.10118
3.28325
3.28325
2.34216
2.23107
1.66077
-0.34289
1.47507
2.63768
4.28077
5.23212
5.74237
5.10383
3.22773
0.890468
2.32918
3.96835
3.96835
4.87626
3.55469
5.01389
3.591
1.57135
1.57135
2.5184
2.38603
2.70743
2.70743
4.54096
2.22665
2.22665
2.22665
2.22665
2.22665
2.22665
2.22665
4.34042
4.89987
4.89987
2.81973
2.81973
0.980209
-1.02104
0.641381
0.641381
0.641381
0.641381
-1.72519
-1.72519
0.912601
0.103981
0.825067
0.825067
-1.45945
-0.225793
-0.225793
-0.225793
-1.91449
-0.58003
0.0496476
0.0496476
2.40373
2.64757
4.53171
4.53171
5.20449
3.84167
3.84167
3.84167
6.09785
6.09785
5.76709
7.76756
5.56378
5.56378
5.21333
4.42559
3.31846
2.05193
1.26789
1.26789
3.86773
2.11949
0.297041
0.297041
1.24218
1.24218
1.24218
3.48116
3.40963
3.40963
4.67795
5.15016
5.15016
5.15016
4.35016
5.61379
5.61379
6.25129
6.25129
5.20742
4.38819
1.92012
-0.676846
-0.676846
0.67223
1.08964
1.41877
1.41877
1.41877
1.41877
-1.26828
0.855545
0.855545
0.855545
0.855545
-1.5293
-0.364777
-0.364777
0.673934
2.03358
-0.0299046
1.34813
-0.549651
-0.396895
-0.396895
-0.396895
-0.396895
-2.15876
-2.15876
-2.15876
-2.15876
-2.15876
-2.15876
-2.15876
-2.15876
-2.15876
0.291645
0.291645
0.291645
0.291645
0.291645
0.291645
0.291645
0.291645
2.70169
0.589298
0.589298
2.40891
2.40891
1.18743
-0.217937
-0.563603
0.270325
-0.257339
-0.257339
-1.63532
-1.63532
-1.63532
-2.23096
-2.23096
-1.43746
-0.223971
-0.223971
0.228284
0.228284
0.228284
0.228284
0.228284
0.228284
0.228284
0.228284
1.57916
1.57916
1.57916
-0.605914
-0.605914
-0.605914
-0.605914
-2.32023
-3.83753
-3.83753
-3.83753
-3.83753
-4.99123
-3.5478
-2.40007
-2.03742
-1.21607
-0.0972932
0.633918
0.633918
0.633918
0.633918
0.633918
0.633918
0.633918
0.633918
0.633918
0.633918
0.633918
0.633918
0.633918
0.633918
0.633918
0.633918
-0.703241
-0.703241
-0.179294
-1.94216
0.290821
1.90562
1.85998
1.85998
3.03018
5.43966
4.63011
4.63011
4.30686
4.30686
4.30686
3.26329
3.26329
3.78483
2.87678
2.87678
0.641806
0.641806
0.641806
-0.958814
-0.579559
-0.892455
-0.819551
-0.819551
-1.24453
-1.62039
-3.70426
-1.89956
-1.89956
-0.494961
-0.494961
-0.989318
1.36631
2.25014
2.25014
-0.398606
-0.398606
0.155139
-1.1834
