0
0.348185
0.348185
2.53816
5.08953
4.18488
6.4766
4.40178
4.40178
4.40178
4.14035
4.12277
4.12277
4.12277
4.12277
4.12277
4.12277
2.83363
2.83363
2.83363
2.83363
2.83363
2.83363
2.83363
2.83363
1.97127
1.97127
1.97127
1.97127
1.1983
0.930534
2.41977
2.41977
2.41977
2.41977
5.0765
5.0765
5.0765
2.51627
2.51627
2.51627
2.51627
3.31071
1.04331
1.04331
-0.567375
1.55933
2.47486
2.47486
1.66921
1.66921
3.55268
5.81438
4.85914
4.85914
3.6674
3.72989
6.25463
4.8277
4.8277
3.86683
3.86683
3.20578
3.20578
3.20578
3.47956
3.47956
1.34461
3.04618
3.04618
4.44771
4.44771
2.40771
2.40771
2.40771
2.40771
1.69337
1.27376
1.13
3.3265
3.3265
3.3265
5.70396
4.56639
4.56639
1.93047
1.93047
1.93047
1.93047
1.93047
1.93047
1.93047
1.93047
1.93047
1.93047
1.93047
1.93047
1.93047
1.93047
1.93047
1.93047
1.93047
1.93047
0.617819
0.617819
0.617819
0.440156
1.37224
2.20101
2.20101
2.20101
4.16393
4.16393
3.68731
3.68731
3.68731
3.68731
3.68731
2.00668
3.50951
3.66527
3.66527
4.89702
4.89702
3.12786
1.79408
1.79408
1.79408
1.79408
1.28678
2.45541
3.47913
5.18301
3.13255
3.13255
3.13255
3.13255
3.13255
4.56544
4.56544
5.51479
4.0985
4.0985
2.90867
2.40446
2.40446
2.40446
2.40446
1.20704
2.2514
2.16928
2.16928
3.82999
1.5636
2.32955
4.29451
4.29451
3.71995
1.58025
1.58025
1.58025
-0.50408
-0.50408
-0.50408
-0.43801
1.92286
3.78875
3.78875
1.31832
1.31832
3.73941
1.50503
1.50503
1.50503
1.57116
-1.12246
-1.12246
-3.06151
-3.06151
-3.06151
-3.06151
-5.54134
-5.54134
-5.54134
-5.72082
-5.72082
-5.72082
-6.44147
-8.77614
-9.08398
-7.99113
-7.32434
-5.22131
-4.19142
-4.19142
-5.39876
-5.39876
-5.40669
-3.21153
-3.58732
-4.71793
-4.71793
-5.24383
-6.17216
-6.27509
-6.41859
-4.83866
-3.10557
-1.18122
-1.18122
-1.18122
-3.32559
-3.32559
-3.32559
-3.32559
-4.61108
-4.61108
-4.61108
-4.63856
-4.63856
-2.6007
-3.34637
-3.44614
-3.44614
-3.44614
-3.73665
-4.38778
-4.38778
-1.8349
-2.4277
-0.467914
1.50814
1.59586
2.73557
2.73557
3.39062
3.39062
3.39062
3.39062
3.39062
3.39062
2.71672
2.71672
2.71672
2.71672
3.02239
3.02239
3.02239
3.02239
3.02239
3.3883
3.3883
1.81045
3.66626
5.28508
4.07253
4.57632
2.90532
2.90532
2.90532
2.90532
2.99572
4.85214
2.78881
2.78881
2.78881
2.78881
2.78881
1.83359
3.36202
2.7276
3.78783
2.74589
2.74589
2.74589
2.74589
4.00792
5.69643
5.69643
3.85411
1.31794
3.33478
1.34221
2.78056
0.92936
2.49581
2.49581
2.49581
2.49581
2.49581
2.49581
2.49581
1.33527
1.98995
1.98995
3.64523
6.07186
4.48294
4.64721
4.2415
4.2415
2.50579
2.34293
3.68754
5.10723
2.73734
1.14973
1.14973
1.14973
-0.62378
-2.33566
-2.33566
-4.15344
-4.15344
-2.09605
-2.09605
-3.89768
-3.89768
-3.1717
-3.1717
-5.27715
-5.09156
-5.09156
-5.09156
-2.63502
-4.14895
-2.61486
-2.61486
-2.61486
-3.57592
-4.28096
-2.97182
-4.47893
-4.55062
-4.55062
-2.25407
-2.25407
-3.50324
-3.50324
-3.50324
-3.42641
-3.42641
-3.42641
-2.85035
-5.25331
-4.87987
-2.37427
-0.920773
-2.97811
-2.97811
-2.13186
-2.13186
-2.13186
-2.13186
-2.13186
-2.13186
-2.13186
-2.13186
-2.13186
-3.28923
-3.28923
-3.28923
-3.39704
-1.23548
-1.23548
-1.23548
-1.23548
1.43132
-0.906413
-0.906413
-0.906413
0.706068
-1.94924
-1.94924
-1.94924
-1.94924
-3.05528
-1.42293
-1.42293
-3.87632
-6.03861
-4.31171
-4.31171
-4.31171
-5.58341
-5.58341
-6.56218
-8.02475
-6.15823
-6.15823
-6.15823
-8.27599
-8.27599
-8.27599
-5.62653
-5.62653
-4.14933
-2.67697
-3.06377
-4.36176
-4.36176
-5.35496
-2.66224
-4.53368
-4.53368
-4.10156
-4.10156
-1.56002
-1.56002
-1.56002
-2.31766
-2.31766
-2.31766
-2.31766
-2.31766
-2.31766
-2.31766
-2.31766
-2.31766
-2.31766
-4.59922
-4.59922
-6.90726
-5.35537
-4.48071
-4.11656
-4.11656
-4.11656
-4.11656
-3.0869
-5.1655
-5.43026
-5.43026
-5.43026
-3.6327
-3.50031
-1.45413
-1.45413
-1.45413
-3.10593
-3.10593
-3.10593
-3.10593
-3.10593
-1.27815
-1.73835
-1.73835
-1.73835
-1.73835
-1.73835
-1.73835
-4.10095
-4.10095
-4.10095
-3.95777
-4.35341
-4.19301
-4.13806
-4.88913
-5.34222
-7.96463
-8.94575
-8.94575
-9.28439
-8.88624
-8.88624
-7.03948
-6.62839
-4.21101
-4.21101
-4.47671
-2.19307
-2.19307
-2.37787
-2.37787
-2.37787
-2.37787
-2.37787
-2.37787
-2.37787
-2.37787
-2.37787
-3.38556
-2.31727
-2.31727
-0.891537
1.2068
3.89569
3.89569
3.89569
6.57879
7.59046
7.59046
7.49106
4.7982
4.7982
4.7982
6.21952
4.09164
4.47972
4.47972
4.47972
5.53837
5.53837
5.53837
5.53837
6.07555
6.07555
6.07555
6.07555
6.00695
6.00695
6.28876
5.43062
5.03644
5.03644
2.52896
4.42257
2.55252
1.39548
3.93686
3.93686
3.93686
3.93686
4.54016
4.36303
6.34297
6.74536
5.79967
8.48755
8.48755
8.48755
7.69209
7.69209
7.69209
8.27585
9.05784
9.05784
7.22514
7.88289
7.88289
7.88289
7.88289
6.39491
6.39491
4.29015
4.6916
4.6916
4.98136
3.24951
3.41761
3.41761
3.41761
4.7863
2.99957
2.99957
2.05112
2.05112
2.05112
2.05112
2.05112
4.19538
2.72217
2.72217
2.38648
2.38648
2.38648
4.15992
2.95984
4.24785
2.58447
4.18339
4.18339
4.18339
4.18339
4.18339
4.18339
2.7623
2.7623
2.7623
2.7623
2.7623
3.9182
4.79148
4.79148
5.4178
5.4178
5.4178
5.51289
3.02503
1.11922
1.79145
1.79145
1.79145
1.79145
4.00958
2.67247
2.18032
2.18032
2.18032
2.18032
2.18032
3.61145
3.61145
3.94618
3.94618
3.94618
3.91222
2.19671
2.19671
2.19671
0.60769
2.99665
2.99665
2.94394
2.94394
1.98881
1.98881
4.17281
4.17281
4.17281
4.17281
4.17281
6.41139
6.41139
8.56492
8.56492
8.56492
9.33451
7.78116
6.59601
6.59601
5.50329
4.41389
4.41389
4.41389
6.47879
6.47879
6.47879
8.11505
5.4504
6.97786
5.49795
5.49795
6.82372
6.83009
5.25041
2.81267
4.3896
4.3896
2.74847
2.74847
5.12628
2.47905
4.2421
3.72964
3.9785
2.64846
2.64846
2.64846
3.36627
4.63957
3.58273
1.62285
1.62285
1.62285
3.26126
1.86089
2.50197
2.68949
2.68949
2.68949
2.68949
4.64284
5.65901
3.05739
3.05739
2.39788
2.39788
2.39788
2.39788
4.67403
4.67403
4.67403
4.67403
4.73518
4.73518
4.84672
4.84672
4.84672
2.17705
3.20733
3.20733
1.62913
1.26694
1.26694
3.54356
3.36482
1.59137
3.26885
3.26885
2.53719
1.85795
1.85795
2.34358
3.04079
3.04079
4.63276
2.75347
2.75347
2.75347
2.75347
2.75347
2.75347
2.10265
2.10265
2.10265
2.74514
2.74514
2.74514
1.18169
3.68113
3.68113
3.68113
3.68113
5.16081
5.16081
2.85323
2.85323
2.13376
3.28383
1.21775
1.21775
-1.23631
-1.83987
-2.27204
-4.01843
-4.01843
-2.73863
-3.59825
-1.96656
-1.96656
-1.96656
-4.5286
-4.73105
-4.89218
-4.89218
-4.50771
-4.50771
-4.50771
-4.50771
-3.30551
-3.30551
-3.00987
-3.00987
-3.00987
-2.13755
-2.13755
-2.13755
-2.13755
-2.13755
-2.13755
-2.13755
-1.23431
-3.40024
-3.40024
-2.4701
-2.4701
-2.4701
-2.4701
-2.75283
-2.75283
-2.75283
-3.41404
-3.41404
-2.38088
-4.41731
-4.41731
-4.41731
-4.00234
-2.99164
-4.32064
-4.18469
-4.18469
-4.18469
-5.27768
-6.31527
-6.49783
-6.23278
-5.93014
-5.93014
-5.93014
-5.93014
-7.36546
-7.36546
-7.36546
-7.19703
-5.48019
-5.48019
-6.25084
-6.25084
-6.25084
-4.94404
-3.19205
-3.19205
-3.19205
-3.19205
-3.81278
-4.12683
-4.12683
-4.12683
-4.12683
-4.12683
-5.50708
-4.33815
-3.07816
-3.07816
-3.07816
-5.74227
-3.60342
-3.60342
-3.60342
-5.54625
-3.15897
-3.15897
-4.54643
-2.72817
-1.53104
-1.53104
-1.53104
-2.62947
-0.2556
-1.48518
-1.48518
-3.87353
-3.87353
-3.87353
-3.87353
-3.87353
-3.87353
-2.85865
-3.94342
-3.94342
-3.94342
-3.94342
-3.94342
-5.04066
-5.04066
-3.02582
-3.02582
-3.3963
-3.3963
-5.79349
-5.79349
-4.6453
-4.6453
-4.6453
-6.66159
-6.38748
-6.38748
-4.43531
-6.24417
-3.61445
-2.638
-2.638
-5.31108
-5.09071
-5.09071
-6.96457
-4.3045
-4.16996
-4.16996
-4.67363
-4.67363
-2.65946
-2.65946
-4.35065
-4.35065
-4.99809
-2.77797
-2.77797
-2.77797
-4.0849
-4.0849
-3.1806
-3.1806
-5.27535
-5.27535
-5.84928
-4.77848
-4.77848
-4.77848
-4.77848
-4.77848
-5.64379
-3.8313
-3.8313
-3.8313
-3.8313
-1.13873
1.43397
3.1991
3.1991
4.49968
4.49968
1.86345
3.75729
1.29573
1.29573
1.29573
1.29573
1.29573
1.29573
2.91323
2.91323
5.56037
4.81649
4.81649
6.763
6.763
5.55432
5.55432
4.03311
4.03311
4.03311
4.03311
4.03311
4.03311
1.80172
1.80172
1.80172
3.17784
3.17784
5.67806
5.67806
5.67806
3.84078
5.39352
5.57657
7.00616
5.49777
5.49777
2.94236
1.7591
1.7591
1.7591
1.12203
3.42841
0.933247
3.31506
2.96808
2.96808
2.96808
3.8102
2.24479
2.24479
2.15531
2.15531
2.15531
2.15531
2.15531
2.15531
2.15531
2.15531
4.50399
4.50399
4.50399
4.50399
4.54345
6.8042
9.18698
8.34087
8.38565
8.38565
8.38565
8.38565
8.04482
5.78755
5.78755
4.54604
4.54604
6.56068
8.37454
6.07908
3.66076
3.66076
2.33746
2.33746
3.82656
3.82656
5.49044
5.49044
5.49044
5.49044
5.49044
3.37787
3.37787
3.37787
3.37787
3.14766
2.7715
2.7715
0.817401
1.79462
1.79462
1.79462
1.79462
1.79462
1.79462
1.79462
1.79462
2.38357
2.38357
3.89253
1.47546
1.47546
3.46256
4.03745
2.72896
2.72896
2.72896
2.72896
2.71247
2.71247
2.71247
2.71247
2.71247
2.71247
2.71247
2.71247
2.27326
2.27326
1.27719
1.27719
1.27719
1.27719
1.27719
3.53609
3.53609
3.53609
3.53609
3.53609
1.28852
1.81047
-0.813734
0.64869
0.64869
0.64869
0.64869
2.93705
1.4261
4.0045
2.91677
3.31233
3.31233
3.31233
3.31233
3.31233
5.97646
4.03278
4.03278
4.4014
4.4014
4.4014
3.1528
3.1528
3.1528
4.64333
4.16844
4.16844
6.42132
6.42132
4.37284
4.37284
4.37284
2.26222
1.89149
1.89149
1.89149
1.89149
-0.757817
-2.82515
-2.82515
-4.38426
-3.46311
-3.6485
-1.52675
0.856587
2.07539
2.07539
2.07539
2.07539
4.56528
2.27725
2.27725
2.27725
3.58004
3.58004
1.60743
3.76268
2.94495
1.17986
-1.44626
-1.82355
-3.01447
-3.01447
-3.01447
-3.01447
-3.57511
-1.11276
-1.11276
0.629704
0.940116
3.54993
1.30736
1.30736
1.30736
1.30736
1.30736
2.80199
2.80199
2.80199
2.80199
2.98819
2.98819
2.98819
2.98819
4.5531
4.5531
2.7523
1.97716
1.97716
1.97716
1.97716
1.97716
1.97716
1.97716
3.85277
3.247
3.58417
3.58417
1.78405
-0.7349
-1.6941
-1.6941
-1.6941
-1.6941
-1.6941
-1.6941
-1.6941
-1.6941
-1.6941
-1.6941
-1.6941
-1.6941
-1.6941
-1.6941
-1.6941
-3.46534
-3.74611
-3.74611
-1.86855
-3.57352
-3.57352
-2.1561
-2.10146
-2.10146
-3.62522
-3.62522
-3.62535
-4.76536
-4.76536
-4.76536
-2.11281
-2.29977
-2.29977
-2.29977
-2.29977
-4.46053
-3.95077
-2.78634
-3.42856
-4.31503
-4.31503
-4.31503
-6.11721
-6.51771
-4.95851
-4.89328
-4.89328
-5.66971
-7.20643
-7.50669
-5.47818
-3.12746
-3.12746
-3.12746
-2.28757
-2.28757
-2.28757
-2.28757
-4.80682
-2.39471
-2.5554
-3.15204
-4.30997
-4.30997
-4.30997
-2.42494
-1.52368
-2.42419
-4.58448
-4.58448
-4.58448
-4.96525
-3.5436
-5.12836
-5.52715
-5.52715
-3.9808
-6.0415
-6.35996
-6.90814
-5.47191
-4.16899
-4.16899
-5.38637
-7.78597
-7.78597
-7.78597
-7.78597
-7.63703
-9.32259
-9.32259
-9.32259
-10.7129
-8.65857
-5.96176
-4.02005
-2.47734
-2.47734
-2.47734
-2.21901
-2.21901
-2.21901
-2.21901
-2.21901
-4.3542
-4.90711
-4.90711
-7.54336
-6.36212
-5.33686
-5.33686
-2.94287
-2.40983
-1.18281
1.39465
0.704639
0.704639
1.15092
2.8969
2.8969
1.44855
1.28007
1.51986
1.51986
3.96857
4.73546
5.79339
6.22054
6.22054
3.61931
2.24544
4.11728
2.91364
2.91364
2.91364
2.91364
2.91364
4.90215
4.90215
3.99863
1.81251
1.81251
1.81251
1.81251
1.81251
3.21177
2.33157
2.33157
2.33157
2.33157
2.33157
2.33157
4.08201
1.83921
1.83921
1.83921
1.83921
1.83921
1.83921
2.90211
2.90211
2.90211
2.90211
2.90211
3.45759
3.45759
1.67048
3.10941
1.83828
4.33082
4.33082
4.33082
4.33082
4.33082
4.33082
4.33082
5.17206
5.17206
3.27182
3.27182
3.27182
3.27182
2.26212
2.26212
2.26212
2.26212
2.26212
2.26212
0.454379
1.55259
1.55259
-1.03103
1.15834
1.15834
1.15834
1.20143
1.20143
1.20143
1.20143
1.20143
1.20143
1.20143
3.79151
3.79151
3.79151
3.79151
6.44563
6.26588
6.26588
6.26588
6.26588
6.22206
4.53801
3.30703
3.30703
1.57917
-0.883516
-2.91948
-2.91948
-1.65132
-1.65132
-3.14546
-5.73933
-3.18634
-4.81183
-4.81183
-3.1658
-2.26833
-4.4685
-3.89314
-1.50544
-1.50544
-1.50544
-3.40676
-3.40676
-3.40676
-3.40676
-1.71374
-3.25522
-3.25522
-3.25522
-2.25666
-2.25666
-3.32088
-1.62133
-1.62133
0.750039
1.13438
2.65148
2.1523
2.1523
3.32827
3.32827
3.32827
5.25348
5.25348
2.95247
2.95247
0.690905
1.48589
2.11271
2.11271
2.3314
2.3314
0.66729
0.66729
0.66729
0.473931
0.473931
2.52185
2.52185
2.52185
1.48031
1.48031
1.48031
1.48031
1.48031
1.48031
1.48031
1.48031
1.48031
1.48031
1.48031
1.48031
1.48031
1.48031
3.64902
5.87209
5.87209
4.24066
2.96276
5.51609
5.0593
5.0593
2.4465
2.4465
2.4465
2.4465
2.4465
2.4465
2.4465
2.4465
2.42544
2.42544
2.09638
3.51094
4.08154
4.08154
4.08154
1.52272
-0.280464
-0.920399
-0.920399
-0.920399
-0.911505
-1.91391
-3.91036
-3.91036
-3.91036
-4.08047
-4.08047
-2.80451
-2.80451
-0.932475
-3.23413
-3.23413
-3.37018
-2.99053
-4.21933
-2.36903
-2.36903
-4.26237
-4.26237
-4.26237
-1.84419
-3.24222
-5.41285
-6.25787
-5.03525
-5.44915
-5.44915
-2.86429
-5.55228
-5.55228
-3.88046
-3.88046
-3.88046
-1.8368
-1.8368
-1.8368
-1.8368
-1.8368
-1.8368
-3.74922
-3.34848
-3.34848
-3.34848
-3.76273
-3.76273
-1.35607
-2.25699
-3.29575
-3.29575
-3.29575
-3.29575
-0.618628
-0.618628
-0.618628
0.83459
0.83459
-1.37068
-1.37068
-1.37068
-3.99743
-3.99743
-3.99743
-3.99743
-5.67398
-5.67398
-3.56067
-5.7292
-5.7292
-6.93199
-4.66401
-5.38742
-3.01321
-3.01321
-1.9409
-4.04748
-6.62147
-6.62147
-6.62147
-6.62147
-4.05927
-2.47105
-2.47105
-2.22992
-2.22992
-2.22992
-2.22992
-3.27585
-1.95906
-1.95906
-1.95906
-3.32573
-3.32573
-3.32573
-3.32573
-3.32573
-4.45079
-4.35326
-2.16981
-2.16981
-1.81015
-2.74162
-2.74162
-2.74162
-2.74162
-4.31081
-4.31081
-4.31081
-4.31081
-4.25988
-4.25988
-4.38725
-3.17582
-5.81868
-6.78211
-4.91072
-4.91072
-4.91072
-4.91072
-6.30902
-4.02627
-4.02627
-5.46919
-5.46919
-6.0112
-6.0112
-4.58673
-3.71226
-4.67673
-3.55621
-3.16719
-3.25853
-2.06017
-2.06017
-1.36637
-1.14796
-2.66792
-2.96268
-2.96268
-4.27272
-4.27272
-2.05402
-2.05402
-2.05402
-4.1135
-1.75613
-1.75613
-1.75613
-1.75613
-1.75613
-1.75613
-2.48063
-2.48063
-0.994154
-2.85017
-1.08412
0.354456
-1.30506
-3.38678
-3.38678
-2.46953
-2.46953
-3.08195
-1.58437
-2.51473
-1.78988
-1.78988
-2.91331
-2.91331
-2.91331
-2.91331
-2.91331
-3.09479
-3.09479
-2.9943
-3.66812
-5.81408
-5.81408
-4.7885
-4.7885
-7.31573
-7.31573
-7.31573
-7.31573
-8.06955
-7.93194
-6.42215
-5.07368
-5.07368
-5.07368
-5.07368
-4.47392
-5.41068
-4.24814
-4.24814
-2.59562
-2.59562
-2.59562
-2.8486
-2.8486
-2.8486
-4.62156
-3.03324
-3.03324
-3.03324
-3.03324
-3.70795
-4.80233
-4.80233
-6.34784
-6.06056
-4.12526
-4.12526
-4.12526
-6.02741
-4.59664
-5.17369
-6.04223
-6.04223
-3.52098
-2.45711
-2.45711
-2.45711
-4.92139
-4.92139
-4.92139
-2.41279
-2.41279
-2.49816
-2.49816
-2.49816
-4.88882
-4.88882
-4.97728
-4.97728
-6.80555
-6.80555
-6.80555
-6.80555
-7.03979
-7.03979
-7.03979
-7.03979
-7.03979
-7.03979
-7.03979
-7.03979
-7.03979
-4.45208
-4.45208
-4.45208
-4.45208
-5.25048
-6.39102
-6.39102
-5.91513
-3.81912
-3.81912
-5.42897
-3.46402
-3.39733
-3.39733
-1.89343
-3.26269
-3.26269
-3.72931
-3.72931
-3.72931
-3.72931
-3.92994
-3.92994
-5.13739
-5.13739
-5.13739
-5.13739
-5.36718
-5.36718
-6.29856
-6.29856
-6.1097
-6.1097
-6.40202
-6.40202
-6.40202
-6.40202
-6.40202
-6.40202
-8.29828
-8.29828
-7.60988
-7.60988
-7.64257
-6.79689
-9.42406
-9.68229
-9.68229
-11.4859
-12.7332
-12.7332
-11.2815
-10.5659
-11.3194
-11.3194
-9.2023
-9.2023
-7.75732
-7.75732
-6.69087
-7.32371
-7.586
-6.53755
-6.53755
-7.37548
-4.84496
-5.33091
-5.33091
-4.03221
-4.03221
-6.47103
-4.40017
-4.40017
-2.91609
-2.91609
-2.36055
-3.56163
-3.56163
-3.56163
-3.56163
-2.48149
-3.80153
-3.80153
-1.3512
-1.3512
-1.3512
-3.43068
-3.43068
-3.43068
-1.46976
-3.35882
-3.09774
-3.09774
-4.20885
-4.20885
-4.51905
-7.10225
-7.10225
-7.10225
-7.10225
-5.6701
-4.8665
-4.8665
-3.11459
-3.11459
-3.11459
-0.897629
-0.897629
-1.07595
-1.07595
-1.93013
-3.05728
-3.05728
-3.33396
-5.11902
-3.47589
-4.03866
-4.03866
-4.03866
-6.70561
-6.70561
-6.70561
-6.70561
-8.40879
-6.26768
-6.60288
-5.14904
-4.77192
-6.8367
-6.8367
-6.8367
-6.22457
-4.39629
-4.39629
-4.39629
-4.39629
-4.39629
-4.39629
-4.39629
-4.39629
-4.39629
-5.9789
-5.05539
-5.05539
-5.05539
-4.41414
-4.41414
-4.88257
-7.28982
-6.45634
-4.51648
-2.56127
-3.12537
-2.43214
-3.84017
-2.26556
-2.26556
-1.72406
-1.72406
-1.72406
-4.06002
-4.06002
-4.06002
-4.14396
-5.20745
-3.95039
-3.95039
-3.95039
-4.9604
-3.50025
-3.50025
-5.14381
-3.73775
-3.73775
-3.3937
-3.3937
-2.15599
-2.15599
-2.89608
-3.57123
-3.57123
-3.57123
-1.49982
0.692048
-1.91553
-1.91553
-1.91553
-1.91553
-1.91553
-1.91553
-1.91553
-4.28697
-2.29277
-1.71681
-1.71681
-3.35029
-5.7184
-6.49709
-3.98683
-3.98683
-3.98683
-2.17307
-3.84986
-2.06347
-2.06347
-2.06347
-2.06347
-2.06347
-2.06347
-2.06347
-3.13453
-2.68859
-4.23692
-1.55816
-1.55816
-2.64885
-2.64885
-2.64885
-2.64885
-2.96424
-4.04458
-4.42583
-4.42583
-5.766
-6.74288
-4.61151
-4.61151
-4.10407
-4.10407
-4.03754
-4.03754
-6.55988
-4.45716
-7.09101
-7.09101
-8.96469
-7.2555
-4.78365
-3.20437
-3.20437
-3.20437
-4.71307
-4.71307
-2.76981
-2.76981
-2.76981
-0.554421
-0.554421
-0.554421
-2.79866
-2.79866
-2.79866
-2.79866
-2.79866
-2.66992
-3.47867
-3.44636
-3.98626
-6.58724
-7.86005
-7.86005
-6.99289
-4.69027
-5.17213
-4.03275
-4.03275
-4.03275
-4.03275
-4.03275
-6.04569
-6.04569
-8.63894
-7.38143
-8.39829
-6.88834
-6.88834
-4.43937
-3.49812
-1.52277
-1.52277
-1.52277
-3.50237
-5.18129
-4.97933
-7.13684
-4.82986
-4.21628
-4.21628
-2.69985
-2.69985
-5.36562
-5.36562
-2.82711
-4.40101
-6.06383
-6.06383
-6.06383
-6.06383
-7.65524
-8.35762
-7.00925
-6.26454
-5.39635
-5.39635
-5.25119
-5.25119
-6.87977
-6.84691
-5.45845
-7.03767
-4.90215
-4.90215
-4.08118
-4.08118
-4.08118
-4.08118
-4.08118
-4.08118
-4.08118
-4.2162
-5.74341
-4.37455
-4.82384
-4.4011
-2.51219
-2.51219
-4.75837
-2.12434
-2.12434
-2.12434
-4.46453
-5.09374
-6.08366
-4.517
-4.517
-4.09062
-1.48133
-1.48133
-1.48133
-2.62745
-2.62745
-2.62745
-4.74379
-4.74379
-5.63117
-4.05831
-1.55006
-4.20685
-4.20685
-4.20685
-3.45471
-3.45471
-3.45471
-3.57167
-2.45895
-2.45895
-2.90395
-4.0856
-4.0856
-1.38764
-1.38764
-1.38764
-1.38764
-1.38764
-1.38764
-1.38764
-2.13349
-2.13349
-2.30723
-2.30723
-2.30723
-3.83435
-3.83435
-3.83435
-3.83435
-3.83435
-3.83435
-4.93646
-5.94074
-5.0607
-5.0607
-7.60241
-5.41328
-2.80791
-2.80791
-2.91736
-5.22943
-5.3323
-5.3323
-5.3323
-5.3323
-5.71982
-4.43224
-4.96545
-5.49109
-6.46417
-6.85474
-6.85474
-8.04744
-5.45866
-5.45866
-5.45866
-6.40692
-6.40692
-6.40692
-6.21131
-6.21131
-8.83985
-8.83985
-8.83985
-6.67311
-6.67311
-5.03108
-5.03108
-3.37966
-4.0329
-2.11105
-3.37713
-3.90238
-3.90238
-3.90238
-4.88044
-4.46976
-4.46976
-4.46976
-4.37579
-4.37579
-4.37579
-6.50602
-4.42758
-4.1338
-3.32792
-2.49047
-2.49047
-0.760359
-2.68079
-4.55353
-4.55353
-4.83704
-6.26618
-6.26618
-6.26618
-6.26618
-4.84218
-2.20044
-2.73178
-1.98152
-1.98152
-1.98152
-1.98152
-4.35312
-3.54015
-4.45108
-2.89469
-3.15462
-3.15462
-2.21966
-2.59223
-2.1433
-2.1433
-3.69097
-2.54908
-4.51086
-4.51086
-4.51086
-4.51086
-2.1707
-3.51807
-3.51807
-3.5985
-2.97872
-2.97872
-1.78865
-1.78865
-3.53394
-3.53394
-1.00821
-1.00821
-1.00821
1.67195
1.67195
1.67195
1.67195
1.67195
4.11479
4.11479
4.11479
4.11707
4.11707
1.78302
1.78302
1.78302
3.61459
3.61459
3.45986
3.45986
3.45986
2.78768
0.935646
0.935646
0.626813
0.995059
2.51262
2.51262
2.51262
3.24211
3.24211
3.31597
3.31597
3.47369
1.39491
1.39491
3.16376
2.41767
2.19398
2.19398
2.19398
2.92362
3.64722
3.64722
4.91708
3.1338
2.80434
3.48343
3.48343
3.18417
3.18417
3.86337
3.86337
3.86337
1.4623
1.03429
2.11957
2.11957
2.11957
2.11957
2.11957
2.11957
1.296
2.88895
2.88895
3.38973
1.18452
-1.29506
-1.29506
-1.29506
-1.8236
-1.83839
-1.83839
-1.46955
-1.46955
-2.36283
-2.36283
-2.36283
-2.36283
-2.36283
-2.36283
-2.36283
-4.24702
-1.62249
-1.62249
-1.62249
-1.62249
-3.41186
-3.41186
-2.58565
-2.72622
-2.72622
-2.72622
-2.72622
-5.2248
-6.72028
-6.72028
-4.2668
-4.2668
-2.8625
-2.19215
-2.19215
-2.31074
-2.31074
-0.970897
-3.07921
-3.07921
-3.07921
-2.76884
-4.2857
-4.2857
-4.2857
-4.91247
-4.91247
-2.64621
-2.64621
-2.64621
-2.64621
-4.41516
-1.91795
-1.91795
-1.91795
-1.91795
-1.91795
-1.91795
-1.91795
-1.25989
-1.25989
-1.25989
-3.42385
-3.42385
-1.63395
-1.63395
-1.63395
-2.52798
-4.04877
-3.47139
-3.47139
-3.47139
-2.81394
-2.81394
-2.81394
-2.81394
-2.69465
-1.49882
-1.49882
-1.49882
-1.49882
-1.49882
-1.49882
-1.49882
-1.49882
-1.49882
-1.49882
-1.49882
-2.11912
-3.39902
-3.39902
-3.39902
-3.39902
-3.39902
-3.39902
-5.6987
-4.01179
-2.1711
-3.9566
-4.39848
-4.89599
-4.89599
-5.82648
-5.82648
-5.82648
-4.67818
-3.04394
-5.5319
-2.88582
-2.88582
-2.88582
-3.70481
-3.70481
-2.12105
-2.12105
-2.12105
-2.12105
-2.12105
-2.12105
-2.12105
-3.88683
-3.88683
-3.88683
-2.82616
-5.44839
-2.94523
-0.991719
-3.06933
-2.58713
-0.699179
-2.95892
-3.18107
-3.18107
-3.18107
-3.01586
-3.01586
-3.01586
-3.01586
-3.01586
-2.93157
-2.93157
-3.13587
-4.17093
-4.17093
-4.02786
-1.91352
-1.90689
-3.78208
-3.78208
-3.78208
-3.78208
-3.78208
-4.8768
-4.8768
-3.47384
-3.47384
-5.49757
-5.49757
-5.85424
-6.63003
-5.55083
-5.55083
-5.80786
-5.80786
-5.80786
-7.29434
-7.29434
-7.29434
-8.22661
-7.58725
-7.58725
-6.69178
-6.82866
-5.35076
-5.35076
-6.47233
-5.78907
-6.92827
-6.92827
-5.96904
-3.92493
-4.09329
-3.62302
-3.3393
-3.3393
-4.75808
-4.75808
-4.75808
-6.24507
-6.16676
-6.50748
-6.50748
-4.80839
-2.61657
-2.61657
-5.12901
-3.49223
-3.49223
-2.93159
-1.95663
-1.95663
-1.93592
-1.93592
-1.93592
-1.93592
-1.93592
-1.93592
-1.93592
-1.93592
-1.93592
-2.2521
-2.2521
-1.6761
-1.05317
-1.75998
-4.31755
-4.75992
-5.50828
-5.50828
-4.78554
-2.99207
-2.99207
-1.47716
-1.47716
-3.39992
-3.50351
-3.50351
-2.81989
-2.81989
-1.46049
-1.46049
-3.1373
-4.88852
-4.27201
-2.48803
-2.48803
-2.48803
-4.88064
-3.01865
-0.829495
0.484949
0.484949
2.98458
2.98458
2.98458
2.98458
2.98458
2.98458
1.42385
1.42385
3.92756
5.15877
3.32157
3.32157
3.32157
3.32157
3.38146
5.22129
2.79647
2.79647
0.932645
0.746775
0.746775
0.746775
-0.679403
-1.64861
-2.39499
-3.26661
-3.26661
-3.26661
-3.26661
-3.26661
-3.65993
-2.78302
-2.78302
-2.78302
-2.90049
-2.90049
-2.90049
-2.90049
-2.90049
-3.36037
-2.76366
-2.77095
-2.77095
-2.77095
-2.77095
-2.77095
-3.19968
-2.70499
-0.919286
1.01588
-1.42927
-2.13162
-2.13162
-1.3763
-1.89765
-3.29456
-2.15764
-2.62727
-2.28646
-1.56607
-2.87325
-4.69291
-4.69291
-4.69291
-2.91377
-2.91377
-2.91377
-1.39621
-2.5967
-2.5967
-2.5967
-2.5967
-2.17028
-3.22127
-3.22127
-3.22127
-3.22127
-3.22127
-3.01854
-3.01854
-3.01854
-3.09965
-3.09965
-4.50097
-4.50097
-4.50097
-4.50097
-4.8596
-6.16303
-6.16303
-6.16303
-5.62421
-5.62421
-4.936
-4.936
-4.61568
-4.61568
-2.03405
-4.55236
-2.49994
-3.36523
-2.68318
-2.68318
-3.38769
-2.66591
-3.53479
-3.53479
-4.61693
-1.98174
-3.40741
-3.40741
-3.3168
-5.32219
-5.32219
-3.23382
-5.89764
-5.62356
-5.3368
-5.3368
-5.4793
-6.11545
-4.11999
-4.11999
-4.11999
-3.20745
-3.20745
-3.20745
-3.20745
-3.20745
-3.20745
-3.20745
-4.34256
-1.6611
-0.652444
-2.8158
-2.8158
-2.8158
-2.8158
-1.63053
-4.09271
-2.16574
-2.16574
-0.865659
-3.52826
-4.23729
-4.65452
-5.86339
-3.37074
-3.37074
-3.37074
-2.40247
-0.392179
-0.98463
-1.90335
-1.90335
-1.90335
-1.26898
-3.12784
-3.12784
-4.93742
-4.38861
-4.18451
-3.91828
-5.66923
-3.49549
-3.49549
-3.49549
-3.49549
-3.49549
-4.22775
-6.57783
-6.89418
-5.78362
-5.78362
-6.14084
-6.12889
-6.12889
-6.12889
-7.32751
-7.32751
-7.16649
-7.16649
-7.49332
-4.85772
-2.27765
-4.88112
-4.88112
-6.41221
-8.18183
-8.18183
-8.18183
-8.55973
-8.55973
-9.20746
-6.77412
-6.77412
-8.47515
-9.66278
-11.0618
-11.0618
-11.3272
-11.3272
-10.9947
-9.1206
-9.1206
-7.07511
-4.48966
-6.89228
-7.14617
-7.14617
-4.48188
-5.86368
-4.89174
-7.47613
-7.69276
-7.69276
-7.69276
-9.78703
-9.99132
-8.68638
-8.68638
-7.48424
-6.00251
-4.65163
-3.71902
-2.9831
-2.29214
-4.57838
-5.3065
-5.3065
-5.09252
-5.09252
-7.74448
-7.74448
-5.19698
-7.30184
-5.35916
-3.07603
-4.14445
-3.78459
-3.78459
-3.78459
-3.61773
-3.61773
-2.67827
-2.67827
-0.339523
1.04661
1.04661
1.04661
3.51142
1.28728
1.28728
1.98017
0.963043
0.963043
0.963043
0.963043
0.196767
-0.538598
-2.71083
-2.71083
-2.74448
-2.74448
-4.91774
-3.55759
-2.96213
-4.3755
-4.3755
-6.31085
-6.17853
-5.62055
-5.62055
-3.92154
-5.00403
-5.3251
-5.3251
-5.3251
-6.72354
-6.72354
-6.66764
-6.66764
-6.48268
-6.48268
-6.53566
-6.53566
-6.53566
-6.38856
-7.23979
-5.53345
-5.53345
-5.53345
-5.53345
-5.53345
-5.53345
-5.53345
-5.53345
-5.53345
-5.7491
-5.7491
-5.16607
-5.16607
-5.16607
-5.16607
-5.16607
-5.16607
-3.58049
-4.97473
-3.5359
-3.5359
-3.37947
-3.37947
-3.37947
-3.85062
-3.85062
-3.85062
-3.85062
-1.91744
-1.91744
-1.91744
-1.91744
-1.91744
-1.91744
-2.55737
-2.91938
-2.57815
-2.57815
-4.65981
-5.0608
-4.27173
-1.95824
-1.95824
-1.95824
-1.95824
-2.05345
-2.64194
-2.64194
-2.64194
-2.64194
-2.97202
-2.97202
-3.00722
-3.00722
-1.937
-1.937
-1.937
-1.937
-3.45386
-5.64479
-3.57243
-3.57243
-3.57243
-3.57243
-3.42599
-4.85169
-4.83157
-4.83157
-4.83157
-4.83157
-5.04343
-7.17755
-7.17755
-7.21152
-5.10328
-6.25944
-6.25944
-6.23153
-3.73264
-3.73264
-1.51867
1.09007
1.12726
-1.46545
-1.46545
-1.46545
-1.46545
-1.46545
-1.46545
-1.46545
0.982105
3.24941
3.24941
3.24941
3.77762
4.66006
4.66006
4.78816
2.41207
2.41207
2.41207
0.721443
1.33231
-1.29708
-1.29708
-2.34524
-1.07267
-1.07267
-1.07267
1.42505
3.69353
1.45234
1.45234
1.45234
1.45234
3.6334
3.6334
1.72156
1.72156
1.43576
1.43576
3.11703
3.11703
3.11703
3.11703
1.01147
3.08686
3.1674
5.76918
5.85731
4.1625
6.31607
5.17545
5.17545
3.04863
3.81097
1.62391
1.62391
1.62391
1.62391
1.62391
1.24648
0.897611
0.897611
0.897611
1.90612
2.58198
2.94047
5.4771
5.4771
5.4771
3.58069
1.49515
3.79611
5.94401
5.23683
5.01527
5.01527
5.43386
3.19665
3.19665
3.19665
3.19665
3.19665
3.19665
4.95861
4.95861
4.95861
6.69327
6.69327
7.81998
7.86509
7.86509
5.28771
3.17016
4.35133
4.35133
2.23434
2.17128
4.80104
6.62034
4.57701
4.57701
7.08508
4.66977
4.77827
4.77827
3.97382
2.87292
2.87292
2.87292
1.57219
1.57219
2.05093
2.05093
4.73827
4.73827
2.96891
2.57866
2.57866
4.5617
2.01551
2.73041
2.73041
3.90501
3.45588
1.08946
3.64728
3.64728
1.46902
3.13663
3.13663
4.25847
4.30506
2.18481
4.68611
4.77655
4.85689
3.68266
2.72294
2.72294
2.72294
5.05923
6.68367
6.68367
4.37433
4.11292
4.11292
2.14895
2.14895
2.14895
1.75841
1.75841
3.43088
3.43088
3.43088
3.43088
3.43088
5.23105
7.56274
5.51077
4.61599
4.61599
4.61599
4.61599
4.61599
5.51121
5.51121
7.18125
7.18125
7.20263
8.03942
8.27768
8.902
8.902
6.27268
4.74047
4.74047
4.93532
4.93532
4.93532
4.93532
4.93532
4.93532
4.93532
2.49861
3.10547
3.10547
3.10547
3.10547
4.64692
2.02861
2.44995
2.44995
2.44995
2.44995
3.89023
4.19772
4.42441
4.22634
4.22634
4.22634
4.22634
2.32277
2.32277
4.7836
4.7836
5.59347
6.01723
6.01723
6.58649
6.58649
6.58649
6.58649
5.61929
7.48946
7.48946
6.94589
4.75284
4.75284
5.66559
5.66559
5.66559
4.32792
4.32792
3.68863
5.54217
5.54217
5.54217
3.95372
3.95372
4.6598
4.6598
4.6598
5.09573
3.48302
3.48302
3.92651
3.92576
3.92576
3.92576
1.70287
3.64992
3.64992
3.81323
4.51689
4.95279
4.95279
4.95279
2.27722
1.09587
0.974447
0.974447
0.974447
0.974447
0.974447
0.974447
0.974447
0.974447
2.8053
0.889385
-1.31502
-1.34164
-3.56447
-1.16439
0.645025
0.916484
2.5543
2.5543
2.5543
1.10076
1.10076
1.10076
1.10076
1.73915
0.949971
0.949971
0.949971
2.4508
4.02163
4.02163
4.02163
4.0028
4.0028
4.0028
4.16991
2.9216
2.9216
2.9216
3.70497
3.70497
2.27317
4.91312
2.39542
2.39542
2.39542
1.30974
2.76266
2.76266
4.86973
4.98298
4.98298
4.98298
4.98298
5.75821
5.75821
3.36832
3.36832
1.43647
3.85766
2.3295
2.3295
2.3295
2.3295
4.77723
4.77723
4.70405
4.70405
4.70405
2.48941
2.96557
2.96557
2.96557
2.96557
1.77767
2.57827
2.57827
2.57827
3.89293
4.09079
2.02926
2.02926
2.87034
2.87034
4.8463
4.8463
5.92155
5.92155
7.55406
7.55406
7.55406
7.55406
5.95681
5.81786
4.33043
3.8412
4.46486
4.46486
2.91928
2.91928
2.91928
3.01933
0.663235
0.663235
3.17522
3.17522
3.17522
4.74876
4.74876
4.74876
4.74876
4.74876
4.74876
4.74876
3.81618
3.81618
5.44082
5.44082
5.44082
5.44082
4.58489
4.20327
4.20327
5.15023
5.15023
2.95527
3.17609
3.17609
3.17609
5.52022
5.52022
5.52022
5.52022
5.52022
5.52022
4.12517
6.05938
4.38096
4.38096
4.38096
4.38096
4.38096
5.54787
5.54787
5.54787
5.54787
7.12381
7.12381
8.75912
6.39726
6.39726
5.51021
5.51021
3.04156
3.04156
1.34453
2.18266
3.55404
2.28284
2.28284
2.28284
2.28284
2.28284
2.28284
2.28284
2.76191
4.95199
4.95199
4.95199
4.80836
3.1486
3.90269
2.17709
1.20305
2.35622
2.35622
1.31474
1.31474
1.29228
1.68199
1.68199
1.92305
1.92305
4.02773
3.40719
5.05371
5.19923
2.89549
2.89549
4.87685
6.09565
6.09565
8.37327
8.37327
8.37327
8.82838
6.21304
6.21304
8.76714
10.36
8.71838
9.49407
10.7033
11.4725
11.4725
9.68919
8.08623
8.08623
8.08623
8.08623
6.7165
6.7165
4.17347
4.17347
4.17347
6.2177
6.2177
5.21518
5.21518
2.52037
2.06688
2.06688
3.40564
3.67195
3.67195
3.02277
3.02277
3.02277
3.02277
2.31389
2.0848
2.0848
2.5092
2.95309
4.6781
4.6781
6.72388
6.15188
6.15188
5.15352
7.68418
7.68418
5.1339
5.1339
2.81856
0.78644
2.038
3.47141
3.47141
2.15817
2.15817
2.15817
1.9518
1.9518
3.84157
3.84157
2.11846
2.11846
4.55851
6.01829
6.99541
5.36526
5.36526
3.0368
3.0368
5.42985
3.37384
3.37384
1.22764
1.03874
1.06498
1.90143
1.90143
1.90143
1.82233
1.82233
1.82233
2.55863
2.55863
3.63562
5.99925
5.99925
4.38799
5.27527
4.69176
4.69176
6.70837
7.49641
7.30127
6.58385
5.90638
5.90638
5.90638
4.28072
2.51193
2.51193
2.51193
1.91306
1.91306
1.91306
1.20714
0.472228
-1.55515
-1.55515
-1.77191
-4.07657
-4.07657
-5.62118
-5.62118
-5.62118
-6.91283
-5.23907
-2.84125
-2.9089
-3.96015
-3.96015
-5.69398
-4.80327
-2.37696
-2.20641
-2.20641
-2.20641
-4.18025
-3.95672
-2.34859
-2.34859
-2.73082
-2.73082
-2.68981
-2.49245
-4.38856
-4.38856
-2.66275
-3.74117
-3.74117
-3.74117
-3.74117
-3.74117
-3.74117
-3.74117
-3.74117
-2.57293
-2.56137
-2.56137
-2.56137
-4.08283
-4.08283
-1.75678
-2.09017
-2.09017
-2.09017
-2.09017
-2.09017
-2.77848
-2.77848
-2.77848
-2.77848
-2.77848
-2.77848
-3.15429
-3.15429
-3.15429
-4.18042
-4.18042
-4.18042
-4.33888
-4.33888
-4.33888
-3.26249
-3.26249
-3.41853
-2.62357
-2.62357
-2.62357
-2.07303
-3.39074
-4.48863
-4.48863
-4.48863
-4.75221
-5.6113
-6.27363
-6.27363
-6.04116
-5.1519
-5.1519
-5.1519
-5.1519
-6.01921
-3.87727
-3.87727
-1.26991
-2.89707
-2.22708
-4.72271
-4.72271
-4.72271
-4.72271
-4.72271
-4.63296
-4.88822
-6.56001
-6.56001
-5.4654
-2.87273
-4.95817
-6.13268
-4.77952
-2.13586
-4.66132
-5.19072
-6.76449
-5.92858
-4.977
-4.977
-5.17633
-6.00207
-6.96451
-6.96451
-5.67256
-3.44321
-4.15364
-2.41779
-2.41779
-4.98395
-4.98395
-5.55275
-7.25222
-5.4453
-5.4453
-4.07108
-5.30338
-4.64
-2.88722
-2.88722
-3.35352
-3.26589
-4.54702
-4.54702
-4.80979
-5.42362
-5.42362
-5.42362
-7.80186
-5.22553
-5.15109
-2.49481
-1.3775
-2.07428
-2.36537
-2.36537
-2.36537
-2.36537
-2.36537
-2.36537
-1.97447
0.425027
3.06847
3.17664
3.17664
3.17664
3.17664
1.62212
1.62212
3.93814
3.93814
4.52605
4.52605
4.52605
4.97942
3.28838
3.65921
3.65921
4.61495
4.61495
3.79557
1.72902
1.72902
0.907038
0.907038
0.907038
0.907038
2.15081
2.15081
-0.524939
-0.524939
1.57791
4.18994
2.68978
5.20928
5.26271
5.30314
2.99181
2.34897
4.93355
4.5681
5.62328
5.68597
6.67599
6.67599
5.60519
5.60519
5.60519
3.72035
3.72035
3.72035
3.72035
3.72035
4.01697
3.69447
3.69447
5.26319
2.57914
2.23597
4.86347
4.86347
5.32134
3.91987
3.67602
2.41256
2.7983
2.7983
2.7983
2.7983
2.7983
2.7983
2.7983
3.36607
3.36607
1.50432
2.45881
2.45881
1.23065
1.23065
1.23065
1.23065
1.23065
1.23065
1.23065
1.23065
3.64513
1.85979
1.85979
0.621467
0.621467
-1.63419
-1.63419
-0.864286
-0.864286
-2.11584
-2.11584
-3.11348
-4.52654
-4.52654
-4.52654
-2.66441
-2.66441
-4.42423
-2.69046
-2.69046
-2.69046
-2.69046
-4.09397
-4.09397
-4.09397
-1.40399
-3.79459
-3.79459
-4.5993
-2.75894
-2.75894
-2.75894
-2.75894
-2.75894
-2.75894
-3.56373
-6.05393
-6.05393
-6.05393
-8.59017
-6.63216
-7.48482
-7.48482
-9.0662
-9.0662
-7.79957
-8.98889
-6.70117
-7.884
-9.61462
-7.8757
-8.09987
-6.0745
-3.40031
-3.40031
-2.38478
-2.38478
-4.82281
-4.73146
-2.16466
-2.16466
-2.16466
-4.55026
-4.55026
-4.55026
-6.72975
-7.24013
-7.24013
-7.24013
-9.28393
-8.41256
-8.41256
-8.41256
-9.32745
-9.32745
-9.75966
-9.75966
-8.48914
-8.48914
-8.48914
-8.48914
-5.98718
-3.87281
-3.87281
-3.87281
-5.80617
-3.74443
-3.74443
-3.74443
-4.20991
-4.20991
-6.00071
-5.13506
-5.13506
-5.13506
-4.01164
-5.49136
-5.49136
-5.6549
-6.95652
-7.07064
-6.00795
-6.15219
-6.15219
-3.73892
-3.67136
-1.06498
-1.06498
-2.54722
-3.96592
-3.21447
-5.77503
-4.23044
-4.23044
-5.97875
-6.86074
-6.86074
-6.86074
-5.93675
-5.93675
-4.87952
-2.86227
-2.86227
-5.05664
-3.61756
-2.76689
-0.558809
-1.2475
-2.96385
-2.96385
-2.96385
-2.91318
-4.28605
-2.73859
-3.65794
-3.65794
-1.45305
-1.81617
-1.53364
-1.53364
-3.59289
-4.21869
-3.54592
-3.54592
-1.61697
-3.14828
-3.14828
-4.6727
-4.6727
-4.6727
-2.07754
-3.82771
-2.68837
-2.68837
-3.72282
-2.68656
-4.02469
-4.02469
-4.02469
-6.18607
-8.51576
-8.51576
-9.75447
-8.30299
-8.20427
-5.99687
-5.99687
-4.08065
-1.45487
-1.45487
-2.66908
-1.21969
-3.09227
-3.09227
-3.09227
-3.09227
-3.09227
-1.85561
-2.45034
-2.45034
-4.08446
-3.37011
-3.40608
-3.40608
-0.785344
-0.785344
1.05401
1.05401
2.89004
1.37685
1.37685
1.37685
1.37685
3.01908
3.01908
3.01908
3.01908
3.01908
1.43279
1.43279
3.94951
4.38844
4.38844
3.22888
3.22888
2.91366
2.91366
2.91366
2.91366
2.91366
1.38976
2.21129
2.21129
2.21129
2.21129
4.37595
4.37595
4.37595
2.15333
2.15333
2.57731
1.81892
1.81892
1.81892
-0.501325
-0.501325
-1.84589
-1.84589
-1.84589
-1.84589
-3.93387
-3.69046
-3.32031
-3.32031
-3.32031
-1.70956
-1.95359
-1.95359
-3.45532
-3.45532
-3.45532
-3.45532
-3.45532
-3.45532
-4.94169
-2.68496
-0.940926
-3.46028
-1.54483
-1.54483
-1.54483
-3.74635
-3.74635
-1.09571
-2.43272
-2.43272
-2.50688
-2.50688
-2.50688
-3.39757
-3.39757
-3.39757
-2.15682
-4.05209
-3.73226
-2.28414
-2.02112
-2.02112
-2.96179
-2.96179
-2.96179
-2.96179
-4.36706
-5.80457
-4.78401
-4.39946
-2.59103
-2.59103
-2.59103
-4.26963
-2.66629
-2.66629
-2.66629
-2.66629
-0.436666
-2.67306
-2.67306
-2.52996
-2.52996
-1.92043
-1.92043
-1.92043
-1.92043
-1.92043
-1.92043
-1.92043
-1.92043
-0.776522
-3.335
-4.18741
-3.74358
-3.74358
-2.46307
-2.46307
-2.46307
-2.46307
-3.42288
-6.08578
-6.70302
-6.70302
-4.77521
-4.77521
-3.65409
-3.65409
-4.1245
-4.1245
-4.1245
-5.55541
-5.14544
-5.14544
-5.14544
-4.46539
-4.46539
-6.46178
-6.46178
-7.74393
-7.91792
-7.74037
-7.74037
-7.74037
-7.0563
-9.05211
-9.24554
-7.05434
-6.99127
-5.02772
-3.13265
-2.88112
-5.05117
-5.05117
-2.76881
-3.06976
-3.06976
-2.64955
-1.73119
-3.13098
-5.0939
-7.26426
-9.23531
-6.79918
-5.25796
-6.39025
-3.82416
-4.79638
-4.79638
-2.16397
-3.39504
-3.39504
-3.39504
-3.39504
-3.39504
-4.4227
-4.4227
-4.4227
-4.4227
-1.90794
-0.705014
-0.705014
-1.47156
-2.62917
-2.62917
-3.10466
-3.10466
-5.51796
-5.51796
-3.01345
-2.60822
-2.60822
-2.60822
-2.60822
-1.43765
-1.8596
-1.80968
-1.5654
-1.5654
-1.5654
-1.5654
-3.6154
-3.6154
-2.15678
-2.15678
-2.78833
-2.78833
-2.78833
-2.78833
-5.11008
-3.54277
-1.62469
-1.62469
-4.17376
-4.17376
-4.17376
-2.87064
-3.74289
-3.74289
-3.74289
-3.74289
-1.80297
-1.80297
-1.80297
-1.80297
-1.06585
0.782027
0.782027
0.782027
0.782027
0.782027
2.36445
2.36445
2.36445
2.36445
2.36445
2.36445
1.21744
1.21744
1.21744
1.21744
1.21744
1.21744
3.55742
3.55742
3.55742
3.57295
3.57295
3.57295
3.57295
3.57295
3.57295
5.56646
3.77166
3.77166
3.77166
3.77166
3.77166
3.77166
3.77166
3.77166
1.12021
1.12021
1.12021
2.38529
2.38529
4.70341
4.70341
3.28672
1.08378
-1.45379
-2.44426
-4.3131
-3.19135
-1.81508
-2.1649
-4.06106
-4.06106
-1.7222
-2.39106
-2.39106
-2.39106
-0.987212
1.65439
4.23075
3.59705
2.14535
2.14535
2.08795
3.34581
4.21386
4.21386
4.21386
4.21386
4.21386
4.63492
4.63492
2.69681
4.12123
5.0855
5.0855
5.43326
4.16273
4.16273
4.16273
3.06696
1.03324
1.03324
1.03324
3.668
3.668
3.668
3.668
3.668
1.41215
1.41215
1.41215
2.3633
2.3633
3.68001
3.68001
3.68001
3.68001
1.96396
1.96396
1.34595
3.43056
3.43056
3.43056
4.22734
5.22455
2.71364
4.46902
4.46902
2.63211
2.63211
2.63211
2.63211
2.63211
3.31144
2.65527
2.65527
3.76862
2.42426
2.42426
2.42426
2.42426
2.42426
2.42426
2.42426
2.42426
2.42426
2.42426
2.0664
2.0664
2.0664
4.02164
2.13945
2.13945
2.13945
2.13945
2.13945
2.13945
2.13945
1.54005
3.71626
2.95308
2.95308
2.95308
2.95308
1.39382
3.88174
3.88174
1.81294
1.81294
1.81294
1.34526
1.71989
1.71989
1.71989
3.96453
3.96453
3.78013
5.68541
5.56403
5.56403
3.88647
3.13281
3.13281
2.76976
2.76976
2.76976
3.33546
3.33546
1.25441
1.25441
1.25441
-1.01772
1.49258
1.49258
1.94791
3.93222
6.42672
5.0871
5.0871
5.0871
5.0871
5.0871
2.42033
4.52109
3.65704
3.65704
3.21132
3.21132
4.22777
4.22777
3.58576
4.4491
4.4491
4.4491
4.4491
4.4491
6.23654
4.22128
1.52745
1.52745
3.39678
3.39678
3.39678
4.83981
7.05956
7.6146
7.87138
6.94003
6.94003
5.80012
5.80012
6.32857
6.63984
8.11633
8.11633
8.11633
5.48674
4.01519
3.7063
2.59539
2.59539
2.59539
2.42808
2.42808
3.40784
3.40784
3.40784
3.40784
0.958513
0.958513
0.958513
-1.32844
1.00024
3.68456
3.34749
3.34749
5.96954
6.20751
6.90094
6.40328
6.40328
5.93327
5.97248
5.97248
5.97248
4.34293
5.19769
5.19769
3.19252
4.29476
5.66138
5.66138
6.77231
7.01522
4.84747
4.84747
4.04725
4.90278
3.63402
3.63402
3.63402
3.63402
4.45261
3.50703
3.50703
2.11856
3.95159
1.51445
3.84309
3.84309
5.34789
4.53461
3.01886
3.01886
2.05337
2.05337
2.05337
2.05337
3.48139
3.68882
4.02717
4.02717
1.64989
1.64989
1.64989
1.64989
1.64989
1.64989
1.64989
1.64989
1.64989
1.64989
1.64989
1.64989
1.64989
1.64989
1.64989
1.64989
1.64989
1.64989
1.64989
2.16497
4.29092
3.42693
3.89409
3.42522
3.42522
5.81546
4.96312
3.03799
3.03799
3.03799
3.03799
3.03799
4.13908
4.3519
2.49698
2.49698
2.49698
2.49698
2.49698
4.48958
4.2038
6.05326
8.06918
5.99316
5.99316
5.99316
6.91081
6.91081
5.62253
3.71852
3.71852
2.88314
4.66802
2.47368
2.47368
2.47368
1.56174
1.56174
2.28094
2.28094
2.28094
2.28094
2.28094
2.28094
2.28094
2.28094
2.28094
2.28094
2.28094
2.28094
3.03425
0.666252
0.666252
1.78962
2.55274
4.84944
3.57976
3.57976
3.57976
3.57976
3.57976
2.65617
2.65617
3.00177
3.00177
3.00177
3.00177
5.41176
3.93309
3.93309
5.88554
5.402
5.402
5.402
5.402
4.11587
1.82087
1.82087
3.05117
3.05117
3.05117
3.05117
4.48233
4.48233
3.9107
3.9107
4.27992
4.27992
4.27992
2.28973
2.28973
4.3405
4.3405
5.32626
3.2319
1.30595
2.58109
4.93826
3.57775
6.01175
5.53415
4.32552
3.79211
5.03854
5.03854
6.00544
5.32528
5.32528
5.32528
4.95957
4.95957
2.82424
2.32407
2.32407
3.62553
4.80226
4.4082
4.4082
6.77161
8.91204
7.66546
9.53579
10.1921
10.1921
8.05823
8.96411
6.95042
6.95042
4.29925
4.29925
4.29925
4.29925
2.13319
0.360733
0.360733
0.781957
0.988749
0.988749
0.386899
1.57409
3.57799
3.57799
5.61484
3.36537
4.02615
4.02615
5.39175
5.39175
5.39175
5.51806
5.51806
3.80192
3.80192
3.08915
3.08915
3.08915
3.08915
3.08915
3.08915
3.08915
4.80841
2.29621
4.5519
2.37374
3.70623
3.95783
3.95783
5.40549
5.27324
4.03737
3.17179
3.95934
3.95934
3.95934
1.60362
1.62133
1.62133
1.62133
1.62133
3.6958
3.6958
5.20703
2.75445
1.33103
1.33103
1.33103
3.4316
1.91003
1.91003
1.91003
1.91003
1.91003
3.69768
5.4185
6.48589
4.54871
3.05819
3.05819
1.57976
1.57976
1.57976
3.25235
3.25235
3.36213
3.36213
3.36213
2.76699
4.96331
6.02251
5.98673
5.106
5.106
5.88005
4.56901
7.03389
6.32615
4.48456
2.03222
4.12681
2.76878
2.76878
2.89851
2.89851
2.89851
2.89851
4.71723
3.00875
3.00875
3.00875
3.00875
3.00875
3.00875
3.00875
3.00875
3.43649
3.43649
2.80057
2.80057
2.80057
4.59248
4.6641
2.63221
2.63221
4.12654
4.12654
4.12654
4.12654
4.12654
4.12654
4.12654
4.12654
4.12654
4.28524
4.32602
2.44208
3.72792
3.72792
3.72792
1.70815
3.33965
4.23964
2.26114
2.26114
0.747711
3.22681
3.22681
4.97219
4.97219
4.97219
5.95636
7.48343
7.48343
6.99547
6.99547
5.4305
5.4305
5.4305
5.4305
5.4305
5.4305
4.41311
4.41311
4.41311
3.33039
1.31933
2.88692
2.88692
2.90041
2.99893
2.99893
2.54065
2.18504
1.28787
2.74529
2.74529
2.74529
2.74529
2.74529
2.74529
2.74529
2.74529
2.92613
2.92613
2.92613
2.92613
5.45453
5.45453
4.95245
4.46375
4.46375
3.42062
3.42062
3.42062
5.8054
5.8054
5.8054
5.8054
5.85692
5.85692
5.85692
5.85692
7.1303
8.34014
8.34014
9.92213
9.92213
11.5293
11.5293
10.3688
8.11129
6.53215
6.08757
4.0462
4.0462
4.0462
4.0462
4.0462
4.0462
3.99401
3.99401
2.11214
-0.54088
0.892737
0.809249
0.809249
0.809249
2.81485
3.12726
3.12726
3.12726
3.12726
3.12726
3.12726
3.12726
3.12726
3.52919
6.15336
6.15336
8.72146
10.4099
9.04551
6.71675
6.71675
6.70964
4.89254
4.354
3.93091
4.90599
4.26405
4.26405
4.26405
4.26405
2.83119
2.83119
2.83119
3.24117
3.24117
3.24117
4.98597
4.98597
4.98597
4.98597
4.98597
6.24028
6.24028
6.24028
6.35905
6.35905
4.52439
3.34285
3.34285
3.34285
4.46645
4.94846
4.94846
6.91085
4.60502
4.60502
6.80059
4.36189
3.45538
3.85016
3.85016
5.80856
6.29229
6.29229
6.29229
5.09703
5.09703
5.09703
5.09703
4.08002
4.08002
4.08002
4.08002
4.877
4.877
3.24512
3.24512
5.8079
5.8079
5.8079
5.69763
5.20829
5.20829
7.72772
7.3746
6.85205
6.85205
6.85205
5.0449
5.0449
5.0449
2.95988
2.95988
2.95988
2.95988
4.31092
4.31092
4.31092
4.31092
1.69281
2.07955
2.24083
1.36389
1.36389
1.32111
1.32111
1.32111
2.93699
2.93699
2.93699
2.93699
4.56945
4.43935
2.21082
1.45417
1.45417
1.45417
3.0064
2.10214
2.10214
3.00332
4.45073
4.86438
4.5601
4.15939
6.41384
7.4346
5.70257
7.45147
8.36078
7.28479
5.71255
4.04353
5.31562
4.33215
3.62766
3.62766
3.62766
3.74079
3.74079
3.3999
2.83282
2.66609
3.72853
3.72853
3.72853
3.72853
3.50512
1.55114
1.35628
-0.805943
-1.82827
-4.42933
-4.42933
-4.42933
-3.17017
-2.42189
-2.42189
-4.93535
-4.92576
-2.86182
-2.86182
-3.23722
-3.23722
-2.85814
-2.85814
-2.85814
-2.85814
-3.15121
-2.07914
-1.36224
-1.36224
-1.36224
-1.36224
-1.36224
-1.27305
-2.11271
-4.39882
-5.44596
-4.72293
-4.48018
-4.48018
-5.75614
-5.75614
-5.75614
-5.75614
-4.90784
-4.90784
-6.13224
-6.09381
-6.09381
-5.01829
-5.01829
-5.01829
-3.5683
-3.5683
-3.7835
-5.07138
-3.37984
-2.85754
-2.33081
-4.69739
-5.95166
-5.95166
-5.95166
-4.28263
-4.28263
-4.28263
-4.28263
-3.07635
-0.624183
-0.624183
-1.40408
-3.67523
-3.67523
-3.67523
-3.67523
-3.67523
-3.23256
-3.23256
-5.38845
-2.97264
-2.97264
-1.7067
-1.83526
-1.61317
-2.13607
-2.13607
-2.13607
-2.13607
-2.13607
-3.82259
-3.63339
-3.63339
-1.99778
-1.99778
-3.39607
-3.39607
-3.39607
-5.77638
-3.29687
-5.51935
-5.51935
-5.51935
-3.35649
-3.35649
-3.31752
-3.31752
-3.31752
-3.31752
-5.19052
-5.19052
-7.75256
-7.75256
-7.75256
-6.79387
-6.79387
-6.79387
-6.79387
-9.45549
-9.71455
-7.47872
-7.83774
-7.38332
-6.7684
-5.84723
-5.84723
-3.54801
-3.54801
-3.54801
-2.44953
-2.44953
-5.13022
-5.13022
-6.37424
-6.44962
-9.1475
-11.1464
-10.6392
-10.6392
-8.20957
-6.54296
-7.04408
-4.50999
-4.50999
-3.44658
-3.44658
-3.44658
-3.44658
-4.93633
-4.93633
-5.76135
-5.76135
-7.04248
-5.37683
-2.71109
-2.49944
-2.56535
-4.88459
-3.33204
-1.51023
-1.51023
-1.51023
-1.51023
-1.51023
-2.51213
-2.51213
-2.95105
-2.95105
-2.95105
-4.9691
-6.44611
-5.15329
-2.99638
-2.99638
-2.99638
-3.93127
-2.78997
-2.78997
-4.11754
-2.55215
-2.55215
-2.55215
-2.55215
-3.68162
-3.39764
-3.39764
-3.39764
-5.92873
-6.87854
-5.54233
-6.92265
-6.92265
-4.93503
-4.93503
-4.93503
-4.55629
-4.55629
-4.55629
-4.55629
-3.71968
-2.06496
-3.59728
-6.11346
-6.11346
-6.6812
-5.54298
-6.48336
-4.28297
-6.22652
-3.73977
-3.44538
-6.12263
-6.12263
-5.04962
-2.48173
-5.01949
-5.01949
-4.40522
-4.40522
-6.22741
-4.64391
-5.94973
-6.53626
-5.76599
-4.94729
-4.94729
-2.4082
-2.4082
-2.79701
-2.79701
-1.26035
-1.26035
-1.94051
-1.94051
-1.94051
0.581365
0.581365
2.18366
2.18366
3.85872
2.86323
1.74515
1.74515
1.74515
1.74515
3.04689
1.67824
1.67824
1.67824
2.65895
2.65895
2.65895
4.43252
2.87345
2.87345
2.87345
4.49953
3.30148
3.29389
4.47358
4.47358
4.37237
5.11001
2.55387
5.16563
2.96715
2.96715
2.96715
2.85651
1.69162
1.69162
3.18624
3.18624
3.18624
3.18624
3.00108
4.36912
4.2293
4.2293
4.2293
2.59345
2.59345
2.59345
2.59345
2.59345
2.59345
2.0183
2.0183
2.0183
1.49841
1.49841
1.49841
3.11819
2.39799
2.39799
2.39799
4.00514
4.722
4.722
4.722
5.07583
7.13295
4.9352
4.5093
3.13823
3.32062
3.32062
3.32062
3.32062
3.32062
3.32062
3.32062
5.56132
4.57863
4.57863
5.85006
5.10454
5.10454
5.10454
5.24125
5.24125
5.24125
4.14715
4.14715
4.46555
2.78132
1.24943
1.24943
1.24943
1.24943
1.40124
1.40124
2.21513
3.54221
3.22823
3.22823
3.22823
3.22823
4.2303
1.65085
1.65085
1.65085
1.65085
2.61829
2.61829
2.61829
4.32994
5.27809
6.03204
3.69294
2.33156
2.33156
3.00117
3.00117
3.00117
3.00117
1.63693
1.63693
1.19499
1.19499
1.19499
1.19499
1.19499
1.19499
1.80849
1.80849
1.80849
1.80849
1.80849
1.80849
4.43908
4.43908
4.43908
2.03375
2.03375
2.03375
2.03375
2.03375
1.89834
1.89834
4.22511
4.66336
4.66336
2.70143
4.11339
4.82024
4.82024
7.32377
6.53407
4.79069
4.79069
4.79069
4.79069
3.04296
3.43683
3.43683
3.43683
3.43683
2.00346
2.00346
2.00346
2.00346
1.43063
1.43063
-0.659756
-0.659756
-1.8433
-3.53509
-3.39519
-3.80321
-3.80321
-5.37922
-5.37922
-3.61815
-3.61815
-3.61815
-3.61815
-3.61815
-3.61815
-3.61815
-3.61815
-1.83918
-3.6562
-4.25481
-4.25481
-4.25481
-4.25481
-4.25481
-4.25481
-6.82151
-8.93442
-6.33345
-5.18016
-3.87473
-3.87473
-5.45986
-5.45986
-5.45986
-5.45986
-5.45986
-5.53638
-5.23162
-5.23162
-5.44491
-4.97944
-4.97944
-2.33932
-2.33932
-2.33932
-2.33932
-2.33932
-2.25834
-2.25834
-1.47538
-1.56471
-1.56471
-1.56471
-3.52957
-3.52957
-4.48648
-4.48648
-4.48648
-4.48648
-4.48648
-2.02563
-2.02563
-2.02563
-2.02563
-2.02563
-1.85732
-2.52705
-1.15738
-2.00034
-2.00034
-2.02642
-4.18611
-2.51176
-4.74333
-4.74333
-2.97502
-2.97502
-1.37119
-1.37119
-1.37119
-1.37119
-1.37119
-1.37119
-2.52175
-2.52175
-2.18836
-2.29401
-2.29401
-2.29401
-3.87545
-3.87545
-1.91385
-1.91385
-1.91385
-4.27613
-5.67766
-7.82005
-7.7574
-5.42614
-5.42614
-5.42614
-5.51087
-3.94607
-3.09716
-0.697671
-2.28302
-2.28302
-2.28302
-1.66612
-1.66612
-4.12314
-3.86615
-3.86615
-1.33798
-2.71548
-4.95908
-6.18665
-6.18665
-7.51249
-6.79432
-6.3029
-7.40885
-7.40885
-9.56328
-9.28645
-9.28645
-9.28645
-6.96223
-4.3324
-5.01419
-5.01419
-5.01419
-2.33922
-1.79124
-0.937638
-0.937638
-0.937638
-0.937638
-0.937638
-2.18287
-2.18287
-2.18287
-2.18287
-2.18287
-2.18287
-2.18287
-2.18287
-2.18287
-1.61142
-3.34407
-3.34407
-3.34407
-1.52178
-2.62816
-5.29507
-6.37938
-3.99281
-3.99281
-1.41894
-1.41894
-3.81282
-3.81282
-3.81282
-3.34676
-3.34676
-4.0603
-4.0603
-4.37992
-4.37992
-3.89564
-4.54967
-3.27599
-3.27599
-3.27599
-3.27599
-4.64941
-4.64941
-3.9707
-3.9707
-3.9707
-3.9707
-3.14904
-3.14904
-1.79423
-2.71777
-0.987365
-0.987365
-2.91739
-2.91739
-2.91739
-4.15168
-4.15168
-4.15168
-4.15168
-1.88781
-1.88781
-3.69518
-3.69518
-3.69518
-1.49149
-1.49149
-2.76814
-2.76814
-1.51007
-1.51007
-1.51007
-4.04053
-2.0468
-1.49908
-1.49908
-1.49908
-3.72553
-3.72553
-1.98497
-2.59135
-2.59135
-3.62095
-1.64457
-1.04581
-2.02461
-2.76085
-2.76085
-3.63351
-3.63351
-3.63351
-1.46008
-1.46008
-1.37686
-1.17321
-1.17321
-2.10149
-1.59825
-1.51572
-1.51572
-1.51572
-2.78188
-0.933396
-0.933396
-0.933396
0.883409
0.883409
0.883409
-0.87437
-1.55092
-1.65582
-1.1968
0.878327
0.878327
0.878327
2.31199
2.28654
1.10516
0.611779
2.87329
2.87329
3.04093
1.69851
1.26281
2.95303
2.95303
2.95303
2.95303
2.95303
2.95303
2.95303
2.95303
1.82231
1.82231
1.82231
4.32506
6.0937
4.5969
2.78201
1.76137
1.76137
1.76137
3.56438
3.56438
3.56438
3.56438
3.56438
3.56438
3.56438
3.71424
2.61816
2.61816
2.61816
2.61816
2.61816
2.61816
2.61816
2.17491
2.17491
2.17491
2.17491
2.17491
2.17491
3.37703
3.37703
1.88124
1.88124
1.88124
1.88124
1.88124
1.57174
1.57174
2.34171
3.16051
3.16051
3.63202
3.63202
3.63202
3.57471
4.94432
4.57018
4.79169
2.61854
2.61854
2.19245
2.19245
2.19245
3.96226
1.92638
1.92638
1.92638
1.92638
1.92638
1.92638
1.92638
1.92638
1.92638
2.30435
4.68899
4.68899
2.05813
2.05813
2.05813
4.43169
4.43169
2.90107
2.90107
2.90107
2.51799
2.51799
2.51799
2.51799
3.13112
3.17446
1.71811
1.71811
1.71811
0.765179
1.94696
3.54601
3.54601
3.54601
3.54601
1.95081
1.95081
1.95081
2.84976
1.60986
1.60986
1.60986
1.60986
3.49671
3.49671
1.26605
1.26605
1.26605
1.26605
1.26605
1.26605
1.26605
1.26605
1.26605
1.26605
1.26605
1.26605
1.26605
1.26605
1.26605
-0.180668
0.243666
-2.22181
-2.22181
-2.22181
-2.22181
-2.22181
-2.22181
-2.24648
-2.24648
-2.45185
-2.45185
-3.48513
-3.48513
-3.48513
-3.48513
-3.71611
-3.71611
-2.89895
-3.85769
-3.85769
-4.96358
-7.26362
-5.14967
-5.14967
-5.14967
-3.48654
-3.48654
-5.39428
-7.0873
-7.82043
-7.07363
-7.07363
-5.54024
-5.54024
-5.54024
-3.16428
-3.16428
-1.56581
-1.56581
-3.25512
-1.04306
-1.04306
-1.70182
-3.31569
-3.31569
-3.31569
-3.31569
-3.49576
-2.87469
-2.87469
-2.87469
-2.87469
-3.56656
-3.56656
-3.69016
-3.69016
-3.69016
-3.69016
-1.22426
-1.22426
-1.22426
-2.31052
-2.31052
-1.06995
0.851929
0.986597
2.56028
2.56028
2.56028
2.56028
2.56028
2.56028
4.71437
2.68532
2.95551
2.99345
2.99345
2.99345
4.67481
4.67481
2.1777
2.1777
2.1777
2.1777
2.1777
2.1777
2.1777
2.1777
2.1777
2.1777
2.1777
3.91321
3.91321
3.91321
3.79287
1.40624
1.21218
1.21218
-1.26391
-1.26391
-3.73592
-1.16902
-1.16902
-0.828231
-1.59974
-1.89642
-0.370508
-0.370508
1.7384
1.7384
1.7384
1.7384
1.71523
1.71523
1.6343
2.92573
3.95869
1.31113
3.95017
3.95017
3.95017
1.44946
1.44946
-0.940077
1.69061
4.26586
4.26586
4.26586
3.95737
3.95737
3.95737
2.42326
2.42326
3.83079
3.83079
3.83079
3.83079
2.49913
2.57119
2.57119
4.36312
4.36312
3.70891
2.20951
2.20951
2.20951
2.20951
2.20951
2.20951
2.23453
4.81555
3.06578
3.06578
5.36099
2.94195
3.85068
3.85068
3.11588
3.11588
2.55316
2.55316
2.55316
2.55316
4.91897
4.13514
6.14554
6.14554
6.14554
3.52063
4.19743
4.42501
3.25572
3.25572
3.25572
4.48773
4.48773
2.52178
2.52178
2.52178
2.52178
4.86366
4.86366
5.2949
5.13865
5.13865
7.1828
7.33007
5.12528
7.07235
5.91792
5.91792
5.91792
5.21037
6.27458
6.27458
4.60939
3.60299
6.08787
6.08787
4.57165
4.49768
4.49768
6.64945
6.64945
6.64945
6.64945
6.64945
6.64945
3.99213
3.99213
3.99213
3.99213
3.99213
3.33983
1.79284
3.8986
4.51468
4.49393
4.49393
3.7425
3.7425
3.7425
1.69769
2.6735
2.6735
2.6735
2.48535
2.48535
2.85642
1.22235
3.09221
3.09221
3.09221
3.09221
3.09221
1.49189
1.24196
3.02949
1.72974
1.72974
1.72974
1.72974
1.72974
1.72974
1.72974
3.66909
3.66909
3.66909
3.66909
3.66909
6.06975
6.06975
7.45314
7.45314
7.71872
7.71872
8.82979
6.23983
4.84388
2.38314
2.38314
2.38314
2.38314
2.38314
4.21306
4.21306
4.21306
2.24977
2.42121
5.02443
7.19859
8.05851
8.05851
5.65867
5.65867
8.06947
8.06947
8.58088
8.58088
6.17004
6.17004
5.65307
5.65307
5.65307
5.65307
7.70848
7.70848
6.69051
7.31124
7.45753
6.4958
5.84012
3.82371
3.82371
5.68548
5.68548
5.68548
5.68548
7.2774
7.2774
7.94663
7.21479
5.26585
6.44159
4.85656
3.6993
3.6993
3.6993
4.31433
4.31433
2.46264
2.46264
3.0119
3.0119
3.0119
3.0119
5.19411
5.19411
4.20185
4.20185
3.70994
3.70994
3.70994
3.70994
3.34609
0.8469
0.8469
2.06052
2.06052
4.0762
4.0762
2.6096
2.6096
2.6096
0.680523
-0.379545
-1.46576
-1.90344
-1.90344
-1.90344
-3.9698
-3.9698
-3.9698
-4.44254
-4.44254
-4.44254
-4.44254
-4.44254
-6.79456
-6.79456
-6.87058
-6.87058
-6.87058
-6.87058
-4.33925
-3.77868
-2.93809
-2.93809
-3.33391
-3.33391
-3.33391
-1.31058
-1.31058
-1.31058
-1.31058
-3.06575
-4.43524
-4.43524
-3.70564
-1.19359
-3.64604
-3.64604
-3.64604
-5.16791
-2.74275
-2.74275
-2.74275
-2.74275
-3.14059
-3.14059
-3.14059
-1.21312
-1.21312
-3.34353
-3.34353
-3.56782
-3.56782
-2.91723
-3.94289
-3.94289
-3.94289
-3.94289
-2.59405
-2.59405
-2.59405
-2.15072
-2.15072
-3.19306
-1.85145
-1.94551
-1.94551
-1.94551
-1.94551
-3.49285
-3.49285
-5.1416
-4.88218
-4.88218
-3.70664
-4.91802
-4.91802
-4.36746
-1.87234
-4.0217
-4.0217
-4.0217
-4.0217
-5.41674
-4.61564
-2.81467
-2.81467
-2.81467
-2.81467
-2.81467
-1.09276
-1.09276
-1.09276
-1.72747
-0.926534
-0.926534
-2.84219
-3.92017
-2.16789
-0.772838
-0.677057
1.23068
-1.18569
0.572627
0.572627
0.572627
2.22588
2.32937
1.59343
1.59343
1.59343
3.50274
3.50274
3.50274
3.50274
1.11179
1.97577
1.97577
3.45503
4.17468
5.52082
5.52082
4.17517
3.73009
3.73009
3.73009
4.49921
4.49921
4.49921
4.49921
4.49921
4.49921
4.49921
2.54526
2.54526
1.76022
4.41883
4.41883
3.97815
3.97815
3.97815
4.56523
5.2173
6.6928
5.86311
4.76442
4.76442
4.76442
3.43799
3.43799
3.43799
3.43799
6.08847
6.08847
4.19433
4.19433
5.83927
4.56474
5.20518
4.12174
4.26239
4.26239
1.74337
1.74337
1.74337
1.74337
3.8595
4.22961
5.0281
5.0281
2.53322
2.53322
2.53322
2.26454
2.68776
2.68776
2.91001
2.91001
0.761282
0.761282
3.11117
2.11286
3.70212
3.70212
2.3404
2.3404
2.88871
2.88871
2.88871
1.96093
2.38856
2.68331
2.68331
1.89152
0.811872
2.7531
2.7531
1.82316
1.20782
1.20782
1.20782
1.20782
1.46216
3.01811
2.62396
2.63466
2.63466
3.45081
3.95084
4.54754
2.67985
2.67985
3.96629
5.78902
4.86319
4.36019
1.73577
3.04058
3.04058
3.04058
3.04058
1.57922
1.57922
1.57922
3.33066
3.33066
3.33066
3.33066
3.33066
3.65012
5.33106
6.67657
6.67657
6.01294
6.01294
6.01294
6.01081
7.28845
6.82114
6.82114
4.32109
4.57867
2.40279
2.56222
4.81644
3.34955
4.69781
4.69781
4.59878
5.63722
3.49574
3.49574
3.49574
3.49574
1.58319
1.58319
-0.971333
-0.971333
-0.967874
1.04118
1.91191
4.01896
4.01896
4.22517
2.98523
2.98523
2.98523
2.98523
0.85758
0.85758
0.85758
2.50519
2.7684
2.7684
2.7684
2.7684
2.7684
2.7684
4.80477
4.80477
4.30274
3.30595
1.54588
3.02085
3.02085
3.02085
3.02085
3.02085
3.02085
3.02085
3.02085
3.02085
0.924746
0.924746
0.924746
0.924746
0.924746
0.914529
0.914529
0.914529
0.792175
-0.890086
1.43309
1.86629
1.86629
3.08358
3.08358
4.53072
2.68227
3.52672
3.52672
2.06714
2.06714
2.06714
4.33684
4.43304
4.41017
4.83606
4.83606
4.83606
5.29357
5.74121
5.74121
6.61807
6.47215
6.47215
3.95511
3.95511
3.95511
3.95511
3.95511
5.94925
5.00765
4.14883
2.93689
4.25905
4.25905
5.78083
5.78083
5.78083
5.78083
5.78083
3.7587
5.5182
5.5182
3.89924
5.1284
5.1284
5.1284
7.28329
7.05412
7.05412
5.46038
5.46038
5.46038
5.12602
5.12602
3.375
3.375
4.61925
2.39719
2.39719
2.39719
2.39719
4.96005
2.68715
1.84595
-0.213745
-0.213745
2.13153
4.08384
4.08384
4.60568
4.60568
4.60568
3.44425
2.28428
2.28428
2.28428
2.46112
3.36119
3.24842
3.24842
3.24842
3.24842
1.53571
3.45595
3.45595
4.34561
4.34561
4.34561
2.51278
2.51278
5.13231
5.13231
5.13119
5.13335
5.13335
5.13335
5.13335
5.13335
4.11053
4.11053
5.46901
4.77293
6.37712
6.37712
6.47095
6.08555
3.77614
3.77614
3.77614
3.77614
3.77614
4.26624
4.26624
3.31676
2.45474
4.38567
2.12406
2.75022
4.55013
1.88163
1.88163
1.51511
1.51511
0.76755
-0.987035
0.825176
3.41178
5.95126
7.80872
7.80872
7.8091
7.88398
9.98708
9.03095
9.03095
7.19219
7.19219
7.19219
7.19219
7.47798
6.98961
6.98961
5.79014
6.12138
4.16312
4.16312
4.16312
4.16312
4.49252
1.89473
1.89473
1.89473
1.89473
1.89473
1.89473
1.89473
1.89473
2.04591
2.04591
2.04591
2.47624
2.47624
2.47624
5.01452
3.39861
2.8327
1.99167
1.99167
-0.54939
1.16962
1.82722
4.01404
4.01404
4.01404
4.01404
4.01404
6.58201
4.52201
2.4311
2.4311
2.4311
2.44354
3.63088
3.63088
3.21216
3.21216
3.21216
3.1424
3.43293
4.88155
4.88155
5.77236
5.77236
6.22522
6.22522
4.08244
4.84543
4.84543
4.84543
2.56809
2.56809
1.71047
1.71047
1.71047
1.71047
1.71047
1.71047
2.32952
2.81492
5.3605
5.3605
4.22287
4.22287
2.26228
1.11953
3.17231
3.17231
3.62527
5.97586
3.7333
2.03553
1.79457
1.79457
2.17288
2.17288
3.9343
4.13961
4.13961
3.95807
2.74037
2.74037
3.83932
3.83932
4.4349
4.4349
6.12318
6.12318
6.12318
8.41786
8.75376
8.75376
9.85145
8.43646
9.21068
7.07616
5.91726
5.13411
3.114
3.114
3.87758
2.0557
2.0557
2.0557
2.0557
1.10768
-0.98007
-0.98007
-1.84858
-1.84858
-1.84858
-4.35389
-6.94842
-5.52305
-3.41593
-3.41593
-5.23468
-3.86641
-1.78922
-1.78922
-1.39494
-1.39494
-1.39494
-1.39494
-3.27297
-2.85014
-2.85014
-2.85014
-2.85014
-3.2843
-3.2843
-3.2843
-3.87021
-3.87021
-3.87021
-2.07455
-2.07455
-2.3884
-2.3884
-3.26372
-3.26372
-1.11755
-1.11755
-1.11755
-2.81238
-2.77356
-2.77356
-1.58284
-4.20582
-6.29468
-6.29468
-6.29468
-4.83992
-4.83992
-2.60481
-2.60481
-0.747899
-0.747899
1.37938
1.30501
1.30501
1.30501
1.30501
1.30501
3.04529
3.04529
3.04529
3.04529
4.35405
5.14111
2.82374
0.671651
3.23154
3.23154
3.23154
3.63275
2.35659
2.35659
4.19014
5.82391
4.49925
4.49925
4.49925
4.76809
4.76809
4.38028
6.22577
3.64475
2.7761
2.7761
2.7761
1.27816
3.64718
3.64718
3.64718
2.1468
2.1468
2.91977
2.18458
2.18458
2.18458
1.69546
0.496631
2.93492
1.35772
1.38389
2.46995
3.31778
3.31778
3.31778
3.31778
0.994136
0.994136
2.45965
2.45965
2.45965
2.45965
2.45965
2.45965
2.45965
2.45965
2.45965
0.784469
3.13581
3.56987
2.34148
2.34148
2.34148
3.8323
3.99257
5.30291
5.30291
5.30291
5.30291
4.23135
1.67995
2.62312
2.62312
2.62312
2.14097
2.15537
2.46865
3.01059
3.01059
3.01059
1.8932
2.38098
5.03805
6.06611
6.06611
3.58425
1.42357
1.42357
0.513304
2.42513
4.91023
4.91023
3.85665
3.85665
6.23607
6.23607
6.23607
7.1271
7.1271
6.39111
4.90268
3.85052
2.71883
3.81675
3.81675
3.81675
1.99241
1.99241
4.16642
4.16642
4.16642
4.88243
4.88243
2.63817
4.78583
4.13095
6.36504
6.36504
4.60069
2.61139
2.61139
4.99161
7.34096
5.13771
6.26563
6.26563
4.71063
4.71063
3.62064
3.62064
2.79426
2.79426
2.79426
3.20944
2.08092
0.887885
0.887885
0.887885
0.887885
0.887885
1.28273
1.28273
1.28273
1.80381
1.80381
1.80381
1.80381
1.88138
1.88138
1.88138
2.66107
2.66107
3.99371
3.99371
1.5277
4.0133
4.0133
1.31831
1.52634
1.52634
1.52634
1.52634
1.52634
1.13818
3.57854
1.29559
1.89985
1.84771
2.47509
2.47509
2.47509
2.47509
2.47509
3.46589
3.46589
1.41442
1.41442
0.824361
0.824361
-0.663288
-0.663288
-1.81394
-3.45442
-3.45442
-3.45442
-3.45442
-1.15743
-1.15743
-0.947158
-0.947158
-0.947158
-0.947158
1.44449
2.34295
3.9901
4.07827
2.11306
2.11306
2.11306
2.75163
2.75163
2.75163
2.75163
2.75163
2.75163
2.75163
2.04144
3.77653
3.77653
4.09467
4.09467
4.09467
2.89439
1.66122
1.66122
1.66122
1.66122
0.730004
2.18006
2.18006
3.75537
4.7663
3.0582
2.80866
2.75506
1.02659
0.306115
-0.82291
-3.37751
-2.02233
-2.02233
-2.02233
-0.496137
-1.26731
-2.42791
-4.53436
-4.53436
-3.60663
-4.54321
-4.54321
-4.43707
-5.50443
-3.08094
-3.08094
-3.52353
-3.52353
-1.03555
-1.03555
-2.76759
-2.76759
-2.76759
-2.76759
-2.76759
-2.76759
-3.56477
-3.56477
-3.56477
-3.56477
-3.56477
-1.90049
-1.90049
-1.90049
-1.90049
-1.90049
-3.92128
-3.92128
-2.012
-2.012
-2.012
-2.012
-2.012
-2.012
-2.012
-2.012
-2.012
-2.012
-1.74842
0.361752
0.867275
0.867275
3.16746
3.16746
1.91663
1.5033
3.85031
3.85031
2.98256
2.98256
3.90892
3.98312
5.24241
3.08343
1.9525
1.9525
1.9525
4.23635
5.72088
8.1494
8.1494
9.43087
9.43087
9.43087
9.43087
8.27498
8.27498
8.27498
8.27498
8.92376
7.18107
7.18107
7.18107
8.97661
8.33876
10.434
10.434
10.434
9.89374
9.65736
8.87459
8.16661
8.16661
8.16661
8.16661
9.05911
7.35548
6.12829
6.12829
6.12829
6.12829
6.93452
8.56571
7.48619
6.08402
6.23716
5.31002
5.31002
6.3042
3.67619
2.5367
2.5367
2.5367
4.83188
4.83188
2.24355
2.24355
2.93926
2.93926
2.93926
2.93926
2.93926
0.659559
1.52844
1.52844
1.52844
1.44559
1.44559
1.44559
1.44559
1.44559
1.44559
1.44559
1.44559
1.53392
1.53392
4.00346
4.00346
3.53435
4.47687
4.21207
3.52821
3.52821
4.2646
5.74871
4.98516
4.52251
2.58122
3.11722
3.11722
3.11722
3.42005
3.42005
3.42005
5.37316
3.39561
1.30513
1.30513
2.54978
2.54978
2.54978
2.54978
4.76608
2.35703
2.35703
2.35703
3.7561
3.7561
2.56551
2.56551
2.56551
2.56551
2.58925
2.58925
2.58925
2.58925
1.39223
1.44963
1.44963
1.44963
-0.302281
1.2128
3.6971
3.26738
3.26738
3.26738
3.26738
4.03331
2.56237
3.55879
3.36417
4.1965
2.43698
3.30612
3.30612
5.48793
3.49397
3.49397
3.49397
1.51752
1.51752
1.51752
1.51752
1.51752
1.51752
1.51752
-0.665264
1.17088
2.17328
2.05096
2.05096
2.05096
2.48235
2.48235
2.48235
2.48235
2.48235
1.7112
4.16826
5.34064
5.34064
3.58139
5.8429
4.29976
1.75356
3.50856
3.50856
3.50856
3.50856
2.95186
2.95186
4.56154
1.89172
0.924319
2.34261
3.39459
3.39459
1.23322
1.23322
3.84625
1.32811
3.54445
5.33711
3.73188
6.37907
8.44998
8.42199
8.42199
8.8183
8.8183
9.04602
9.17433
6.90877
9.09213
9.09213
8.10756
8.78735
6.98417
5.09694
5.09694
5.09694
5.09694
7.21702
5.2715
5.60475
5.60475
5.60475
5.60475
4.4951
5.60252
5.77701
7.98731
7.98731
7.98731
5.89026
5.89026
6.1352
8.49729
10.4095
9.32511
9.32511
9.54005
9.54005
8.9873
8.9873
8.9873
8.9873
10.3335
10.3335
10.3335
8.2403
8.2403
8.24349
7.67227
8.51957
8.51957
7.56883
7.56883
7.47697
7.47697
7.47697
6.2114
4.72108
4.72108
6.11676
6.11676
6.11676
6.11676
7.86294
7.86294
6.67798
4.60877
4.60877
6.46991
5.27599
3.0313
2.81529
0.619398
0.619398
0.619398
-1.54102
-1.54102
-0.654134
-2.82603
-2.82603
-2.82603
-2.32477
-3.86506
-5.03081
-3.95019
-2.81356
-2.81356
-3.27696
-3.55144
-3.55144
-3.55144
-2.01682
-2.01682
-4.6123
-4.6123
-4.4754
-4.4754
-4.4754
-5.05077
-4.46107
-2.08446
-4.6289
-4.6289
-5.87989
-5.09465
-5.09465
-5.41266
-5.41266
-4.74031
-4.74031
-3.53865
-3.53865
-3.53865
-3.53865
-3.07218
-2.27031
-2.27031
-2.27031
-1.71051
-2.96885
-2.96885
-2.96885
-1.935
-2.98762
-2.98762
-2.98762
-1.62467
-1.62467
-3.12649
-3.12649
-3.12649
-3.75575
-4.07746
-4.07746
-3.03969
-5.60131
-5.60131
-5.38456
-3.57565
-3.57565
-3.57565
-4.84165
-3.00938
-3.00938
-3.00938
-3.00938
-4.03431
-4.03431
-4.03431
-4.03431
-4.03431
-4.03431
-3.69796
-3.69796
-3.69796
-3.73647
-5.62063
-5.43001
-5.43001
-4.91405
-4.91405
-3.59674
-2.5149
-2.5149
-3.47965
-4.32118
-4.32118
-4.32118
-4.32118
-3.33737
-1.21233
-1.21233
1.01484
-1.40151
-1.40151
-1.40151
-1.40151
-1.40151
-1.40151
-1.40151
-2.35396
-2.35396
-4.92954
-3.09321
-3.09321
-3.09321
-4.21967
-4.21967
-5.78954
-3.2183
-3.2183
-3.2183
-3.2183
-4.44996
-4.68807
-4.92397
-4.92397
-4.31919
-4.31919
-3.25379
-4.95486
-6.36334
-7.31807
-4.76395
-2.77751
-2.77751
-4.44728
-4.44728
-3.83983
-2.13875
-0.959142
-0.959142
1.69945
1.69945
1.69945
1.69945
2.9129
2.9129
2.9129
1.17883
3.10766
4.81693
2.79083
2.79083
2.79083
2.79083
2.79083
2.18788
2.18788
3.13022
3.13022
3.13022
3.13022
3.58489
3.58489
3.58489
1.54176
2.82472
2.82472
2.82472
1.44505
1.44505
2.42626
1.50692
2.26484
0.814198
-1.38275
-1.64463
-1.64463
-1.64463
-1.64463
-1.64463
-1.64463
-1.64463
-4.23292
-6.18515
-4.97376
-2.75278
-2.75278
-2.75278
-2.75278
-3.31028
-5.34669
-7.25043
-7.25043
-7.89875
-7.89875
-7.89875
-8.68002
-7.11525
-7.11525
-5.05093
-5.05093
-7.43387
-7.94349
-8.17607
-8.17607
-8.17607
-8.17607
-5.60276
-4.32782
-2.48659
-4.10686
-5.70575
-6.4238
-7.07539
-7.00683
-4.61496
-2.40695
-2.40695
-2.40695
-2.55848
-2.55848
-3.61977
-4.83678
-5.96674
-4.26815
-4.99142
-4.99142
-6.33725
-7.39224
-5.31494
-4.20434
-6.84504
-6.84504
-6.84504
-6.84504
-5.91447
-7.94581
-9.68233
-9.60467
-9.60467
-8.48321
-7.45319
-7.35005
-7.35005
-7.69935
-5.41798
-5.41798
-4.47418
-4.47418
-4.47418
-4.47418
-4.47418
-4.47418
-4.47418
-2.62918
-2.44346
-2.44346
-2.44346
-2.44346
-0.750723
1.62132
3.08087
3.08087
3.08087
3.08087
4.279
4.279
4.279
2.11282
3.31248
5.919
3.97769
3.15255
3.15255
3.15255
3.15255
2.59419
2.59419
2.59419
2.59419
2.59419
2.59419
2.59419
2.59419
2.59419
2.59419
4.58586
4.58586
2.9456
2.9456
1.78622
1.78622
1.78622
1.78622
1.83015
1.83015
1.83015
1.83015
1.83015
3.96888
2.53787
2.53787
2.13307
0.648685
0.376373
0.376373
0.11664
2.67213
1.19246
1.19246
1.19246
2.93247
2.93247
2.28936
3.54115
4.64692
4.64692
4.64692
4.64692
3.23638
4.29697
3.10052
3.10052
3.10052
5.6743
5.6743
4.81202
4.81202
5.43438
5.43438
3.43881
3.43881
3.43881
3.43881
1.41535
1.33652
3.79503
3.79503
2.46989
3.99501
2.31147
2.59899
2.59899
3.75514
3.75514
3.75514
4.5872
2.18914
3.34045
1.89253
1.89253
4.15881
6.10463
7.49955
7.96766
7.96766
7.96766
7.93625
9.92158
9.92158
7.86326
7.59853
7.59853
7.0992
7.0992
9.29004
8.14776
8.58244
6.48414
6.48414
4.2504
4.2504
2.4347
2.59875
2.59875
2.59875
2.31211
0.73266
3.22355
3.22355
5.21617
3.99925
3.99925
5.06603
3.62015
3.62015
3.62015
3.37515
4.88258
2.40445
2.40445
2.40445
2.40445
2.40445
2.40445
2.40445
2.40445
1.51662
1.51662
1.51662
1.51662
1.51662
1.71633
1.71633
1.71633
4.31766
2.7857
2.7857
2.7857
2.89944
2.89944
2.89944
1.43551
2.37404
2.37404
2.37404
0.99749
-1.1948
-2.67649
-1.52721
-1.52721
-1.52721
-3.64207
-3.64207
-6.15575
-6.15575
-5.51211
-5.51211
-5.51211
-6.07641
-6.07641
-6.07641
-3.97816
-5.46782
-5.67674
-5.2649
-5.2649
-6.72928
-6.72928
-4.38672
-4.38672
-7.03063
-7.03063
-7.03063
-6.15281
-7.55051
-7.55051
-7.52446
-5.12622
-5.12622
-3.78237
-5.0999
-5.0999
-5.0999
-6.59829
-4.22061
-6.32732
-6.32732
-6.32732
-6.63451
-6.12172
-6.12172
-6.12172
-6.12172
-3.6784
-4.92004
-4.92004
-3.53038
-3.1793
-3.9084
-3.9084
-3.9084
-2.84302
-4.97846
-4.97846
-3.637
-3.637
-3.637
-3.637
-1.55671
0.976746
3.40584
3.40584
0.738667
0.738667
2.66698
2.66698
1.4989
1.4989
2.67384
2.67384
2.67384
2.67384
3.19844
3.19844
3.19844
1.54582
2.34933
2.65361
2.65361
2.65361
5.0474
5.0474
3.92435
3.92435
1.659
3.35073
1.02541
-1.60315
-1.60315
-2.81038
-3.07467
-5.72476
-5.54833
-3.55954
-1.42
-1.42
-1.42
-1.95792
-1.95792
-3.90319
-3.99931
-3.99931
-3.99931
-3.99931
-3.99931
-3.99931
-6.37377
-8.45273
-10.1987
-12.0734
-9.82415
-9.82415
-9.82415
-11.2222
-11.2222
-11.2222
-11.2222
-11.2222
-11.2222
-10.6351
-10.7018
-10.7018
-10.7018
-10.9138
-9.06295
-9.06295
-8.15012
-8.15012
-6.84146
-6.84146
-5.58173
-5.58173
-5.58173
-3.10297
-3.85329
-3.85329
-3.35434
-3.35434
-3.35434
-3.35434
-3.35434
-3.35434
-1.20663
-2.30241
-4.68207
-4.68207
-5.77245
-3.29497
-3.29497
-3.29497
-5.79948
-3.53508
-3.53508
-3.53508
-1.74177
-1.74177
-1.74177
-1.74177
-1.74177
-4.17087
-4.17087
-4.17087
-1.74592
-4.00802
-1.41431
-1.41431
-1.41431
-2.95444
-2.95444
-2.04953
-2.04953
-2.04953
-2.04953
-2.04953
-3.1616
-3.41852
-3.41852
-3.41852
-3.41852
-3.41852
-3.41852
-4.34125
-1.94534
-1.41676
0.926694
0.926694
0.926694
-1.1821
-1.1821
-1.1821
-1.1821
-1.1821
1.23823
1.41292
-1.2796
-3.31652
-1.6703
-2.95116
-2.86284
-4.29764
-4.29764
-3.58928
-3.58928
-3.58928
-3.58928
-3.58928
-3.58928
-3.58928
-3.58928
-1.89354
-1.89354
-3.46116
-3.46116
-3.46116
-4.64699
-4.64699
-3.68214
-3.68214
-3.30715
-3.30715
-4.89606
-5.10596
-4.33592
-4.33592
-4.33592
-3.25933
-3.25933
-3.25933
-3.25933
-3.79192
-5.42946
-5.76108
-3.94013
-3.6132
-2.91469
-5.04597
-5.04597
-5.04597
-2.90389
-1.81957
-1.81957
-2.4546
-2.4546
-3.87558
-4.2328
-4.32249
-4.32249
-2.75695
-3.28141
-4.03297
-1.96998
-1.96998
-1.96998
-2.91304
-2.91304
-2.91304
-2.91304
-2.91304
-2.81297
-3.95093
-3.95093
-3.95093
-3.95093
-3.95093
-3.95093
-3.95093
-3.95093
-3.95093
-4.4318
-6.96082
-7.88511
-7.88511
-7.22479
-7.22479
-7.22479
-7.17989
-6.13785
-5.72743
-5.89788
-5.89788
-7.76612
-6.39047
-6.39047
-7.31896
-6.42796
-4.17581
-4.82042
-4.82042
-5.58081
-5.88841
-8.56369
-8.56369
-8.56369
-6.17652
-6.17652
-6.0821
-4.94159
-3.15968
-3.15968
-3.15968
-2.3046
-2.3046
-2.3046
-2.3046
-2.3046
-4.96426
-6.24174
-7.76539
-7.76539
-7.3497
-7.52935
-6.11316
-6.738
-8.77518
-7.19689
-7.19689
-5.33219
-6.86431
-6.86431
-5.08002
-5.08002
-5.08002
-5.08002
-3.22651
-3.22651
-3.22651
-3.22651
-5.86609
-3.29306
-2.18994
-3.11272
-2.59012
-2.59012
-5.15937
-5.15937
-5.15937
-4.14763
-4.14763
-4.14763
-4.14763
-4.14763
-4.14763
-4.7282
-4.7282
-4.7282
-5.44759
-5.78295
-5.78295
-5.78295
-4.89668
-5.50833
-4.4028
-6.91858
-6.91858
-6.91858
-4.40159
-4.53661
-4.53661
-4.46701
-2.2787
-2.2787
-1.71445
-1.71445
-1.71445
-1.71445
-1.71445
-1.71445
-1.71445
-1.71445
-1.71445
-3.29723
-3.29723
-3.29723
-3.29723
-3.29723
-3.29723
-4.43896
-5.52005
-5.52005
-5.15742
-5.15742
-5.98981
-7.5576
-7.5576
-7.43351
-7.43351
-9.40004
-7.05746
-5.37173
-5.37173
-3.07054
-3.07054
-3.07054
-3.07054
-3.07054
-3.07054
-1.36992
-1.36992
-1.86792
-1.86792
-1.14704
-1.14704
-2.9901
-2.9901
-2.9901
-2.9901
-3.1909
-3.39685
-3.39685
-3.39685
-5.15893
-5.15893
-5.09982
-6.98887
-6.98887
-5.70421
-5.70421
-3.41318
-3.41318
-5.17879
-6.47637
-6.1265
-6.1265
-4.70475
-4.70475
-4.70475
-4.70475
-6.3379
-6.00338
-6.15051
-4.61731
-2.42395
-2.42395
-2.03447
-2.55278
-2.55278
-2.55278
-3.11349
-3.11349
-5.23607
-5.23607
-3.39765
-4.87418
-2.21435
-3.21004
-2.80163
-2.80163
-2.80163
-3.85322
-3.85322
-3.85322
-3.85322
-3.87909
-2.79707
-2.79707
-2.79707
-2.79707
-3.93708
-3.93708
-3.93708
-2.45912
-2.45912
-3.85105
-5.8792
-5.8792
-5.8792
-5.8792
-5.8792
-5.8792
-6.94519
-5.34304
-3.48887
-3.48887
-3.48887
-3.48887
-3.48887
-3.48887
-3.48887
-3.48887
-3.78503
-3.78503
-3.33256
-3.33256
-3.33256
-5.86271
-5.31677
-5.31677
-5.53605
-2.86187
-2.86187
-2.86187
-2.86187
-3.00947
-3.00947
-3.00947
-3.00947
-1.80365
-1.80365
-1.80365
-1.80365
0.573527
0.573527
1.02593
2.43789
4.25303
1.95843
1.95843
1.95843
1.95843
1.95843
1.95843
1.95843
1.95843
1.73418
1.73418
1.73418
2.23616
2.23616
2.23616
3.69163
3.69163
3.69163
3.69163
4.15472
4.15472
3.94601
3.94601
5.45317
5.45317
4.31155
2.54783
2.54783
2.54783
2.38784
2.38784
2.38784
2.38784
2.38784
2.38784
2.38784
2.38784
2.38784
2.38784
2.38784
2.38784
2.38784
2.38784
2.38784
4.29114
4.29114
4.29114
4.29114
4.29114
4.29114
4.29114
3.00537
3.00537
4.76159
3.78695
2.3469
2.3469
2.3469
1.67888
1.67888
-0.977548
-0.977548
-0.977548
-0.977548
-1.37971
-1.37971
-1.37971
-2.78835
-4.46176
-4.83065
-2.17338
-3.29885
-3.29885
-1.39221
-1.39221
-1.39221
-1.39221
0.54327
0.54327
0.54327
1.38914
1.21862
3.57879
2.55898
1.82178
1.82178
1.82178
2.24237
0.994205
0.994205
0.994205
-1.34092
-1.3088
-3.28651
-1.85741
-1.85741
-1.85741
-1.85741
-2.37627
-0.573591
-2.16117
-2.16117
-2.16117
-2.279
-2.279
-2.279
-2.279
-2.279
-2.279
-1.05565
-2.77405
-2.52569
-1.69328
-1.69328
-3.68361
-3.0032
-3.0032
-3.0032
-3.23966
-2.29789
-2.29789
-3.53311
-1.36451
-1.36451
-3.95272
-3.95272
-5.70765
-4.12269
-1.92467
-1.92467
-3.01685
-3.22686
-3.22686
-4.36355
-3.88332
-4.02258
-4.02258
-4.02258
-3.04499
-1.85864
-4.5197
-3.10749
-3.10749
-2.17966
-4.63678
-4.63678
-2.5983
-2.44843
-4.61963
-4.61383
-6.43273
-6.43273
-6.43273
-6.43273
-4.39388
-5.03751
-5.03751
-2.50119
-0.597546
-0.904212
0.876083
2.53455
2.53455
1.91363
4.0494
3.78392
3.78392
3.78392
3.73659
3.73659
2.8707
3.12093
2.9028
2.60196
1.11139
2.45177
2.3588
2.3588
3.66386
3.66386
3.68202
3.68202
3.68202
3.68202
2.5934
2.5934
2.5934
2.5934
2.5934
2.5934
4.63993
4.63993
2.46818
2.01199
2.01199
4.10026
2.30507
2.30507
2.30507
1.35628
-0.434669
-0.61076
0.944892
1.05936
2.62497
2.62497
2.62497
2.62497
2.61799
2.61799
2.61799
3.70532
1.788
3.71688
3.67367
4.6525
4.6525
4.6525
5.37253
5.37253
4.55029
7.11
8.05216
8.05216
8.05216
7.89725
7.89725
7.89725
5.92505
5.92505
5.92505
6.9308
7.43403
9.31541
9.31541
7.95462
6.39529
6.39529
6.27369
6.27369
3.60926
2.00405
3.52392
1.28282
1.28282
1.28282
2.34683
2.34683
2.34683
1.94864
4.32393
2.90516
2.90516
2.23993
2.23993
2.51335
2.51335
2.51335
4.92619
4.92619
2.34916
0.335631
1.60729
1.60729
3.10241
3.10241
3.10241
5.2265
2.88853
5.14295
3.86167
3.86167
2.57367
1.34088
2.75935
5.22468
5.22468
5.22468
3.0349
3.0349
3.0349
3.0349
3.0349
3.17867
3.6085
3.6085
3.6085
3.6085
3.6085
5.54569
6.54258
4.64422
5.43308
5.43308
5.43308
5.71494
5.71494
4.61496
6.93854
5.37823
4.70203
2.85972
3.98061
2.76212
5.26758
6.40677
4.93563
2.44539
2.44539
4.78672
4.78672
4.78672
4.00028
4.00028
1.48097
1.48097
1.43535
1.43535
1.43535
-0.710058
0.913107
2.41067
2.41067
2.41067
2.41067
2.15388
2.15388
2.15388
2.15388
2.15388
2.15388
2.15388
2.15388
2.15388
1.33163
1.42782
1.6091
1.6091
0.86933
0.86933
3.08977
3.08977
3.08977
1.4945
3.90177
5.23315
5.23315
4.36751
5.13802
5.13802
5.13802
6.40836
6.40836
4.02904
4.02904
1.56489
0.746203
-1.44254
0.597627
0.597627
2.82488
2.82488
2.82488
1.6728
1.6728
2.20821
2.20821
2.20821
2.20821
2.20821
0.954815
2.52224
2.52224
0.886315
2.88117
2.88117
2.88117
1.71557
1.71557
-0.679917
-1.55319
-1.55319
-4.22098
-4.3424
-4.95485
-4.95485
-4.3644
-4.3644
-2.87734
-0.637642
-0.637642
1.43257
3.88525
2.07754
2.07754
1.30679
1.30679
1.30679
1.30679
2.97957
0.703049
-1.89016
-1.89016
-1.89016
-4.13686
-2.29754
-3.61443
-3.61443
-3.61443
-1.90142
-3.12937
-4.1405
-1.72481
-3.64237
-3.64237
-4.21677
-4.21677
-6.1313
-6.1313
-6.51104
-6.51104
-5.85019
-5.85019
-5.85019
-4.72591
-5.11591
-5.11591
-3.45516
-3.45516
-3.45516
-4.77375
-3.96008
-2.57832
-4.91857
-4.91857
-2.35618
-1.64428
-3.24764
-2.43336
-2.43336
-4.03831
-2.19212
-2.19212
-2.19212
-2.19212
-2.19212
-2.19212
-2.19212
-2.19212
-2.19212
-2.19212
-2.19212
-2.19212
-2.19212
-1.88847
-1.88847
-1.88847
-1.88847
-0.720365
-2.74458
-4.47706
-4.47706
-5.9242
-5.9242
-5.9242
-6.50546
-6.50546
-4.26752
-4.26752
-4.26752
-2.72125
-4.34745
-3.73417
-1.73677
-1.73677
-1.73677
-1.73677
-1.73677
-1.73677
-1.73677
-1.73677
-2.7599
-2.7599
-2.7599
-2.7599
-2.7599
-2.35637
-2.35637
-1.63382
-3.2597
-4.11629
-1.45401
-1.45401
-1.45401
-1.45401
-1.45401
-1.45401
1.0252
1.59576
2.54161
2.54161
2.54161
4.48758
4.48758
4.48758
4.48758
3.00082
3.37152
3.37152
3.37152
3.21243
3.21243
3.21243
3.21243
3.88453
3.93025
3.93025
3.93025
3.93025
4.68515
3.43116
3.10757
3.10757
0.904796
0.904796
0.904796
0.904796
0.904796
-0.878022
1.13882
1.13882
1.13882
-1.22583
-3.05916
-2.10276
-3.70828
-3.70828
-4.1769
-3.9215
-3.9215
-3.9215
-3.9215
-5.84578
-5.84578
-4.16089
-4.47983
-4.47983
-5.81012
-7.61574
-7.33783
-7.79919
-5.63436
-5.63436
-5.63436
-5.63436
-3.62161
-1.17568
-1.32689
1.12007
1.12007
2.95813
1.87643
1.2255
3.38794
1.80369
1.80369
1.81697
1.81697
4.3551
2.0244
2.0244
1.73078
1.73078
1.73078
1.73078
1.73078
3.97341
3.97341
3.97341
2.03218
1.86227
1.86227
1.86227
1.86227
1.86227
1.86227
1.86227
4.26778
5.17032
4.50513
4.5309
6.57947
8.53828
9.54434
9.54434
8.32292
8.32292
8.32292
8.32292
8.32292
8.32292
8.32292
8.32292
6.13082
6.22832
4.64323
2.6914
2.6914
4.26903
5.33932
6.20832
6.20832
5.16279
7.32791
5.51996
5.51996
6.84963
4.53925
3.26756
1.93376
1.93376
3.05682
3.05682
3.05682
3.05682
2.83375
4.96055
4.11504
4.11504
1.62899
1.62899
-0.870962
-0.870962
-2.86313
-2.86313
-3.6645
-3.6645
-3.55996
-3.55996
-3.55996
-3.55996
-3.0971
-3.0971
-5.08955
-4.54917
-4.54917
-5.55414
-6.41339
-4.84888
-4.84888
-4.84888
-4.84888
-4.84888
-4.56329
-2.59489
-2.59489
-2.59489
-2.59489
-2.59489
-2.90295
-2.90295
-4.81236
-5.61561
-3.88217
-3.88217
-3.88217
-1.30858
-3.5747
-3.5747
-3.5747
-3.5747
-1.20608
-3.3687
-3.47705
-6.16216
-6.10477
-7.64425
-7.64425
-7.64425
-7.64425
-7.24021
-9.06329
-7.60051
-6.36955
-6.6816
-4.16611
-2.51523
-2.51523
-2.51523
-2.51523
-2.51523
-2.51523
-2.51523
-2.51523
-2.51523
-2.51523
-2.51523
-2.18263
-0.676763
-0.676763
-1.82491
-2.73132
-2.73132
-5.4021
-5.4021
-3.51036
-3.70735
-1.53419
-3.87351
-2.12482
-3.36081
-5.17613
-6.6196
-6.6196
-6.6196
-8.54737
-7.014
-6.86753
-6.86753
-6.86753
-5.05588
-4.45229
-3.17176
-1.98202
-1.77455
-2.83322
-3.51331
-4.68027
-4.68027
-4.68027
-2.19728
-4.33798
-4.33798
-4.33798
-4.33798
-4.33798
-4.33798
-5.73106
-5.73106
-5.73106
-7.45083
-6.85174
-5.10014
-4.7145
-2.90819
-3.22906
-2.91616
-4.93901
-5.49339
-5.49339
-5.57011
-3.23632
-3.23632
-3.23632
-1.66075
-1.66075
-1.66075
-2.70667
-3.45042
-1.42023
-1.42023
-1.42023
-2.7145
-3.99509
-3.99509
-3.99509
-3.99509
-2.57661
-4.23762
-1.80591
-1.80591
-1.80591
-1.80591
-0.318315
0.310552
1.80261
1.80261
2.22574
2.22574
2.7708
5.09778
4.11797
3.19267
3.03691
1.76579
1.76579
1.76579
1.76579
3.27141
3.27141
0.576007
2.38321
2.53972
2.53972
3.64215
3.64215
3.64215
3.46392
4.93578
3.52989
2.26085
3.99493
3.99493
2.78289
3.87575
3.51947
3.81092
3.81092
2.01521
2.01521
2.01521
1.5887
1.5887
1.5887
3.79185
3.79185
3.79185
3.79185
3.76018
5.64304
7.20479
8.27944
8.27944
5.66408
5.66408
5.66408
5.66408
6.59304
6.59304
7.58376
7.58376
7.58376
7.58376
8.03685
7.17442
7.17442
7.17442
7.38863
7.38863
5.659
7.37411
6.58104
8.70034
6.57962
4.35383
4.35383
5.01672
5.01672
4.37183
4.85518
2.88028
2.88028
2.88028
2.24761
2.24761
2.24761
2.4316
2.4316
2.4316
2.4316
2.4316
2.4316
2.4316
2.4316
1.65604
2.50177
2.58728
2.58728
4.72864
4.72864
2.30489
2.30489
2.30489
2.9307
2.9307
3.52178
1.51861
3.56863
3.56863
3.56863
5.03589
5.03589
6.45774
6.45774
7.90655
6.96158
6.96158
6.83717
6.83717
9.15037
7.83165
5.85522
5.85522
5.85522
4.1227
4.1227
3.23421
5.77941
4.1236
3.62717
4.74265
6.30658
4.45762
5.06251
7.50927
7.50927
5.81215
5.81215
5.81215
3.41685
1.9862
1.9862
1.20908
1.20908
3.53299
1.99422
1.99422
2.79616
3.22062
2.18528
2.18528
2.18528
0.575073
0.575073
0.575073
-1.52414
-3.95294
-3.95294
-3.95294
-1.45004
-1.45004
-1.45004
-2.40307
-2.40307
-2.40307
-2.40307
-2.40307
-2.40307
-2.40307
-2.40307
-2.40307
-4.31891
-4.48318
-2.24221
-2.24221
-2.24221
-2.50497
-2.50497
-2.50497
-2.50497
-2.50497
-3.73735
-3.81821
-3.81821
-3.81821
-3.81821
-2.75822
-2.75822
-3.76388
-3.76388
-2.29421
-2.29421
-3.80989
-4.15679
-1.52212
-1.45969
-3.68738
-3.68738
-3.68738
-1.88652
-1.88652
-1.88652
-1.88652
-1.88652
-1.88652
-2.50484
-2.50484
-2.50484
-2.4082
-2.4082
-2.39533
-4.54878
-2.19037
-2.19037
-2.19037
-2.19037
-1.62863
-3.13355
-5.11634
-5.11634
-2.87656
-2.87656
-2.87656
-1.57447
-1.57447
-0.877167
1.05048
1.76601
1.49828
1.49828
1.49828
1.49828
1.49828
2.45485
2.45485
1.828
3.68323
2.46629
4.84905
4.84905
4.84905
2.63043
2.63043
2.63043
2.63043
2.63043
4.24857
3.87847
1.26026
1.26026
3.3399
3.3399
3.3399
5.3725
4.18926
2.00788
2.00788
4.00567
5.44542
5.44542
3.98458
3.83488
3.83488
2.41454
2.41454
2.41454
2.63188
2.63188
2.63188
2.63188
2.63188
2.63188
2.63188
2.63188
2.63188
2.63188
2.34568
2.34568
2.34568
0.706477
-0.699319
-0.699319
-0.699319
1.73921
1.73921
1.73921
1.73921
1.73921
1.73921
1.30395
1.30395
1.30395
1.30395
1.30395
1.30395
1.30395
1.30395
2.51867
0.471936
0.471936
1.94401
1.94401
-0.592323
-2.24155
-2.24155
-3.2032
-1.65028
-1.65028
-0.947991
-0.947991
0.741945
1.72243
1.72243
1.72243
3.68703
3.68703
3.86013
3.86013
3.86013
3.86013
3.86013
4.50293
4.50293
2.87395
2.87395
2.87395
4.41688
4.41688
4.41688
3.11404
3.11404
3.11404
1.1149
1.1149
1.59516
3.66922
3.66922
5.27558
4.21441
4.21441
2.98824
2.98824
2.98824
2.98824
2.98824
2.98824
2.98824
2.94239
2.94239
1.07499
1.07499
-1.1241
1.21271
2.01835
2.69722
3.05671
0.959658
-1.71568
-1.71568
-1.71568
-4.25673
-4.25673
-4.25673
-4.25673
-4.25673
-2.66283
-2.16575
-1.12929
-1.12929
-1.12929
-2.26001
-3.27803
-3.27803
-4.33697
-4.33697
-4.33697
-6.06622
-6.18812
-7.61468
-7.61468
-7.61468
-5.08161
-5.08161
-5.08161
-3.73469
-3.73469
-3.81204
-4.40274
-4.70366
-5.50853
-3.36688
-3.36688
-3.36688
-3.36688
-1.15318
-3.79749
-3.79749
-3.79749
-3.79749
-3.79749
-4.886
-4.70884
-4.70884
-6.80256
-4.17372
-3.25614
-2.77942
-4.0566
-5.59774
-5.59774
-5.59774
-5.13545
-4.87084
-4.87084
-4.87084
-3.63493
-3.63493
-4.75276
-4.75276
-4.75276
-2.59766
-2.59766
-2.59766
-4.83333
-4.83333
-2.81745
-0.554654
-0.554654
-2.52627
-2.52627
-2.52627
-5.07563
-5.03689
-5.03689
-5.03689
-5.03689
-5.03689
-5.03689
-5.03689
-2.94725
-1.24519
-2.16797
-0.833522
-0.833522
-0.423093
-1.59238
-1.1524
-1.1524
-1.1524
-2.82936
-2.06442
-2.06442
-2.06442
-2.06442
-2.06442
-2.06442
-2.06442
-2.06442
-3.48414
-1.91849
-1.32075
-1.32075
-1.14907
-1.14907
-2.75437
-2.75437
-2.75437
-4.28744
-4.0835
-4.0835
-2.69372
-4.17912
-4.17912
-4.17912
-5.30319
-5.30319
-5.30319
-5.30319
-3.32601
-5.69048
-3.42092
-1.97027
-1.97027
-3.73673
-3.73673
-3.73673
-3.73673
-3.73673
-6.27099
-7.64301
-7.64301
-6.81279
-4.9306
-7.61092
-7.61092
-8.03107
-6.43892
-5.33954
-5.33954
-4.68386
-4.68386
-4.68386
-4.68386
-4.32995
-1.93886
-1.93886
-3.84058
-2.35226
-2.35226
-2.35226
-2.35226
-2.35226
-2.35226
-1.49059
-1.49059
-1.49059
-1.49059
-2.99017
-3.28808
-3.28808
-1.19513
-3.27446
-1.25157
-3.53063
-5.40159
-5.40159
-5.40159
-5.40159
-4.01743
-4.01743
-2.79565
-2.79565
-2.79565
-2.79565
-2.79565
-2.16866
-3.28283
-3.28283
-2.98142
-2.98142
-1.08907
-1.05664
-1.05664
-1.05664
-0.426643
-0.712835
1.93456
1.93456
1.93456
4.44512
7.13713
5.78172
3.98858
5.39492
5.39492
5.39492
6.70842
6.66486
8.73219
8.73219
8.22316
7.09226
8.68239
8.68239
10.8234
10.5865
9.58733
9.58733
7.24048
7.24048
6.3447
6.3447
5.23288
5.23288
5.23288
6.26766
6.619
6.59033
6.59033
6.74065
6.74065
4.93082
4.93082
2.46941
2.46941
2.46941
2.46941
3.95247
3.95247
2.63341
2.63341
2.63341
2.63341
5.10972
5.86223
6.9345
7.15893
5.87419
6.9626
4.31241
5.04361
5.04361
5.04361
2.79655
0.815129
2.83159
4.55048
3.24664
3.24664
3.24664
3.24664
3.24664
3.93976
3.93976
3.93976
3.93976
3.93976
2.08054
3.01157
2.21918
2.21918
1.80602
2.43184
3.57378
1.31517
1.31517
1.40205
1.40205
3.44952
2.92049
2.07873
4.51638
2.76989
2.00395
2.00395
1.22627
-1.34154
-1.34154
-1.34154
-1.34154
-1.34154
-1.62313
-1.62313
-1.62313
-1.62313
-1.62313
-1.42784
-2.466
-4.55096
-4.55096
-3.21166
-3.21166
-1.58381
-1.58381
-1.58381
-1.58381
-3.85725
-3.85725
-4.19443
-4.19443
-5.1921
-4.36849
-6.76918
-4.75724
-6.80153
-6.80153
-6.80153
-8.29639
-8.70656
-8.70656
-8.70656
-6.67291
-4.43426
-4.43426
-4.43426
-4.43426
-4.43426
-4.43426
-3.98491
-2.72537
-4.52461
-4.52461
-4.52461
-5.8806
-5.8806
-3.3951
-3.3951
-1.0255
-1.0255
-2.68277
-2.68277
-2.68277
-3.71505
-3.71505
-3.71505
-1.54886
-2.79892
-2.79892
-3.18732
-4.1659
-4.1659
-1.83952
-1.83952
-1.83952
-4.08952
-2.93624
-1.64576
-3.16856
-3.16856
-3.16856
-3.16856
-3.04064
-3.04064
-1.77375
-1.77375
-1.77375
-2.36737
-4.1191
-2.41426
-2.41426
-3.47582
-2.25665
-1.51744
-1.51744
-1.04639
-2.74508
-3.64403
-2.73043
-2.73043
-2.73043
-2.73043
-2.19799
-2.19799
-2.19799
-4.62879
-4.62879
-3.47188
-3.47188
-4.19845
-2.85602
-2.85602
-2.85602
-5.15738
-5.15738
-5.92789
-5.92789
-5.38384
-3.36193
-4.47345
-5.68691
-8.08832
-8.08832
-8.08832
-8.75148
-8.75148
-8.75148
-10.2817
-8.85734
-8.87595
-8.87595
-6.50627
-6.89435
-6.89435
-7.84007
-6.43553
-4.5943
-2.05127
-1.41609
-0.529034
-0.529034
-0.529034
-1.20437
-1.20437
1.24742
1.24742
2.27727
2.27727
3.68015
3.68015
3.68015
3.32571
1.84082
1.84082
1.46684
1.46684
1.46684
2.37518
2.37518
2.37518
4.07736
4.07736
1.63391
2.13715
2.13715
4.41559
3.44159
3.44159
2.82238
2.82238
1.07728
1.07728
1.07728
1.07728
1.07728
3.21877
3.21877
3.21877
0.929274
2.73442
2.73442
2.73442
3.07719
3.07719
3.07719
3.07719
5.51753
5.51753
5.51753
6.34951
7.51933
5.70951
4.87858
4.87858
4.87858
4.87858
4.87858
3.87877
3.577
3.577
2.4835
2.4835
2.4835
2.4835
1.01201
0.840096
0.840096
0.840096
3.15847
3.15847
2.18811
2.18811
2.18811
0.908605
0.908605
0.908605
3.44966
3.44966
3.69029
3.69029
3.69029
3.69029
3.69029
3.69029
2.19496
2.19496
1.57374
1.57374
1.57374
3.27468
3.27468
4.34962
4.34962
4.27727
4.27727
4.27727
4.27727
4.27727
4.12017
4.12017
1.47475
3.43429
1.8862
1.86492
3.65162
3.65162
1.66926
1.66926
-0.905104
-1.78837
-1.78837
-1.78837
-1.78837
-1.78837
-4.47302
-4.47302
-4.47302
-4.33722
-1.8877
-2.80498
-3.42941
-3.42941
-3.42941
-3.42941
-0.776156
-0.340942
-1.62206
-1.62206
-1.62206
-1.62206
-1.62206
-3.95383
-3.95383
-2.99299
-2.99299
-2.99299
-2.99299
-2.99299
-4.40393
-4.40393
-4.40393
-4.40393
-4.40393
-5.02212
-5.02212
-5.02212
-5.02212
-6.84887
-6.84887
-6.84887
-6.01954
-7.55591
-8.42734
-6.07149
-6.07149
-6.07149
-6.07149
-7.29181
-5.5696
-6.97695
-4.79442
-4.79442
-6.92262
-8.82658
-9.77483
-11.2836
-9.69044
-10.7704
-9.00858
-6.49196
-4.05723
-2.43602
-0.934902
-0.338049
1.94487
3.69998
3.69998
5.39983
7.27607
5.74552
8.03415
7.18622
7.18622
7.65184
6.9978
4.90849
4.90849
5.90065
6.47791
6.47791
6.47791
6.47791
6.47791
6.47791
6.47791
7.46212
5.21869
5.21869
3.85923
3.85923
5.56703
4.86565
2.76666
2.76666
2.76666
2.76666
3.17901
3.17901
2.60287
5.1495
2.9541
2.9541
1.56321
3.56016
3.56016
3.56016
4.35518
6.41824
3.82788
3.82788
3.48031
1.49192
3.41217
3.41217
3.4305
4.73841
4.73841
4.73841
3.25609
3.25609
5.91297
4.61413
3.0544
3.0544
5.38334
3.39261
1.11909
1.31025
3.61267
3.61267
4.30725
5.3957
6.71337
6.71337
5.67526
5.67526
5.67526
4.63584
5.41545
5.41545
3.04535
5.15744
5.15744
5.15744
6.46154
6.50992
6.50992
4.35511
4.35511
1.86584
1.72622
2.52803
3.26653
3.26653
5.52225
4.78439
2.58032
2.58032
2.58032
2.58032
2.65627
2.66221
2.66221
2.66221
2.66221
3.62716
1.44847
1.44847
2.10147
4.13048
4.90187
3.88281
2.08164
3.78481
3.78481
3.78481
3.78481
2.52249
2.52249
2.52249
2.52249
2.52249
2.52249
2.52249
2.52249
2.52249
1.4833
1.4833
1.4833
1.4833
1.4833
1.4833
1.4833
1.4833
2.69704
4.19645
4.19645
2.96773
2.96773
2.32348
1.15927
3.83642
3.5345
3.22118
3.22118
5.48962
5.48962
5.48962
2.86207
2.86207
5.42309
3.32429
3.32429
2.85949
2.85949
2.85949
2.85949
2.85949
2.85949
2.85949
2.85949
3.01918
3.01918
3.01918
1.46537
1.46537
1.46537
1.46537
3.45032
5.27208
5.27208
5.27208
5.27208
3.42473
4.20026
1.80424
3.66224
3.37798
3.1574
2.23736
2.23736
2.23736
2.23736
2.23736
2.23736
2.23736
2.23736
2.23736
2.23736
2.23736
2.23736
2.23736
2.23736
2.23736
2.23736
3.78569
3.78569
5.96335
3.99719
4.26326
4.78513
2.57773
2.57773
1.71131
2.65748
2.71155
2.71155
1.64142
1.64142
1.64142
3.84393
3.84393
5.42259
3.68206
3.68206
4.77689
4.77689
4.77689
6.81574
4.64673
4.9368
3.89685
3.89685
5.56875
4.69446
3.48616
4.88303
4.88303
2.76024
2.76024
3.94828
3.09331
3.36133
3.36133
3.72049
3.72049
6.36186
4.06101
