0
0.0413687
0.0244319
0.0181977
0.0161195
0.013302
0.0116453
0.010234
0.00971331
0.00873063
0.00805929
0.00736629
0.00696729
0.00662636
0.00636116
0.00610226
0.00644466
0.00610879
0.00584382
0.0055932
0.00547736
0.00526458
0.00508894
0.0048751
0.00538442
0.00542259
0.00528526
0.00509897
0.0050768
0.00491972
0.00487093
0.00471763
0.00479267
0.00466712
0.00464766
0.00451675
0.00439984
0.00428634
0.00417541
0.00411698
0.00403059
0.00396116
0.00389006
0.00380188
0.00377155
0.00369252
0.00361352
0.00370444
0.00363912
0.00356566
0.0034973
0.00343473
0.00347354
0.00340969
0.00339378
0.00342699
0.00344477
0.00340508
0.00340202
0.00334726
0.00331892
0.00326961
0.00322938
0.00318705
0.00316753
0.00323141
0.0031849
0.00321648
0.00317129
0.00312567
0.00311305
0.00306954
0.00302725
0.00303743
0.00299978
0.00296081
0.00296142
0.00292525
0.00297289
0.00297791
0.00299701
0.00297142
0.00293769
0.00290317
0.00290073
0.0028788
0.00298334
0.00296727
0.00294829
0.0029181
0.00290963
0.00287867
0.00284995
0.00287202
0.00287965
0.00285544
0.00287706
0.00287088
0.00284756
0.00282045
