0.872064
0.672693
1.01404
0.903541
1.27489
0.877295
1.08226
0.95908
1.00809
0.732951
1.01423
1.08163
1.63886
0.531262
0.845842
1.12761
0.844011
0.93526
0.777334
1.13774
1.03196
1.52616
1.11684
0.997967
1.30985
1.41335
1.15575
0.936099
1.05642
1.02245
0.782078
0.900676
0.789238
1.38315
0.77123
1.30276
0.569946
0.855497
0.763856
1.14008
0.772304
0.685046
0.797731
1.07676
1.03659
1.17907
1.23612
0.910285
1.20041
0.869672
0.969656
0.534113
1.01964
0.902441
1.33071
1.3158
0.939755
0.815512
1.21526
1.48971
0.730801
1.64915
1.36475
0.946127
0.786494
0.467905
0.751874
0.682774
0.662025
0.539086
0.445414
0.80033
1.19243
1.21554
0.839498
0.403312
0.87709
0.95835
0.824088
0.696768
1.67965
0.693506
0.746504
1.00142
1.01832
1.49908
1.24353
0.928817
0.535822
0.515621
1.41375
1.68536
2.02058
0.786826
1.26529
1.34504
0.848512
0.906124
0.983164
0.403477
1.13779
1.22544
0.53751
1.38758
1.05862
0.546599
0.963511
0.712778
0.936843
0.538731
0.812161
0.890569
1.03187
0.845457
0.953333
1.13768
1.38367
1.67255
1.458
1.51074
1.72995
1.10583
0.642175
1.20933
0.588766
0.982768
1.00312
0.672346
1.26992
0.717681
0.436516
0.955498
0.95764
0.426034
0.862413
1.23691
0.802143
0.825975
1.24043
0.548603
0.882854
0.773711
0.93285
0.644401
0.774062
0.922378
0.589833
1.13249
0.598616
1.13339
1.18235
1.40841
0.916273
1.27858
0.515493
0.660355
1.14269
0.774913
0.691563
0.978359
0.73936
1.17436
1.30485
0.529038
1.02107
0.834125
1.0029
0.648201
0.889862
0.777578
0.540403
0.63621
1.2862
1.43348
1.1774
0.934889
0.878195
1.311
0.477994
1.09743
1.19262
0.999997
0.752409
0.973028
0.677152
0.974003
1.2796
1.08431
1.19231
0.698285
0.837171
0.581466
0.91573
0.524171
1.46938
1.09374
1.32249
0.427045
0.718909
0.91627
0.416505
1.39253
0.72968
1.48694
1.34372
1.2362
0.658192
0.572766
0.754138
0.790261
1.02529
1.29606
0.443396
0.950527
0.874487
0.880478
1.24788
0.50837
0.996031
0.931437
1.08062
0.809222
1.11602
1.07787
1.12971
0.875878
1.24511
1.23475
0.686947
0.994576
0.885205
0.903996
0.897838
0.779224
1.5288
1.26035
0.404113
0.966883
1.32751
1.27409
0.986286
0.758146
1.41747
1.50029
1.41442
1.48874
0.66835
1.62224
1.30451
1.47339
1.10262
1.46518
1.53945
1.53192
1.58661
0.663019
0.996084
1.47852
0.749334
1.34344
0.65776
0.843739
1.68819
1.03866
1.47975
0.862125
1.57137
0.680009
0.78008
0.947281
1.07008
1.53632
1.21851
1.141
0.657451
0.733432
1.22651
0.706366
0.403825
1.0399
0.900488
0.829806
0.674899
1.00349
1.10196
1.27491
0.935666
0.654348
0.837486
0.893329
1.48485
0.8644
0.848347
0.853884
0.912549
1.44114
1.13729
0.920434
0.925097
2.17872
0.807386
0.92277
0.450321
0.90011
0.568473
0.595464
1.25201
1.41099
0.38756
0.742746
2.10018
0.406291
1.43833
0.761174
0.6057
0.944589
1.04836
0.771072
0.790077
0.765922
1.39747
1.20331
0.939721
1.56394
1.53273
0.680107
1.09536
1.20023
0.919913
0.529365
0.785947
1.36512
0.952228
0.699109
0.865345
0.976114
1.0942
1.05698
1.33814
0.697086
0.730235
1.10787
1.05743
0.975081
1.04998
1.1304
1.23298
0.916638
1.25367
0.991883
1.80291
0.747129
0.874675
0.624615
0.640791
1.03831
1.40742
1.38825
1.2195
0.778849
0.837253
1.39791
0.815729
1.53247
0.797627
1.19179
0.82721
0.949121
1.88382
1.69689
1.18868
0.71769
0.920883
0.771541
1.64667
0.715872
0.815641
0.566152
0.931517
0.852574
0.308819
1.25068
0.729949
1.03585
1.23871
1.19143
0.985642
0.895674
1.37071
1.06653
1.16823
1.11624
0.705726
1.46601
1.46279
0.995478
0.888039
1.09251
1.38994
0.992388
1.30572
1.1349
1.25345
0.864585
0.792564
0.687347
1.02521
1.17541
0.798521
0.700295
1.47286
0.637268
0.804785
1.33659
1.67008
0.983169
0.799211
0.943614
0.876879
0.987183
0.869631
1.03364
1.37381
1.24978
1.27516
1.08436
0.837598
1.01747
1.0056
1.36026
1.1243
1.02663
0.658668
1.25116
0.992142
0.946937
0.743513
1.34784
0.873065
0.882401
0.677364
0.946461
0.944819
1.89201
0.885139
1.19691
1.07177
0.767743
1.04097
1.25059
0.641337
0.845455
0.603546
1.53385
0.667262
1.53493
0.908428
1.03441
1.03167
1.411
0.791839
0.749104
1.07986
0.903099
1.09895
1.62192
0.865164
1.11943
0.776978
0.596979
1.31338
0.83406
0.783645
0.723972
1.03512
0.873076
1.13876
1.63944
1.05601
1.50311
0.795035
1.17989
1.02335
1.1742
0.502414
0.97006
1.08426
0.709805
1.04828
1.5149
1.01065
0.836774
0.533775
1.20083
0.926153
0.922694
0.879935
0.590715
1.24906
1.54531
0.61431
1.17486
1.34357
1.71783
0.718046
0.775167
1.31751
1.02329
0.834626
0.736056
1.4571
1.25789
0.704692
1.05484
0.973275
1.35393
0.82706
1.01285
1.3439
1.09367
1.1767
0.848229
1.20949
1.45113
0.841817
0.699699
0.650868
0.658507
0.955465
0.887378
0.994906
0.980049
0.960587
0.985404
1.22395
1.37273
0.763033
0.310831
1.16806
0.756491
1.05836
0.921107
0.980303
1.0516
0.584233
0.588233
0.72846
1.25293
1.57681
0.919675
1.20757
0.876805
1.62732
1.33312
0.657191
0.626186
0.946166
0.797899
1.21997
0.967342
0.615749
0.467544
0.720715
0.850103
1.27353
1.70059
0.542298
1.955
0.709603
0.671587
1.46146
0.921471
0.708365
1.28208
1.12594
0.673073
0.803965
1.09032
1.2231
0.922131
0.921445
1.49408
0.751098
1.05811
1.22356
0.723715
1.69284
1.00469
1.43012
1.55874
1.27318
1.21487
0.553823
1.38219
0.579778
1.00593
0.677785
0.673896
0.436381
0.905074
0.69661
0.79556
1.56775
0.829604
0.82824
0.923915
0.956878
1.22548
0.808649
2.07455
0.951994
0.790494
1.0546
1.66755
0.878448
1.17224
0.843603
1.21774
1.22073
1.69903
1.53027
0.978855
1.74826
0.648742
0.952354
1.03417
1.05116
0.812562
1.13045
0.847416
1.20444
1.37314
1.54135
1.22425
1.13032
0.651497
0.446098
0.553906
0.75153
1.02604
1.07566
1.14239
0.628428
0.784119
1.24856
0.902905
1.18533
0.438272
1.3354
1.15199
1.1355
1.44722
0.785727
1.35605
1.13427
0.819813
1.32443
0.643732
0.772257
0.763221
1.48902
1.50218
0.716566
1.08773
0.980721
1.35798
1.16122
0.456127
0.979874
1.69367
0.988958
0.681829
0.812046
0.986553
0.599856
0.984905
0.952054
1.44354
1.13533
0.427515
0.621208
0.548417
1.39887
1.01371
0.985978
0.752708
0.757648
1.20102
0.809241
1.16768
1.40842
0.603715
1.15526
0.790801
0.545213
0.584893
1.25849
0.776279
1.07365
0.955287
0.974355
0.792208
1.05791
0.593547
1.16798
1.03299
1.68193
1.34961
0.412918
0.949342
0.864321
0.797683
1.58013
1.00567
0.967725
1.55128
0.959605
1.0175
0.795804
1.32848
1.37326
1.03331
0.936525
1.27473
1.0236
1.01752
1.06849
0.899197
1.25583
0.70365
0.795245
1.14584
0.685356
0.883671
0.796286
1.39385
1.92427
0.855157
0.872779
0.807743
0.853105
0.971992
0.800805
1.08676
1.00985
1.3668
1.69587
0.588051
0.911947
1.02008
0.483847
1.14798
0.964443
1.09988
0.840791
1.47164
0.849547
1.13021
1.88425
0.705367
1.12259
1.32394
0.497589
0.903582
0.739509
0.961414
1.10493
1.38666
0.743601
0.407283
0.500363
1.23355
0.690871
1.45101
0.971365
0.794052
0.75082
0.830198
1.48607
0.944412
1.07034
1.48254
1.24434
0.798493
0.766201
1.20141
0.816412
1.11642
1.62448
0.769072
1.05021
0.852159
0.93677
0.550362
0.99141
1.14805
0.608465
1.40199
0.71696
0.914768
1.68221
0.741451
1.01051
1.09665
1.21275
0.953156
1.05973
1.4272
1.12077
0.975301
1.6765
0.529825
0.88486
1.00163
0.774212
0.581716
1.43013
0.92132
0.696687
0.981594
0.608114
0.799595
1.32714
0.680524
0.725947
1.0084
1.04882
0.750594
1.05349
0.952475
0.910164
0.898955
0.782714
0.87504
0.814354
0.483958
0.849228
1.38747
0.655146
1.23597
1.11673
1.20933
0.54203
0.613385
0.833253
0.748801
0.991826
1.18331
0.782652
1.05041
0.716688
0.966675
0.589423
0.668859
1.16509
1.0458
1.42072
1.2504
1.41873
0.791824
1.61711
1.50211
1.24766
0.763491
0.567421
0.638743
1.54761
0.545894
0.880434
1.51935
1.59273
1.0228
1.51748
0.960656
1.25621
1.29335
1.35409
0.868459
0.778734
0.927532
0.918907
0.803438
1.3434
0.891266
1.63817
1.23113
0.658615
1.38039
1.30568
1.05079
1.01083
0.850721
1.1033
1.45984
0.638384
0.612022
0.877472
1.3906
1.58701
1.02335
1.55297
0.86265
0.969197
1.28468
0.71927
0.760711
0.970963
0.989244
1.18177
1.8951
0.386785
0.58641
0.987661
1.19605
0.953319
0.736281
0.663268
0.89426
0.71593
1.76955
1.53265
1.12488
0.715632
0.917875
0.824704
0.838665
1.10704
0.572702
0.782288
0.677578
1.11091
1.11585
0.905376
1.69246
0.559946
1.31526
1.65204
1.44557
1.4138
0.455076
1.08559
0.577601
1.69086
0.840439
0.934838
0.558159
1.23251
1.13554
0.609961
0.67536
0.616361
1.80282
1.03297
1.04641
1.0092
1.19301
0.649293
0.789905
1.63285
0.64359
1.44431
0.536677
0.444105
1.41235
0.428139
0.581616
0.8944
0.780288
1.02176
0.789816
1.10605
1.0093
1.10526
0.653817
1.14253
0.929136
1.4117
0.831727
0.892376
0.868554
0.808834
1.01732
0.961443
0.637711
1.18297
0.95683
0.975422
0.898537
0.538687
0.593341
1.83713
0.699997
0.844799
0.784078
0.645836
1.0841
1.04838
1.85994
1.2203
0.547831
1.36671
0.514165
0.814057
0.788814
1.48167
0.688241
0.879141
1.09219
0.890583
1.44346
0.991024
0.667501
0.747548
1.05559
0.894017
1.02056
1.1039
0.797748
1.20854
0.685449
1.68055
0.770402
1.25479
0.576943
0.750454
0.722381
1.0228
1.09625
1.27745
1.18743
0.949714
1.40428
1.15802
1.25055
0.526566
1.4646
0.722788
0.749319
1.05963
1.95937
1.13981
0.591536
0.812256
1.52278
1.32992
0.553402
0.711238
1.01583
1.22119
0.594932
1.16453
0.767798
1.24194
0.646865
1.14665
0.96716
1.43718
0.446684
1.02189
1.38657
1.03733
1.01345
0.290786
1.13683
1.19228
0.877563
0.916512
1.15618
0.951553
0.629873
0.699853
1.33676
0.728496
2.06725
0.747178
0.559522
0.858935
0.969382
1.52224
1.48787
1.09638
1.18275
1.25148
0.596055
1.35434
0.863793
1.02246
0.75801
0.671821
0.845686
0.902203
1.03517
0.953665
0.761385
0.968516
1.22617
1.00336
0.984514
0.654558
1.22681
1.06219
0.853392
0.826768
1.01645
0.762354
1.00784
1.35359
1.20318
1.15212
0.649553
1.52994
1.52005
1.35973
0.805925
0.584557
0.54943
0.991762
1.25002
0.990764
1.67544
0.604432
1.07155
0.994705
0.501357
1.69547
0.858051
1.00622
0.801929
0.724738
1.35618
0.948594
1.28964
0.907868
0.396739
0.960922
1.33052
0.73723
0.940446
0.778367
0.574215
0.861231
1.49377
0.663196
1.10215
1.47734
1.32737
1.10893
1.08889
0.613226
0.940908
0.69038
1.18504
0.461842
0.980906
1.20712
1.11845
1.30046
0.953529
0.822403
1.23484
1.57402
0.787455
1.13913
0.975306
0.651641
0.690695
0.569647
0.840862
1.16823
1.58991
0.73289
0.801139
0.81648
0.930563
0.755559
1.0557
1.58651
0.791857
0.859799
0.739489
0.550286
1.15925
1.25847
1.16052
0.995991
1.02999
0.686948
0.762534
0.943329
1.1767
0.99482
0.847103
0.975095
0.967362
1.2635
0.836111
1.37606
0.938734
1.0087
0.931108
1.43048
1.18667
1.57395
0.628352
1.3331
1.46389
1.11158
1.43372
0.759419
1.13778
1.1146
0.91743
0.881494
0.517727
0.745326
0.89645
0.769883
0.768709
0.619666
0.763354
1.47122
1.20932
1.00841
0.74917
0.800523
0.629283
0.554124
0.666556
0.639108
0.860902
1.21089
0.787635
1.02963
1.24947
0.838062
1.20143
0.959777
1.47648
1.08495
0.827118
0.66429
0.996862
0.905943
1.25903
0.991181
1.19779
0.843526
0.691561
0.783884
0.731657
0.741999
0.783386
0.972655
1.67026
1.33285
1.43455
0.528614
0.682881
0.814065
0.987912
1.28068
0.540587
0.679467
1.13724
0.920201
1.36873
0.624336
1.29088
0.736589
1.3097
0.465261
1.15371
0.59219
1.25071
1.46683
1.2257
0.801724
0.614011
0.882126
0.835228
0.553751
1.03051
0.950403
0.969839
1.36036
1.15559
0.50181
0.940228
0.820309
1.07312
0.94321
0.750315
1.37318
1.57188
1.42037
0.881455
0.595917
0.802928
0.592764
0.663853
0.504289
0.623336
0.433032
0.916446
0.895847
1.45572
1.20313
1.12164
0.42193
0.617214
0.683743
0.607229
0.671803
1.17198
1.35729
0.980587
1.12769
1.30524
1.22998
1.1333
0.79587
1.36591
0.986529
0.939373
1.89141
0.667039
1.09503
1.18339
1.14191
1.09495
0.742287
1.13564
1.02644
0.805113
1.16321
1.06202
0.695692
1.46107
1.27722
0.551982
0.995487
0.97879
0.599192
1.13314
1.73259
1.10775
0.691897
0.937592
1.04082
1.1627
1.24587
1.3377
1.34821
1.54286
1.0639
1.0492
0.930208
0.854582
1.06882
1.00604
0.775234
1.37498
1.28137
0.515737
0.744212
0.476489
0.902107
1.30224
0.908567
1.05804
0.82247
1.33522
1.21359
1.03701
1.07731
1.02295
1.45268
1.43381
0.751617
1.60126
0.823957
0.888321
0.622366
1.66477
0.918117
0.96062
0.7075
0.777249
0.745929
1.24505
1.11749
1.20846
0.8192
0.790486
1.31011
0.854255
0.421126
0.845412
1.11845
1.80727
0.5552
1.12466
0.882449
1.12637
0.619328
1.04502
0.574524
0.892074
0.876734
1.24155
0.870747
0.72891
0.404789
0.992752
0.661634
1.08314
0.545331
0.936397
0.547618
1.06896
1.05687
1.08956
1.57119
0.620917
1.04333
1.03449
0.897738
0.532684
0.979123
1.74111
1.18493
0.70365
0.943646
1.07634
0.779111
1.00182
1.14228
1.14527
1.35573
1.12482
1.52906
0.936711
1.22991
0.596801
0.962781
1.3459
0.969972
1.08433
1.18871
0.80519
0.472453
1.0395
0.780196
1.05634
0.875689
0.814632
0.350486
1.50326
0.884371
0.849875
0.891063
0.982217
0.654508
1.30582
0.903049
0.672575
1.06048
0.918123
0.830606
1.09135
1.07867
1.28656
1.11001
1.02811
1.01197
0.806965
1.18197
1.0295
0.768194
0.762648
0.762783
0.427355
2.30937
1.23293
0.885629
1.03513
1.44506
0.891127
1.02783
1.44454
1.14741
1.03122
0.73148
1.0498
0.65614
0.852383
1.59022
0.738459
0.812028
1.31237
0.586485
1.30521
0.858723
0.793301
0.982922
0.975321
0.650157
0.814353
1.12106
0.732806
0.862875
1.22358
1.2426
1.24798
0.868388
1.09176
0.655948
0.658917
1.32826
0.519463
1.11066
0.389839
1.4087
0.934598
0.956159
1.81237
0.442613
0.827334
1.01897
0.930132
0.987006
1.50229
0.425124
1.05242
1.15526
1.28678
0.983316
1.0028
0.883506
0.870038
0.669947
0.801236
1.04714
0.907209
0.819742
0.87275
0.75622
0.929607
0.903832
1.28683
1.11586
0.755955
1.34418
1.27406
0.971465
1.09152
1.20558
0.812095
1.04246
1.38287
1.4522
0.945734
1.16541
0.305984
0.833537
0.644453
1.31775
0.642202
1.03226
1.22021
1.07049
1.492
1.25608
0.906891
1.11379
0.475512
1.48123
0.933453
1.35221
1.22605
1.093
1.02814
0.947379
1.04865
0.932782
1.02007
0.702068
0.672313
0.922322
0.795795
0.971691
0.906475
0.722497
1.03774
1.23468
1.13546
0.812532
1.01111
1.16937
1.15916
1.08076
0.705557
1.12203
1.15787
0.587571
1.07176
1.24521
1.01397
0.840801
1.02776
1.49578
0.966611
0.674781
1.10199
0.79132
0.481366
0.852803
1.33904
0.786969
0.709511
1.13648
0.919741
0.739759
0.971981
1.22093
1.15552
1.09357
0.703867
1.411
0.91417
0.792567
0.712048
0.705943
1.06542
0.898355
1.46611
1.27436
1.53849
0.924806
0.93745
0.707005
1.16112
1.49997
1.00534
1.38136
0.964878
0.809641
0.773627
0.689795
1.05528
0.97419
1.2933
0.740882
0.742681
1.07605
1.13602
0.536332
1.38024
1.31032
0.779764
0.544309
1.41591
1.18443
0.745644
0.808911
1.41738
0.405212
1.1305
0.896375
0.696148
1.63275
0.423437
0.87203
1.42117
0.731401
1.13178
0.691322
1.43483
0.922533
0.81852
0.927951
0.632299
0.974703
1.02837
1.68252
1.55623
0.925158
1.35488
0.819673
0.687536
0.795971
0.851795
1.381
0.715924
0.91582
0.714722
1.33557
0.711406
0.855709
1.53017
1.41979
1.12399
0.620058
0.88351
0.828433
0.753076
1.82724
1.0924
0.728362
2.24123
1.42463
1.07753
1.00491
0.664887
0.63859
1.4557
0.700833
0.8397
0.653137
1.21213
1.2852
0.925698
1.04198
0.872054
0.683555
0.918791
1.90237
0.581629
1.25853
1.02076
0.979353
1.16561
1.68172
1.17587
0.884861
1.66684
1.40539
1.1003
0.691365
1.52139
1.02113
0.885156
1.19261
0.977064
1.4811
1.30454
0.821855
0.716155
1.33143
0.84902
0.820638
0.985723
0.558624
1.2435
1.52873
0.97908
0.95128
0.731093
1.06178
0.832581
1.30592
1.11257
1.62912
1.45367
0.879682
1.30405
1.19742
1.52434
1.62352
0.950523
1.14487
1.32052
1.25547
0.953709
0.706823
0.838305
0.509072
0.969873
0.826751
1.38038
0.928642
0.94425
1.09467
1.35611
1.24406
1.34654
1.13427
1.5889
1.40614
0.815552
1.46091
0.862373
0.932684
0.996648
1.59036
0.937345
1.18877
0.773705
0.878808
1.39117
0.8852
1.10533
1.41208
0.884047
1.0541
0.832633
1.13672
0.848145
0.34416
1.24558
0.846918
0.802117
0.609607
0.874933
0.443322
0.730412
1.52536
1.16979
0.91754
0.830471
0.636663
0.778314
0.776114
0.804181
0.82256
1.15084
0.954562
0.890917
1.2851
0.69863
0.89169
1.12968
1.07333
0.589252
1.16133
0.413798
1.02348
0.921538
0.731611
1.19454
0.471687
1.28677
0.988839
0.834711
1.20271
0.868366
0.755226
0.720708
0.730122
0.605393
1.21092
0.639524
1.29564
0.766905
0.703613
0.805644
0.876097
0.969406
0.905062
1.14316
1.29876
0.902703
1.08957
0.761383
0.981917
1.14636
1.13094
1.3458
1.68067
0.665549
0.663662
0.874355
0.611016
0.825573
1.58054
1.08677
1.54936
0.651418
0.754161
1.18509
0.640825
0.570203
1.63869
0.916308
0.764689
1.08363
1.44177
1.07081
1.04229
1.10309
1.20159
1.14585
1.04003
0.879591
1.08554
1.3123
0.50244
1.64106
0.806362
0.865627
0.751944
0.809403
0.986647
0.932847
0.540196
1.24441
1.30377
2.35436
0.442079
0.731786
0.880256
0.719718
1.51922
1.25517
1.18283
0.955451
0.816717
1.14207
1.09335
1.82879
0.69549
0.611562
2.45796
0.595148
0.554103
0.955007
1.57873
0.417245
1.12611
2.2343
1.33832
0.904147
1.50035
0.961494
1.01921
0.806407
1.85597
0.619429
0.684284
0.979709
1.06258
1.46146
0.995267
0.828296
1.17835
0.621477
0.875593
0.405352
1.11893
0.810212
1.15761
1.50383
1.0638
1.4167
0.577302
1.26659
0.551452
1.27093
1.25899
1.22313
1.15961
0.404403
1.70868
1.40252
1.0103
1.44333
0.608337
0.812316
0.654702
0.451637
0.650451
0.854009
1.25793
0.823759
0.856274
0.956617
1.40642
1.37827
0.55976
1.19112
1.15035
1.11818
1.19624
0.930258
1.11957
1.32406
0.993249
0.876876
1.69882
0.726292
1.52948
1.10019
1.09558
0.672314
0.859713
1.10066
0.301584
0.84049
0.738863
1.53399
1.02482
0.688244
1.38151
1.42131
0.967378
0.95222
1.06623
1.01112
0.91774
2.36092
0.881096
0.680922
1.02506
0.868637
0.611217
0.621999
0.92222
0.789861
0.872281
0.827594
0.525373
1.4621
0.794111
0.94759
0.898111
1.01012
1.4717
0.64243
1.06304
1.13717
0.831105
0.682697
0.961519
1.20426
1.18183
0.723174
1.10445
0.770547
0.996418
0.517874
0.896316
1.01132
0.502716
0.746933
1.10094
1.17726
1.02484
1.53263
1.30629
0.842087
0.935204
1.26174
0.697313
0.935006
0.771756
0.552271
1.84475
0.449529
0.677939
0.634142
1.02557
0.748715
0.980079
0.817741
1.04123
0.788956
1.08151
0.884577
1.83168
0.786205
1.00357
0.644233
0.952573
1.37336
0.806539
1.25692
1.33989
1.39614
1.15317
1.23586
1.01602
0.827456
0.521024
0.823488
1.04513
0.555407
0.813562
1.27376
1.00616
1.62066
1.02054
1.30082
0.898836
0.573743
1.25643
1.21254
1.12732
0.820205
0.939607
0.490859
1.09854
0.617726
0.663285
0.521383
0.719997
1.98295
1.12193
0.753122
0.658537
0.728163
0.585062
0.712603
0.492157
1.45551
0.970573
1.00689
0.831202
0.355056
0.62906
1.61027
0.951325
0.816351
0.963957
0.813059
1.37801
0.833073
1.38723
0.876158
0.766738
0.581071
0.756955
0.917225
1.2818
0.883421
0.797657
1.04778
1.59745
0.556927
0.993903
0.657861
0.372893
1.18328
0.648421
0.91051
1.85321
0.732312
0.685034
1.19304
0.977654
0.7667
0.641841
1.3043
0.852119
0.927006
1.07586
0.871526
0.977762
0.879413
0.451697
0.836314
0.669702
0.638935
0.770499
0.868143
0.562512
0.706946
0.757714
0.775785
1.16437
0.98378
1.345
0.786909
0.645515
1.43863
1.1186
1.04024
0.504623
1.17919
0.440667
0.877558
1.20328
0.465721
1.35395
0.885047
0.707882
0.94343
0.650934
0.873979
1.17958
1.74989
1.45263
1.15511
1.05982
1.19638
0.621511
1.06462
0.867114
0.727236
1.22625
0.77309
0.995776
0.700476
0.818499
1.16967
0.887082
1.41252
0.772918
1.79121
0.838075
1.00332
1.32547
1.02062
0.673226
1.21471
0.557422
0.79322
0.827071
0.944171
1.20993
0.610018
1.40447
1.47654
1.40789
1.13138
0.749774
0.400318
1.03898
1.2639
0.694819
1.04803
1.20245
0.641547
1.69665
0.679469
0.601748
1.11928
0.96112
0.801642
0.498998
1.45132
0.902621
0.75687
1.23473
0.674033
0.737945
1.03877
1.1093
0.949183
1.79562
0.793277
1.16672
0.860749
0.827389
1.45287
0.611473
0.5014
1.36234
1.62215
1.29485
0.925874
1.10131
0.896844
0.615213
1.11201
1.13644
1.10396
1.5455
0.835991
1.8828
0.677229
1.06163
0.942532
0.764518
1.16653
1.35735
0.573915
1.57569
1.15692
0.525127
1.1753
0.975176
1.0971
0.733694
1.21681
1.19466
1.73939
1.21081
0.4622
0.880326
0.97849
1.60574
1.08925
0.865755
0.763398
0.994509
0.911689
0.76163
0.693655
1.37543
0.771643
1.38407
1.14243
0.623706
1.41265
1.01202
0.818103
0.579516
0.550446
1.69162
1.37994
1.02353
1.14671
0.626679
0.531359
0.553458
2.05269
0.878184
1.02342
1.20078
0.681886
1.10633
0.794209
1.06649
0.797339
0.717642
0.99486
1.1625
0.970503
0.817781
1.15257
2.16442
1.06883
1.1324
0.552266
1.21215
0.980379
0.739806
1.14289
0.528819
1.31582
0.923589
0.687754
1.21629
1.57001
0.754253
1.64232
1.13224
0.750695
0.743134
0.839945
1.03194
1.01319
1.84673
1.59978
0.931122
0.958926
1.03375
0.939414
0.761417
1.46959
0.481133
0.934378
1.18194
1.43292
0.74741
0.902012
1.60698
0.940412
0.666568
0.397762
1.34241
1.01341
0.60228
1.04558
0.935366
0.729037
1.57577
0.712157
1.46005
0.975375
1.17374
0.856602
1.13885
1.04057
0.573833
0.968906
0.870058
1.41141
0.888503
1.09772
1.1205
1.08103
0.865307
0.921536
0.878806
0.92755
1.36494
0.738536
0.702401
1.30414
0.810347
1.19841
1.00031
0.987882
1.41819
0.533829
1.16692
0.632335
1.33389
1.18885
0.738514
1.02505
1.06862
0.590464
1.44587
0.619627
0.900373
1.09237
1.21344
0.822909
0.944688
1.05724
1.04627
0.798892
1.76039
1.19813
0.662195
0.786449
0.728443
0.948474
0.843637
0.732735
1.24669
1.25021
1.11655
0.816396
1.30215
1.33753
1.48475
2.0724
1.51745
1.04522
0.95431
0.903873
1.54629
0.887797
1.20701
1.68183
0.598073
1.12623
0.74837
0.452166
0.543936
1.58745
0.617943
1.08063
0.760288
0.516333
0.98428
1.02035
0.910879
1.07879
0.853008
0.9399
0.725221
0.92426
0.767925
1.26765
0.915576
1.88356
1.36332
1.1529
0.636142
0.89263
1.30747
1.06775
1.12072
0.738521
1.33553
0.707723
1.08478
0.936683
1.39708
0.668192
0.694061
0.452589
1.11014
0.788229
0.796698
1.35292
0.651219
0.891398
0.607681
0.621232
0.800368
0.828596
0.861233
1.13757
0.674141
0.796537
1.20603
1.06883
1.34045
1.96368
1.19379
0.967617
1.14894
1.62591
1.26522
1.08192
1.26062
0.928254
1.35441
1.25643
1.13603
0.76156
0.74382
1.23237
0.453401
0.937813
0.635143
0.873614
1.45386
1.35335
0.557934
1.60079
1.82379
1.21376
1.27071
1.1229
1.14516
0.79457
0.956493
1.01403
0.963042
0.559644
0.983388
0.589347
1.17818
0.985647
1.3257
1.02649
1.00026
0.722
1.19251
0.650024
0.829807
1.41002
0.612691
0.862129
0.665908
0.63189
1.05933
1.26665
1.10538
0.463912
1.11631
0.844018
1.56751
1.6602
1.74471
1.1824
1.00076
0.575692
0.783851
1.11541
1.0426
1.24382
0.89667
0.954224
1.16798
0.903972
1.39974
1.10229
1.49479
0.801702
0.902513
0.523433
0.888449
1.19494
1.26057
1.12478
0.920664
1.25442
0.829228
1.76162
0.89527
1.04918
0.965973
0.817761
0.56959
0.290605
0.729285
1.55088
1.07271
0.95555
1.09201
0.717185
1.07054
0.553689
0.803298
1.53423
1.01374
0.884139
0.660102
0.842793
0.694582
1.12432
1.57919
0.828357
0.969339
0.781811
0.784053
1.20732
1.1987
1.46823
0.634836
0.901242
1.35844
0.80136
0.892112
0.979093
0.921134
0.831774
1.58844
0.624801
1.1196
0.900621
0.718519
1.12756
1.36852
0.775943
1.39285
0.715692
1.14108
0.870666
0.956947
0.457262
0.912534
0.455316
0.537507
1.27336
0.816702
1.14279
1.00589
0.888631
0.523588
0.539375
0.931262
0.620401
1.14629
0.914636
1.27934
1.28019
0.773183
0.670422
1.29486
0.59833
0.972955
0.836816
0.993833
0.81219
0.971258
0.957743
0.594051
1.04419
0.834502
0.746463
0.900382
0.888471
0.763139
0.983905
0.881814
0.350917
1.6344
0.795241
0.669453
0.859558
0.993492
1.03253
0.969621
1.27449
1.17601
1.10103
1.34342
0.795275
0.64594
1.0894
1.00513
0.493144
1.22873
1.23006
0.933166
0.604493
0.372096
1.07015
0.856505
1.71248
0.996125
1.74291
0.798653
0.730206
0.781105
0.715392
1.12986
1.24583
1.3529
1.10608
1.00162
0.950376
0.799841
0.707473
1.15188
1.2222
1.01718
0.844255
0.991808
0.690163
1.29665
0.930757
1.18902
1.07759
0.63223
0.823206
0.700636
1.17051
0.910544
1.11642
1.49456
0.650062
1.00624
1.24411
1.39729
1.26207
0.921391
1.31391
1.25966
1.18581
0.886971
0.709612
1.05746
0.967074
1.15779
1.42343
0.668535
1.40475
0.610278
0.585693
1.05501
1.68258
1.51881
0.766331
0.687978
0.880597
1.61152
1.44258
1.39201
0.987077
1.05238
1.43197
0.771256
1.33327
1.34781
0.747735
0.702718
0.733416
1.0708
0.901976
0.916614
0.663535
1.77022
1.19875
1.50372
1.30374
1.14778
1.12939
0.557893
0.994382
2.05179
1.3623
1.10132
1.11804
0.794783
0.805659
1.08814
0.49625
0.849629
0.693697
0.705319
1.01198
0.426018
0.865678
0.85579
0.705048
0.730306
1.05539
0.756918
1.49057
0.773916
1.27647
0.674811
1.65716
1.37577
0.698997
0.942419
1.51048
1.00611
0.768963
1.30345
0.801983
0.75974
0.854007
0.895285
0.87849
1.51397
0.720008
1.18735
0.880072
1.13382
0.847213
0.700976
0.572738
1.14772
0.476563
0.783185
1.45574
0.655123
1.03085
1.18126
0.849179
1.0364
1.05148
0.999601
0.789348
1.91897
0.607833
0.734023
1.05787
1.18501
1.06725
1.33103
1.22616
0.941493
0.994145
1.00543
0.696258
1.09167
1.20403
0.331325
0.709134
0.911017
1.17382
0.912094
0.631045
1.0276
1.24223
0.374407
1.04491
1.29224
0.564239
0.763142
1.10636
0.820231
1.13978
0.745297
1.28489
1.32298
0.93787
0.94064
1.0822
1.17536
1.22721
0.782394
1.35694
1.33636
1.28638
2.41979
1.7186
1.03955
0.772021
0.8793
1.17346
1.27856
0.684893
0.901664
0.8154
1.14442
1.66062
1.03798
1.02346
1.16819
0.648384
0.929519
1.37387
0.424444
1.19354
0.483249
0.673086
0.746189
1.15951
0.669346
1.09439
1.2646
1.1382
0.9139
0.940447
1.46378
1.22902
1.05105
1.44955
2.1962
0.768586
1.1101
0.799033
0.938924
1.25822
1.19081
1.32838
0.624362
0.624089
0.810674
1.0722
1.1968
0.760201
1.11483
1.26627
1.53564
0.910242
1.23828
0.733487
1.62201
1.43582
0.916212
1.13773
0.900772
1.4151
1.35981
1.45259
1.32431
1.53273
0.548438
1.33168
0.784184
0.797839
0.868285
0.782798
1.37677
0.588416
0.990899
1.36932
1.33551
0.652907
0.979132
0.889926
1.18959
0.637812
0.870349
0.494821
1.05716
0.658469
1.02553
0.567158
1.14559
0.903938
1.06412
1.13622
0.559911
1.19838
1.97942
1.42087
0.610894
0.430347
1.13919
0.522234
1.42192
1.23259
0.636377
1.00997
1.15509
1.16438
0.871872
0.879186
1.55915
0.746769
0.955795
0.628632
0.634374
1.00171
0.963547
0.781928
0.480267
0.705674
0.79876
1.16232
0.585467
1.12921
1.00991
1.10414
0.916485
1.28425
1.76153
1.56305
1.07693
1.13286
1.6915
1.5084
1.21331
0.881061
0.61528
1.03628
0.861961
0.701338
0.688687
1.59635
1.24918
0.828504
0.743473
1.14305
0.591743
0.738202
0.550961
0.970322
1.046
1.34681
1.42614
0.654152
0.920971
0.608253
0.634785
1.26057
0.903508
1.76454
1.25046
0.890126
1.46758
0.493478
0.861605
0.551424
1.31286
1.1999
0.956213
0.958198
1.50917
0.855798
0.747266
0.845867
0.666356
1.31371
0.977572
0.623229
1.32372
1.58967
0.852608
0.61339
1.23743
0.46906
0.663746
0.832905
1.43208
0.951461
0.879804
1.00893
1.33882
0.543374
1.27844
0.699899
0.809644
1.31473
1.65216
1.13766
0.987789
0.981484
0.583172
1.07084
0.911905
0.903369
1.47955
0.948938
0.57215
1.1954
1.16811
1.09332
0.807164
0.644844
1.10702
0.904541
0.666497
1.77417
1.24329
0.290921
1.00413
1.6954
1.11884
1.02048
1.00582
0.595803
0.855276
1.04245
1.67963
1.30922
1.02677
1.18839
1.24359
0.789923
0.500887
0.810069
0.723951
0.980657
0.822174
0.862458
0.983046
1.32281
1.08242
1.22801
0.855119
0.689918
0.797805
0.835342
1.12361
0.846234
0.992538
0.6828
1.02708
1.00497
0.802165
1.07219
1.03868
1.04996
0.744042
1.25792
0.908554
0.441474
1.55399
0.64061
1.04189
0.696572
0.560357
0.655436
0.861743
1.50362
1.05408
1.19549
1.29086
0.922549
0.766176
1.0244
0.982325
1.07151
0.482548
1.3954
0.673436
0.85815
1.07076
0.624579
1.08089
0.748392
1.68536
1.05302
0.731746
1.44365
0.90907
0.729667
0.616663
1.48658
0.968695
0.681159
1.1628
1.42367
1.15046
0.703616
0.876084
1.09319
1.28243
1.06532
1.06155
0.927855
0.707432
1.19627
0.89825
1.01213
1.16834
1.58658
1.25157
1.41234
1.63277
0.698409
0.717301
0.882282
0.678493
1.52326
1.14994
1.32689
0.929524
1.26981
0.735997
1.36836
1.03328
1.62574
0.652496
1.12366
0.444783
0.674132
0.949255
0.881203
1.00674
1.08177
0.770026
1.23713
0.800489
1.09367
0.576112
0.956261
1.22281
1.14315
0.496222
0.582445
0.705376
1.09959
0.859983
1.13084
1.32972
1.31197
1.05884
1.07088
0.60523
1.46715
1.36722
0.777977
1.19501
1.00024
0.716722
1.04766
1.45235
1.0802
1.22023
0.842032
0.930392
0.486098
1.07916
0.817387
1.17867
1.07478
0.762515
0.673028
0.947972
1.22245
0.838454
1.32706
0.609275
0.661355
0.864492
1.23794
0.573237
1.05888
0.7635
1.06547
0.625245
1.3426
0.781037
1.17913
1.56499
0.830689
0.754992
0.652599
0.839731
1.55059
1.38196
1.02898
1.14803
0.966419
0.535951
0.601679
1.4343
1.22454
0.887732
0.667805
2.07387
0.711799
0.780774
1.11173
0.740877
1.01828
1.09441
0.838772
0.882398
1.12058
0.886161
1.25603
1.44303
1.44957
0.820422
0.939534
0.802144
1.99999
1.1938
1.07858
0.647928
0.904311
1.13754
0.563335
1.39027
0.799313
1.04708
0.908347
1.45251
1.18483
0.653531
0.936258
1.14426
0.788717
0.774957
1.01534
1.47279
0.373059
1.16267
0.676867
0.960863
0.980486
0.803476
1.19244
0.946597
1.12509
1.04268
0.376201
0.878328
0.90245
0.817526
1.5121
1.24153
0.548866
1.03329
0.762242
0.904353
0.575408
0.715185
0.814128
1.00205
0.475767
0.944721
1.0613
0.982198
1.59552
1.44964
1.29461
0.971439
0.475114
1.08208
1.14912
0.849023
0.882651
0.784614
0.818779
1.08732
0.926
1.14786
0.712376
0.736119
0.728876
1.13727
1.4776
0.59688
1.30641
0.691744
0.979585
0.630432
1.02605
1.53185
0.891963
1.38942
0.783066
1.58466
0.697704
0.712519
0.917175
0.641498
0.737999
0.921941
1.38018
1.17412
1.02524
0.655477
1.29539
0.871193
0.724106
0.652099
0.530879
0.825416
1.62977
1.09559
0.46594
1.15519
0.462574
0.824547
1.07805
0.752596
0.882212
1.06287
0.793616
0.594176
1.1528
0.863175
1.01357
0.870571
0.677048
1.06211
1.2132
1.57535
0.737889
0.92115
0.955995
0.645016
1.1334
1.31672
1.21856
1.16968
0.695052
0.566082
0.848966
0.854761
1.38195
0.996655
0.57792
0.697951
0.946738
0.535583
1.29555
1.46305
0.894397
0.930574
1.28001
0.412306
1.1454
0.663052
0.745868
0.902422
0.532816
0.763519
0.965533
0.497502
0.920116
0.606414
1.82707
1.22231
1.15244
0.828745
0.622648
0.918131
0.799508
1.10128
0.487348
0.677356
1.24567
1.07585
1.15957
1.50339
1.37873
1.61766
0.968298
0.960556
1.25018
0.634724
1.39105
0.761264
1.05273
1.06907
1.19381
1.68476
1.23759
1.22287
0.647634
0.848951
1.34081
1.1739
0.756416
0.712835
0.794492
1.37243
1.23227
0.713687
0.732497
0.538613
0.980247
0.995021
0.724773
0.544366
1.20687
1.72351
1.35184
0.661144
1.32309
1.1347
0.83324
0.813834
0.867815
1.02319
0.684143
1.20606
0.742969
1.54463
0.47441
1.06671
0.715536
0.54886
1.1229
0.819093
1.35092
1.01748
0.786196
1.15531
0.938691
0.503375
1.5474
1.70127
0.771333
1.01327
1.75317
0.843596
0.667721
1.10906
1.41751
0.556918
0.851571
0.945142
1.12651
0.987473
1.20369
1.62568
0.6717
0.763593
0.966884
0.510065
1.67297
0.56752
1.29847
0.674482
1.41113
1.08531
0.866489
1.08764
0.853574
0.762679
0.969687
0.883487
0.865613
0.623157
1.48486
1.40903
0.8473
0.78406
0.542393
1.17552
1.01895
1.26203
1.10876
1.08599
0.987865
0.972634
0.932147
0.646423
1.03655
1.10786
0.543589
1.40653
1.21388
1.69175
1.40408
0.819316
1.3533
0.799788
1.09927
1.21222
0.750993
0.850802
1.44078
1.0124
1.04546
1.08461
1.02867
0.962413
0.781079
1.57262
1.63364
1.06354
0.696454
1.44248
0.634759
0.864595
0.901976
1.3659
1.45602
0.613855
0.991696
0.916994
0.929874
0.611696
1.16085
2.02361
1.03057
0.857076
0.959503
0.753709
1.05871
1.01595
0.71129
0.433503
1.09672
1.26263
1.14157
0.800913
0.892992
0.834942
0.695852
0.749531
1.18793
1.07317
0.896239
0.976138
0.51125
0.854158
1.09843
1.90916
0.844671
0.817857
0.739837
0.812096
1.41369
0.888639
1.22832
0.689654
0.82119
0.840771
0.756389
1.10727
1.02777
0.995414
1.08838
0.735977
0.933286
0.805059
0.827177
0.819056
0.881467
1.01724
0.96921
1.47135
0.513298
0.775971
0.780063
1.09783
1.37198
0.852072
1.72582
0.984955
1.12101
0.579445
0.913513
0.857667
1.70041
1.08355
1.14404
0.874924
0.912302
0.962854
0.805939
1.38704
0.617828
0.907806
0.703995
1.41469
0.62456
1.27658
1.30638
0.803177
1.10887
0.785182
1.01622
1.54159
0.937029
1.08121
0.72987
1.31899
0.955702
0.931166
0.909218
1.26639
0.765068
0.705123
0.817609
1.57247
1.76694
1.4119
0.901484
1.01221
0.42695
0.760675
1.52773
1.17011
0.774945
1.10039
0.675072
0.709502
1.24558
0.993155
1.25745
0.81751
1.86389
0.968291
0.734453
0.825831
0.764219
0.873031
0.894039
0.70397
2.01456
0.608155
1.04521
0.845063
0.627357
0.906933
0.753755
1.57537
0.586978
1.21323
0.945234
0.721186
1.17753
0.763576
1.78871
0.699029
1.0439
0.728358
1.03305
0.496071
1.73693
1.12501
0.553603
1.17936
1.21627
1.48801
0.416051
1.2078
0.673912
1.05861
1.06486
0.604105
1.48867
1.01544
0.578456
0.819351
1.54982
0.789251
0.718466
0.736952
0.837011
0.740615
0.753568
0.738749
0.745351
1.38421
0.752201
1.12151
1.02902
0.479265
1.0873
0.965249
1.15729
1.7224
0.892729
0.998996
1.13728
1.75787
0.8857
0.75712
1.16236
0.956813
1.52351
1.41822
0.932096
1.09035
1.03565
0.824779
1.07656
0.739522
0.986882
1.23759
0.874313
1.29342
0.843095
0.836081
0.591214
1.53743
0.487674
1.10634
1.51531
0.506903
0.821582
1.32462
1.08093
0.816821
1.08877
1.00476
1.04358
0.564044
0.958275
0.45681
0.963933
0.677299
0.796841
0.923606
1.24063
0.884501
1.25002
0.901123
0.734591
1.17279
1.34159
0.965824
0.597029
1.34449
1.49188
1.32164
1.18392
0.85366
1.01518
1.70472
0.671588
1.24561
0.753691
1.2477
0.508815
1.10965
1.38108
1.53689
1.07699
0.985266
1.37036
0.96108
0.614689
0.917786
1.25671
1.40599
0.948192
1.30236
0.880682
1.30677
0.738983
1.37168
1.28476
0.901556
0.838327
1.32173
1.12681
0.809418
1.06165
1.05115
0.719974
0.929326
1.61053
1.62317
0.833092
1.07183
0.51665
0.829401
0.570399
0.748894
1.14668
0.858427
1.4216
0.803824
1.10661
1.04807
1.10082
0.767879
0.609676
1.18732
1.1479
0.72773
1.28646
0.462112
1.6653
0.864306
0.632101
0.648203
1.17878
1.04936
1.13499
1.0221
2.09971
0.88924
1.04415
1.66641
1.23309
1.46461
1.29654
0.582379
1.16508
0.733232
0.761713
1.01557
1.47442
1.22178
0.797885
0.741656
0.839237
1.10338
0.367934
0.907982
1.00976
1.38276
0.755671
0.941903
1.18814
0.597238
0.756491
0.659898
0.757037
1.3161
2.11271
0.565364
1.00175
0.812966
0.840884
1.23303
0.92732
1.20633
1.05566
1.2171
1.35667
0.800867
1.27526
1.52292
0.805153
0.822274
1.22006
0.869375
2.20456
1.27736
0.507752
0.82241
1.06675
1.7147
1.42716
0.980237
0.840283
0.626471
0.728639
1.4168
1.14405
0.479396
0.982336
0.677622
0.923219
0.85654
1.60838
1.06701
1.5251
0.497334
0.410286
0.7363
1.00009
1.24932
1.53295
0.869771
0.61291
0.655073
0.89489
0.955937
1.0352
1.29447
0.483784
1.1228
1.2112
0.79428
0.982805
0.745111
0.866183
0.553449
0.902136
0.814386
0.591135
0.98524
1.69658
1.07867
1.11775
0.937501
1.18922
1.15985
1.35241
0.993157
1.25607
1.08279
1.19885
1.63398
1.13545
1.54296
0.877237
1.14346
0.91985
1.05508
1.14979
0.507393
1.05837
0.961225
0.614836
0.934682
1.28758
1.09749
0.776063
1.49522
0.495254
1.06502
1.11499
1.40795
1.76411
1.17542
0.800803
0.646377
1.09511
0.996566
0.962317
1.12649
1.57703
0.286472
0.781439
1.06243
0.704513
0.949652
1.4271
0.986748
1.15858
0.355845
1.40332
0.601093
1.02161
0.827833
1.03052
0.85933
0.703835
0.657073
1.46753
1.36244
1.6889
0.811595
1.04742
0.641665
0.535556
0.829658
0.956906
1.4473
1.73711
0.634498
0.619229
1.48951
0.910343
1.76487
0.772593
1.35855
0.953562
1.73636
1.3267
1.42019
1.23813
0.986327
0.75129
1.77502
1.15346
1.17267
0.899132
1.14133
0.987752
0.791461
0.515485
0.787192
0.962807
0.543986
1.4845
0.727611
0.63895
1.1329
0.885103
1.04346
0.701925
0.740878
0.750888
0.580123
1.32041
1.36014
1.255
1.55437
0.866729
0.530546
1.21004
0.775025
0.374774
1.65561
0.682424
0.485562
0.806958
1.18684
1.37337
1.02745
0.892663
1.06724
0.875701
0.729352
0.715398
0.966592
2.01326
1.5065
1.02964
0.56132
0.757931
0.8901
0.954713
1.15121
0.889318
0.344728
1.03791
0.739442
0.774471
0.844164
1.10083
0.793485
0.649062
0.564277
0.859052
1.62535
1.03796
0.340115
0.916512
0.714526
1.28641
0.9717
0.693492
1.01576
1.36864
0.915381
1.34454
1.63356
0.670184
0.852638
1.60308
0.813308
0.449394
1.21139
0.95647
0.676259
1.16131
1.10612
1.3225
1.35107
0.775046
0.824017
0.999315
1.37121
1.37532
1.01808
0.833575
1.77243
0.757704
0.898021
1.00119
0.604044
1.37308
0.479477
0.828377
0.891401
0.773535
1.1627
0.947503
0.651428
0.796383
0.578128
0.957876
0.808142
1.2148
0.623903
0.768865
1.15766
0.894694
1.23437
0.994149
0.605162
1.00193
1.30067
1.10953
0.697531
0.226332
1.24393
1.60316
0.971277
0.795513
0.719408
0.841266
0.716698
1.39232
1.37744
0.836864
0.691607
1.32343
0.503511
0.583906
0.450142
0.965416
0.710284
1.12902
1.18239
1.21111
0.651364
0.78611
0.718893
0.904372
0.949396
1.3964
1.14074
0.79511
1.28948
0.725704
0.581016
1.30167
0.834552
1.05881
1.06226
1.68644
0.657618
0.714858
0.670734
0.913687
0.832948
0.87795
1.06394
1.10207
0.886288
0.83288
1.02401
0.551917
0.62458
1.63438
0.996235
2.34398
0.999074
0.859543
0.659169
0.996897
0.755568
1.27938
0.79282
0.699739
0.69115
0.819577
0.680383
1.08913
0.67506
1.48421
0.877564
1.26994
0.669124
0.703776
0.612757
0.768679
0.791612
0.918503
1.41771
0.45503
0.873061
1.13611
0.523043
1.2441
0.638429
0.870984
0.681854
1.4567
1.05272
1.36779
1.21483
1.36462
1.05462
0.981291
1.35398
0.840906
1.15211
1.25284
0.916569
0.834236
0.924917
0.916977
0.701138
1.36582
1.44781
0.878627
1.1737
1.20473
0.810635
0.66262
0.982876
1.59278
1.20892
1.05665
0.543897
1.07025
0.687588
0.680266
1.72639
0.804976
0.620335
1.07641
1.44627
1.19179
2.05088
0.971597
1.25041
1.37824
0.550247
0.689878
1.53302
1.19174
1.36844
0.803449
0.995871
0.918352
0.920391
1.20355
0.819814
1.15657
1.20568
1.03029
0.937767
1.03976
1.03832
0.751072
1.09321
0.96625
0.477463
1.33585
1.23256
0.884792
1.14766
0.933636
0.626046
0.663619
0.780445
1.36815
1.36587
1.21246
1.1145
0.771663
0.47795
1.12748
0.843187
1.11062
0.800861
1.10127
0.288194
1.10497
1.13113
1.18519
1.50943
0.69226
1.54064
0.861252
0.758801
0.656267
1.04501
1.00691
1.75987
0.848875
1.62124
0.502775
0.828772
1.58719
0.711169
1.27555
1.18746
2.12049
1.29747
1.03128
0.919709
0.605869
0.753117
1.72066
1.19791
1.58484
1.43125
1.08345
0.62356
0.739704
1.64774
1.13781
0.878241
1.24718
1.42074
1.42077
1.04952
1.46741
1.5439
1.21259
0.969571
0.995462
0.976247
0.72333
0.707848
1.59493
1.16347
0.981013
0.715975
1.24146
0.947802
1.11221
1.3959
1.90711
0.813872
1.1301
1.58934
1.1283
0.862291
0.958573
0.603786
0.33229
0.628385
0.802857
0.404365
1.50343
0.748798
1.70458
0.592197
0.903177
1.0797
1.23987
1.12244
1.00668
0.852728
0.634547
0.650361
1.12112
1.14561
1.52777
0.779055
0.868677
1.28369
1.25992
0.699703
1.00635
0.940517
1.00997
1.17257
1.94485
1.06998
0.976756
1.42663
0.74258
1.32023
0.611163
0.538017
1.08821
0.879485
0.691802
1.07824
0.604277
1.24271
0.841323
0.894994
1.24391
0.676023
0.719579
1.04519
1.04897
1.0825
0.693876
0.642706
0.807683
0.592602
0.808733
1.35273
0.986893
1.02242
0.955661
0.572478
0.61551
1.09279
1.05495
0.527148
1.316
1.10591
1.03863
1.2448
0.505788
1.338
0.79375
0.665239
1.54166
0.42149
0.958181
0.964069
2.00178
1.0072
1.05289
0.776851
1.02689
1.00392
0.933588
0.62319
0.850361
1.38128
1.06529
1.5044
0.869933
0.825784
1.26097
1.35597
0.864498
1.49581
0.866748
1.83729
0.672506
0.638783
1.25906
0.885308
0.881258
0.761439
1.10403
0.833375
1.10765
1.46348
1.0617
0.531088
1.22593
0.796109
1.16336
0.640312
1.26321
0.943528
0.895511
1.02571
1.44268
1.79793
1.12538
1.21864
1.0445
1.13772
1.5053
0.938692
0.886269
0.472654
0.913907
0.877144
0.871522
0.881422
1.54875
0.771655
1.24991
0.742784
1.79578
0.602843
0.92381
1.06141
0.704195
0.684123
0.62127
1.4946
0.804285
1.50322
0.957134
0.793903
0.764649
0.403359
0.885921
0.97325
0.711476
1.64561
1.06439
1.33529
1.27364
1.38207
0.766082
1.73739
1.18922
1.13515
0.612352
1.25932
0.638348
0.979202
0.805758
1.08218
1.17276
1.38702
1.0879
0.79107
0.815803
1.0242
0.429576
0.653257
0.838732
1.18786
1.08485
0.955262
0.84263
1.25361
1.00393
0.787106
1.57391
0.74262
1.10789
1.19358
1.09987
1.61871
1.47534
0.799281
0.914194
0.780511
0.615365
1.36577
0.711611
0.551608
0.726635
1.0928
1.41151
0.895792
1.09495
0.731102
0.849867
2.26236
1.37635
0.452456
0.71665
1.71999
0.595687
1.18263
0.540157
1.26013
0.746216
0.633299
0.639129
1.23741
0.759269
0.906178
1.00579
0.888111
0.771189
1.63318
1.30585
1.95383
1.09491
0.588396
0.800137
1.0035
1.1499
1.80357
0.845459
1.17296
0.659578
1.17836
0.513176
2.1381
0.779378
0.671783
0.969845
1.25529
1.00957
1.22764
0.589676
1.19768
0.97277
1.16177
0.522442
0.877178
0.664526
1.36515
1.50813
1.0731
1.27158
1.85852
1.46452
0.88876
0.823123
0.50501
1.15258
1.09213
0.782928
1.12708
1.11293
1.61882
1.15792
1.18242
0.581476
1.63719
1.75219
1.1873
0.76772
1.37469
0.848965
0.887072
1.15186
1.10795
1.27273
1.16755
0.780405
0.803684
0.889421
1.38109
1.24961
0.924729
0.908787
0.998456
0.625854
0.701146
1.14429
0.837045
0.536672
1.00039
0.981011
0.755656
1.19835
1.72429
1.10461
0.781496
1.08669
1.38011
1.31076
0.454724
1.0409
0.716114
1.29468
1.14515
1.48249
0.843848
0.513626
1.03274
0.805744
0.962354
0.834806
1.67967
1.342
1.20907
0.826552
1.18357
0.923453
1.05577
1.26205
0.589775
0.409084
0.226663
1.09297
0.78601
1.34628
0.81078
1.35798
1.17918
0.692255
1.04173
1.02687
1.18008
0.819042
1.0986
1.10346
0.59823
1.41949
0.776425
0.93364
1.17761
1.23853
0.696127
1.33072
1.25147
0.742721
1.23701
0.961302
0.438826
1.28066
0.80998
1.26495
1.69121
0.775874
1.66136
1.85644
0.956761
0.812989
0.907031
1.8739
0.740138
0.703129
0.949579
1.03202
1.40006
0.874443
1.61726
0.610404
1.11757
0.715246
1.09672
0.874928
0.730142
1.31062
0.776392
1.47839
1.44749
0.748016
0.874249
0.500538
1.15
1.12145
0.986509
1.15876
0.62245
0.416126
1.31998
1.23895
0.85435
1.13941
0.882587
1.08681
1.40995
0.830586
0.868772
0.703972
1.27819
1.33537
0.733839
0.922076
1.11021
1.05049
1.64264
1.4062
1.88459
1.02477
1.20815
0.98238
0.578185
1.72993
0.678482
0.598594
0.744095
0.860529
0.754364
0.896237
0.890828
1.86742
1.09267
0.801881
0.634793
0.84871
0.605375
0.764835
1.23245
0.687985
1.17772
0.996524
1.13582
1.25245
1.18151
1.16321
0.816334
0.949091
1.15889
0.999103
1.06275
0.98728
1.2093
0.877434
0.58998
0.595239
1.12444
1.23852
1.40667
0.718643
0.633796
1.18082
1.36168
0.755111
0.928871
0.946887
1.05714
0.518651
1.07651
1.34567
1.13539
0.870234
0.600342
0.80178
0.913793
1.40052
1.05641
0.992049
1.16755
0.503865
0.971001
0.58909
1.18493
1.0234
0.869658
0.807129
1.04421
1.2283
0.54118
0.539167
0.834387
0.91074
1.93258
0.94138
0.920398
1.1625
1.47444
0.917494
1.482
1.18079
1.36956
0.880852
0.993367
1.10248
1.15213
1.00015
1.05209
1.21912
1.1233
1.0287
1.28328
0.662633
0.459919
0.615871
1.23414
0.746626
1.57444
0.6965
0.923235
0.626514
1.07933
1.1818
0.906431
0.528695
1.33403
1.17318
1.07723
0.669383
1.06021
1.67061
0.617918
0.636387
1.00027
1.4909
1.52126
1.06354
0.879275
1.1572
1.16736
0.768688
1.36799
1.33425
0.92271
1.07488
0.493788
0.694011
0.864371
0.73202
0.986133
1.18577
0.751747
0.655175
0.685382
0.776315
0.952538
1.18069
1.57178
0.957876
0.824363
0.841717
0.804502
0.832167
0.933665
1.34915
1.38123
0.577625
0.796823
1.01936
1.19765
1.15902
1.32345
1.82373
0.579789
1.27846
1.49182
1.24358
0.953079
1.23883
0.863508
1.29407
1.09317
0.679501
1.23657
1.16584
1.30524
1.3911
0.76831
1.27942
1.03513
0.893313
1.22946
1.19087
0.888635
0.692571
1.26386
1.01047
0.893977
0.717013
0.680468
0.84674
1.06298
1.20054
0.948792
1.46687
1.56268
1.24259
0.552632
1.03602
1.00204
2.11765
0.805222
0.858421
1.2146
0.528715
1.13219
0.947481
1.33525
0.660567
1.02927
0.957672
0.862014
0.92221
1.27976
1.15532
0.462166
1.18753
0.883575
1.50341
1.06458
1.22915
0.89879
0.89078
1.42457
0.605315
1.23593
1.81107
0.778413
0.611032
1.02014
1.4306
1.08243
0.633152
1.2177
0.857496
1.62919
1.07194
1.23327
0.941994
1.15996
1.40449
1.33778
1.23636
0.593166
0.671712
0.984091
0.871258
1.32194
0.721448
0.643618
0.915158
0.733352
0.96843
0.972936
0.732512
1.19311
1.31513
0.807618
1.21673
0.372831
1.41478
0.950562
1.03383
1.38158
0.917438
0.828401
0.754653
0.596306
1.04039
1.90714
0.969828
0.884188
0.950462
0.751724
0.550031
1.0616
0.449325
1.26571
1.09865
1.0284
0.852584
1.21823
1.34976
1.35201
0.597231
1.22638
1.15591
0.866068
0.712545
0.768831
1.26998
1.00645
1.17831
0.830533
0.775418
0.630803
0.69946
1.27775
1.33172
1.70758
0.893656
1.49123
1.88574
0.532011
1.02529
0.830863
0.678107
1.10952
1.60853
1.117
0.853608
1.05647
0.860452
0.926509
1.18902
1.41635
1.10241
1.36835
1.08811
0.653501
1.38179
1.28492
0.649158
1.78982
1.08583
0.759841
0.778
1.03809
0.345735
0.788043
0.651097
0.646956
0.862946
1.08746
1.27936
1.30236
0.966695
1.06826
0.704127
1.02117
1.0681
1.57502
1.5744
1.19284
1.12317
0.972215
1.34652
0.884091
1.08323
0.636512
0.670033
1.34737
0.74936
1.20084
1.10148
0.843639
0.964496
1.12132
0.90205
0.335169
0.761614
1.00449
0.783604
0.560678
1.28259
0.922277
1.40029
1.04838
0.781236
0.70961
0.68872
0.460298
1.2205
0.571846
1.34526
1.18461
1.55922
1.28698
1.0771
1.13093
1.12707
0.849418
0.723431
1.02986
1.13316
0.965715
0.756311
1.53368
0.853436
1.01612
0.846917
1.49775
0.729901
0.698554
0.653478
0.866754
0.832993
0.69611
0.970426
1.13485
0.53383
1.54529
0.558666
0.968309
1.49277
0.85933
1.04781
1.12013
1.11369
0.879388
0.751671
1.24367
1.51976
0.948022
0.67117
0.69197
1.20249
0.764755
0.731136
0.878408
0.446619
0.835384
0.372558
0.727071
0.569955
0.672371
0.628833
0.967061
0.824367
0.962549
0.829769
1.28264
0.833332
1.15679
0.846719
0.808726
0.916641
1.19197
0.910603
0.681749
1.21627
1.25118
1.10804
0.900958
0.751555
0.703607
0.757152
1.54989
0.996204
0.908779
1.11217
0.540599
1.21463
1.35104
0.725089
0.850073
0.537389
0.945145
1.16388
1.43999
1.05889
1.08566
1.08613
1.37879
1.28399
0.675329
0.801701
0.789209
0.833133
0.977449
1.74261
1.20503
0.561237
0.821255
0.630409
0.696308
0.381611
1.12128
1.22008
0.824566
1.40563
1.15194
1.22346
1.03961
1.10207
1.27223
0.942214
0.792615
1.04658
1.10797
1.75666
1.3897
0.542863
0.828133
1.56603
1.85271
1.12967
1.03104
1.05748
0.824071
0.847814
1.02008
0.830796
0.99185
0.862561
0.845299
1.2049
1.71356
1.73062
1.02527
1.14249
0.88511
0.842102
0.727026
0.966294
0.778703
1.11297
0.698486
0.990405
0.764507
0.768097
1.25776
1.42076
1.16155
1.68999
0.533488
0.841271
0.818579
0.891794
0.708267
1.39707
0.614396
0.760266
1.2469
0.890247
0.938466
1.03208
0.41955
1.99731
1.13849
0.732619
1.09626
1.17057
0.919467
0.87065
1.06897
0.722685
1.08287
1.21488
1.15237
0.512769
0.851648
0.874366
0.844681
0.779184
0.829772
1.01853
1.12947
0.637267
1.30901
0.951043
0.861277
0.738776
0.530541
0.509681
0.854531
1.14231
1.04493
0.885873
1.17959
1.07829
1.11515
0.912641
0.884626
0.964004
0.997876
1.22083
1.17776
0.757747
0.462338
0.798367
0.861419
0.859209
1.15898
0.775119
1.82994
0.978771
1.12469
0.656252
1.25233
1.3705
0.952508
0.846756
0.653895
1.65653
0.768239
0.672709
1.17841
0.425181
0.770907
1.17683
0.971886
0.541613
0.867157
0.971163
0.982552
1.34201
0.543336
0.946394
0.993556
1.34592
1.12244
1.12871
1.28323
1.0608
0.922549
0.760369
0.653681
0.62341
1.46971
0.65218
0.942965
0.554667
0.932948
0.845155
1.36431
0.601433
1.54625
0.87393
0.766701
0.605385
1.10735
0.967202
0.782068
1.24072
0.514879
1.02538
0.666669
0.679033
0.610529
0.526541
1.33936
0.71634
0.943952
1.03739
1.11317
1.24845
0.630354
1.23584
1.02434
1.40128
0.623721
1.53029
1.55615
0.632184
0.801514
1.00028
0.871966
0.86392
0.461672
1.16625
0.481298
0.810552
0.599509
1.13019
1.32633
0.964215
1.00943
0.824516
0.487943
0.651624
0.706476
0.636062
1.00748
0.887394
0.913846
0.586024
1.16205
0.821195
0.666975
1.02669
1.08042
1.25616
1.51887
0.717076
0.678428
0.969331
0.693552
0.484472
1.20511
0.841691
0.782785
1.09597
0.967644
1.1662
0.748401
0.664351
1.03512
0.838489
1.10236
0.885008
0.710291
1.21155
0.692895
1.71179
0.805311
1.0596
1.07531
1.30406
1.11392
0.614432
0.967117
0.851224
1.10763
0.652237
1.30658
0.833696
0.564107
0.811781
1.26128
0.86331
0.912665
1.14609
1.25753
0.716987
0.85335
1.01233
0.864218
1.30664
0.66828
1.07822
1.02916
1.18535
1.69942
0.496843
0.625193
1.34657
1.00937
1.14168
0.905546
1.66013
0.689272
0.457785
0.820816
0.667112
1.23929
0.735234
1.03667
1.31197
1.54113
0.308754
1.08181
1.08309
0.793183
0.882856
0.434604
1.31337
1.33671
1.19809
1.53191
0.683627
0.696966
0.716074
1.30346
0.587201
0.651265
1.39423
0.909867
1.2136
0.9031
1.10151
0.967807
0.747484
0.602907
0.90594
0.887959
1.05916
1.3961
0.739895
0.83361
0.700962
0.965984
0.547443
0.900094
0.489827
1.14751
1.82462
0.902701
1.63964
0.954625
0.793572
0.819457
0.697945
0.798339
1.37661
1.11947
1.55583
0.985446
0.844696
0.596337
0.837242
0.744497
0.910613
1.37352
1.16314
1.43191
1.19253
1.00012
1.11323
0.881289
1.01736
1.06625
1.14755
1.35577
0.516006
0.586692
1.38087
1.15013
1.09667
0.962393
0.833529
0.815121
1.28816
1.09734
1.22736
1.30451
1.08306
0.90692
0.441949
0.591255
1.03816
1.25941
0.961555
1.40758
0.797249
1.06512
0.927914
1.26506
1.07826
1.5314
1.15422
0.585525
1.56786
0.878465
0.890319
1.47636
0.872501
1.18017
1.76573
0.855489
1.12531
0.866948
1.24272
0.563717
0.50529
1.16623
1.21254
1.11695
1.29933
0.727695
0.579005
1.6104
1.23041
0.645301
0.843518
0.88486
0.854641
1.21292
1.27237
0.492789
0.739691
1.13826
0.501799
0.729075
0.891827
0.982726
1.19786
0.936589
1.22068
0.922928
0.666061
0.637186
0.713655
0.968785
0.937045
0.957384
0.884513
1.42938
0.940544
1.07907
0.993816
0.674843
1.04234
0.721814
0.65978
0.991252
1.12372
0.645931
0.885354
0.540274
1.01912
0.710902
1.94072
0.936337
1.414
1.38195
0.804339
0.802998
0.673389
0.530992
0.847749
1.08296
0.619143
0.903255
0.809911
0.659594
1.14937
1.2157
0.818543
0.793523
0.739625
1.16165
1.44448
0.813451
0.447099
1.13816
0.716566
0.854099
1.48902
0.596372
1.04288
0.627945
1.38699
1.18201
0.678048
0.627255
1.13885
1.1564
1.64874
1.13953
1.66191
1.08178
1.34062
1.25853
0.638823
1.37535
0.815943
0.759522
1.96825
1.45886
1.54896
1.03384
0.99367
0.790091
0.941829
1.20498
0.729688
0.697033
0.607982
0.870211
1.5655
1.00931
0.686174
0.620237
0.877508
0.772399
0.996284
1.00801
1.23076
0.825955
1.39089
0.550344
0.584619
1.46011
1.19304
1.53155
1.50458
0.946814
0.99247
1.27394
1.5809
0.821219
1.77815
1.01753
0.652119
1.23252
1.29409
1.00803
1.20165
0.664969
0.751273
0.763332
0.960461
1.16036
0.980945
1.76602
1.27382
1.09859
1.07872
0.943178
1.3553
0.820859
0.547334
2.60932
1.0076
1.0672
1.0741
1.15495
0.659673
0.61348
1.43183
1.07846
0.884192
0.515587
1.66957
0.944513
0.994256
2.07209
0.76307
1.07604
0.941774
0.972527
1.30545
1.41464
0.918259
1.24701
0.790067
0.768707
1.14053
0.752879
1.1012
0.925225
0.994628
0.650708
0.494242
1.33877
1.16349
1.41374
0.579073
1.29656
1.09092
1.37201
0.989242
0.937502
0.877148
0.429587
1.16367
1.21789
1.06093
1.00215
1.19533
0.978355
1.15433
0.844764
1.27481
0.686818
1.2213
0.802598
1.48812
0.416373
1.20761
1.71821
0.791519
0.974208
0.733464
1.29852
1.28074
0.617391
0.824311
1.16769
1.26757
1.22329
0.978861
1.07577
0.411824
0.922046
0.67771
1.65202
0.55583
1.29478
1.64306
0.531791
1.54921
0.676785
0.754005
0.719966
0.791637
1.23902
1.05499
1.02713
1.59972
0.919891
0.767489
0.666829
0.94523
0.320462
0.678506
0.83833
1.09507
1.35109
0.585132
1.20572
0.695924
0.912475
1.18523
0.953398
1.07194
0.946552
0.719773
0.780156
1.01156
0.655896
0.930564
1.00999
1.04288
1.81079
1.64855
0.512685
1.25068
0.843702
1.63728
0.945266
0.918982
1.11238
0.741671
0.619969
0.708871
1.21583
0.619716
0.656007
0.654778
1.33695
0.799824
1.39342
1.24623
1.28453
1.18297
1.24897
0.833917
1.21256
1.31283
1.1339
1.73703
0.973059
0.684123
1.64244
1.28764
1.11983
1.08924
1.00975
0.702164
0.594758
1.24994
1.05119
1.06209
1.17744
1.23116
0.79854
1.01659
1.07642
1.39706
0.652674
1.05288
0.743089
1.10665
1.59935
0.749078
0.941992
0.792508
1.33593
0.669727
0.912674
0.860766
0.674316
0.883318
0.968936
1.37998
0.847737
0.810087
0.96392
1.24495
1.15334
1.11514
1.08402
1.08337
0.686808
1.52164
0.711211
1.10338
0.59905
0.814958
0.577761
0.873563
1.15618
1.034
1.25138
0.771966
0.570653
0.955766
1.21242
1.48411
1.01067
0.949406
1.18399
1.21773
1.22269
0.713057
1.28331
0.777022
0.834897
1.44716
1.31283
1.0651
0.553218
0.680491
1.02569
0.702112
0.675383
1.07672
1.02746
1.25127
0.89047
1.10481
0.987408
0.640037
0.642415
0.905866
0.801902
0.529052
1.11079
0.807729
1.15848
0.653009
1.41869
1.1965
1.72693
1.60051
0.914017
0.86314
1.72915
0.912618
1.04952
1.2168
0.659596
0.545187
0.744862
1.36223
0.996794
1.7666
1.76974
1.63241
0.952836
0.695633
1.13176
0.732577
0.754588
1.19859
0.689149
1.21222
0.800698
0.491862
1.49582
0.921681
1.32188
1.04375
1.2436
0.801594
1.05471
1.15984
0.981039
1.29193
0.400048
1.22283
0.55939
0.815623
0.54812
0.842323
0.953627
0.689917
1.22481
0.913628
1.65183
1.44204
0.701811
0.758152
1.53004
1.79921
0.853753
1.27409
0.987549
0.953161
0.738262
1.27213
0.767978
1.08972
0.394586
0.893718
1.56438
1.36877
1.4563
0.940423
0.705466
0.921064
1.20715
1.09931
0.795884
0.831669
1.30927
1.00936
0.612454
1.20335
0.997831
0.739059
1.42087
0.841433
1.23695
1.38502
1.48457
0.816316
0.737014
0.937798
1.02404
1.31831
0.998908
0.938808
1.1376
0.910996
1.12616
0.640936
1.27162
1.05169
1.24744
1.32884
1.26533
1.17416
1.06796
0.725572
0.816867
1.38525
1.36657
0.878289
1.02893
0.589483
1.26959
1.54016
1.11803
1.04096
0.743691
1.38383
0.910223
0.902551
0.767479
0.87291
1.68612
1.08993
1.06268
0.950618
0.641193
0.610321
1.31139
0.600555
0.912482
1.40839
0.924992
1.04417
0.848378
1.12309
1.22402
0.941803
1.42165
1.09191
0.777742
0.669059
0.853544
0.768327
0.811954
0.773036
0.534655
1.19272
1.10092
0.814723
0.804557
1.2582
0.943737
0.996226
0.850561
1.22304
0.93264
0.916848
1.41289
1.04896
1.19138
1.03971
0.645077
0.568737
1.15183
1.25794
1.45987
0.712583
0.626069
0.341487
1.27012
0.896612
0.887864
0.818493
0.815355
0.70615
0.59722
1.28488
0.757525
0.581745
1.3713
1.1346
0.431231
0.712293
1.01981
1.25692
0.743353
0.618694
0.575681
0.748726
0.538831
0.829957
0.547261
0.588033
1.97049
0.412562
0.815585
0.716803
0.692412
1.13997
1.1155
1.17322
1.48032
0.676421
1.30711
0.834579
1.18109
0.44713
1.55767
1.22135
0.955863
1.05176
0.514741
1.08601
0.885071
0.72123
1.52107
0.770755
0.868604
0.952099
1.6837
0.573499
0.645252
1.2406
0.410193
1.1325
0.674248
0.792151
1.30063
0.873767
1.04922
0.73559
0.958684
0.751029
1.12833
0.858609
0.817871
1.10111
1.20464
0.701279
0.838886
1.00878
1.24449
1.27856
0.713141
1.23184
0.487378
0.743901
0.986116
0.50822
0.984028
0.954776
0.793737
0.898873
1.07218
1.78462
0.623466
1.14657
0.97692
1.0109
0.723709
0.471248
0.689511
0.662406
0.686729
1.02686
1.1946
0.863471
1.15531
1.13763
1.35466
1.091
1.08423
0.678071
1.23959
1.59562
0.742113
0.59299
0.795355
1.02315
0.699223
0.797887
1.2654
0.745771
0.949094
1.14764
1.0327
1.11214
0.733855
0.789271
1.46166
1.27354
0.725964
1.29746
2.04014
0.972331
1.10709
0.994314
1.41056
1.052
0.596381
0.477162
0.563786
0.986212
1.00562
1.2564
0.994198
0.98527
1.18518
0.820547
1.05742
0.603286
1.13935
0.518498
0.75839
1.15566
1.65203
0.90886
1.10805
0.677329
1.21568
1.03941
0.581483
0.958048
0.521696
1.06035
0.920173
1.04057
1.07088
0.9055
0.950014
0.886187
0.456025
1.17811
0.974985
0.756881
0.920321
1.05717
1.72713
0.864046
0.95791
0.804979
1.26268
1.51438
0.784909
1.24967
1.20046
1.22752
1.13896
0.451381
1.14283
0.993473
0.854679
1.73137
0.614531
1.29839
1.27411
0.827558
0.818365
0.780758
0.640293
1.54574
0.901964
1.24585
0.615517
1.51495
1.59452
1.28296
0.802113
0.608629
1.16798
0.881166
1.29459
1.59597
1.19966
1.04112
1.23079
0.762243
1.29276
0.501386
0.837892
1.72814
1.08285
1.0549
1.14208
0.992603
1.03105
0.811812
1.11411
0.845809
1.00154
0.923957
0.592896
0.856707
0.827645
0.667399
1.00604
1.11868
0.878364
1.21049
0.780617
0.772534
1.19532
0.658218
1.25438
0.804997
0.518612
0.862914
0.702136
0.636578
1.11336
0.617088
1.08696
0.796524
0.786596
0.930374
0.671925
0.920631
0.981461
1.24153
1.69258
0.75702
0.726213
0.853739
0.774833
0.45832
0.515329
1.01158
0.839858
1.01453
0.448446
1.23941
1.46095
1.02118
0.368331
1.71606
1.80858
1.48963
1.93848
0.625091
1.58971
0.742004
0.692051
1.4713
0.714078
0.834389
0.833287
0.892785
0.688125
0.247761
0.998369
1.49634
0.821463
0.905737
0.889979
1.27071
1.19327
1.22847
1.0936
0.951295
0.587246
0.823148
0.481874
1.06438
1.41772
1.06225
0.561213
0.987218
0.914072
0.680478
0.83172
0.881034
1.44317
0.851162
0.752222
0.844078
1.07833
0.623864
1.00676
1.23439
0.895343
1.06404
1.05429
0.728882
0.909787
1.54515
0.910003
0.700378
0.790571
1.206
1.04261
0.617618
0.693382
0.649586
0.955347
1.18124
0.628269
1.17025
0.996532
0.858267
1.99783
0.998602
0.623419
0.926257
1.09854
1.48831
0.925501
0.915296
0.800244
1.39006
0.558133
0.743532
1.30392
0.678853
1.11911
0.691389
0.880587
0.824948
1.59537
1.08642
0.563389
0.943884
1.35431
1.19127
0.862773
0.789033
0.980134
1.1097
1.0886
1.39608
0.72061
1.75981
1.01951
1.34526
0.772425
1.00628
0.544707
0.70085
1.09675
1.06302
0.847542
0.529629
0.927441
1.41944
0.546326
0.505989
0.860597
1.01982
0.828717
0.584668
0.790239
0.547711
1.61241
0.931932
1.13923
1.00682
1.48328
1.12378
1.90609
0.851209
1.54409
1.14225
0.737658
0.333578
0.79469
1.34873
1.71444
1.24818
0.813235
0.791668
1.1712
1.09958
1.00201
1.13207
1.79667
0.506857
0.515409
0.735949
1.81877
1.33653
1.04625
0.664658
0.728598
1.00721
0.985155
0.943313
0.763678
1.33998
1.19522
2.19042
1.45123
0.57253
0.735479
0.359783
0.628249
1.16576
0.746545
0.827455
0.831297
0.838451
0.951395
0.929305
0.885943
0.678543
0.606645
0.874974
0.724064
0.741567
1.07342
0.633972
1.20695
1.18055
1.25731
1.2425
0.893795
1.16489
1.61532
0.834066
1.06858
1.24096
1.09761
1.17886
1.52551
1.01832
0.891784
0.350827
0.659139
1.25113
1.36309
0.754846
1.70675
0.788573
1.06254
2.06653
0.885691
0.905605
1.19595
0.897805
1.19358
1.25139
0.915554
1.11987
0.900644
1.40165
0.902389
1.0909
1.38461
0.689969
1.22497
0.943051
0.600676
1.15192
0.518571
0.734304
1.39884
0.640167
1.04783
0.488316
0.826872
1.54375
0.727508
1.41201
1.05058
0.695849
1.36941
1.0353
1.04164
0.743728
1.01907
0.617553
0.989348
0.811707
1.31672
1.15097
1.15521
0.995318
1.11302
0.911729
0.997351
0.792205
1.79192
0.822914
1.06523
0.623119
1.31268
0.667764
1.50156
0.736404
0.795028
1.36054
0.381724
0.724153
0.608604
1.20982
0.729308
0.859277
0.449331
1.58502
0.802161
1.0016
1.35613
1.19125
1.49113
1.14614
1.1355
1.34673
0.554949
0.896661
0.88405
1.03181
1.43481
1.53661
2.01985
0.922791
0.981411
1.23084
0.9878
1.10473
1.01858
1.46708
1.35497
1.04072
1.23046
1.32999
0.853967
1.21178
1.36398
0.562815
0.75858
0.601548
0.62568
1.09355
1.33655
0.571411
0.930541
1.13584
0.886167
0.923327
0.807575
1.25742
0.384453
0.501893
1.36803
0.91292
0.548669
0.851515
1.46288
0.939909
1.02557
0.732495
0.964844
0.727944
1.06828
0.74613
1.71851
1.05987
0.586387
1.06627
0.975121
1.71663
1.00941
0.987334
0.857233
0.97946
0.470632
0.530509
1.52027
1.70897
0.6259
0.98487
0.951018
1.32324
0.596442
1.26148
0.894117
0.89234
0.688765
1.6316
1.28965
1.43674
0.804934
1.4115
1.54031
1.20149
0.943158
1.47537
1.16151
1.21294
1.12771
0.662755
1.02678
0.804576
1.01482
0.410124
0.929745
1.05325
1.29364
1.08446
0.886039
1.88731
1.38732
0.867211
1.78461
0.660772
0.433362
1.10671
2.80534
1.65746
0.46251
0.898711
1.02709
0.387366
1.01657
0.944873
1.0432
1.21412
0.693914
1.41786
0.594752
0.845843
1.4684
0.800215
1.36288
1.07853
0.971796
1.57884
1.0379
0.998234
0.938174
0.981801
0.951911
0.776747
0.536239
1.22234
1.3264
1.31272
0.755099
0.831163
0.536064
0.975793
0.869606
1.62974
0.896662
0.969602
0.94471
0.928391
1.48749
0.571927
1.5755
1.18107
0.576515
0.890003
1.22899
1.14281
1.79631
1.09808
0.990511
0.416185
0.846746
1.15241
1.60459
1.25828
0.881016
1.26448
1.02107
0.967927
0.733925
1.21423
1.21895
0.754397
0.970127
0.913819
0.741157
0.818537
1.36304
1.21828
0.485522
0.739454
1.19449
0.861803
1.02516
0.901726
0.972144
0.913307
0.776788
1.24448
1.15534
1.30675
1.32502
0.837583
0.887602
0.673078
1.46642
0.808644
0.817003
1.56562
1.65505
0.846479
0.515328
0.820939
0.418631
0.659009
0.895352
0.846673
0.846845
1.49889
1.07395
0.765308
0.918363
1.20934
1.28343
1.06533
1.19176
0.816048
0.903577
0.453055
0.420183
0.728321
0.773948
1.18762
0.637317
0.628998
0.794435
0.622394
1.3334
0.781677
0.704174
1.31565
1.5749
0.977378
1.24188
0.996035
1.4977
0.995147
0.862823
0.653455
0.949286
1.23919
1.52447
0.767284
1.14581
1.01506
0.739238
0.697681
0.807394
0.601698
1.05472
1.09926
1.19075
1.09106
1.27697
1.20134
0.891395
0.879184
1.08552
1.21459
1.24963
1.00033
1.07979
1.00372
0.871983
1.05846
0.755811
0.456088
1.12252
0.956767
0.814226
0.902738
1.17055
1.65218
0.963999
0.996592
1.04248
0.772858
1.09133
0.800719
1.30123
0.865436
0.954184
1.0007
1.23485
1.41941
0.624551
0.517088
0.685388
0.709595
1.38405
0.646401
0.663822
0.877503
0.551059
0.897529
0.930606
0.894391
0.755265
0.75961
0.559976
1.23786
0.905272
1.21865
0.840843
1.04423
1.19963
0.789469
1.09503
1.45577
0.990134
1.07436
0.738768
1.21357
1.20561
0.657206
0.762293
1.0847
0.918137
0.569411
0.421583
0.541205
1.6582
0.573171
1.11765
0.6036
0.802685
0.887377
0.9014
1.25109
0.786902
0.986455
1.15605
1.7246
1.15626
0.851017
0.888223
1.28721
0.810096
0.879506
1.19029
0.676857
1.06156
0.795861
1.2075
1.22521
0.950377
1.63249
1.00391
1.10096
0.901625
0.641527
0.551947
0.799142
0.910198
1.13114
1.42001
0.962007
1.3763
0.737247
0.819679
0.622106
1.85393
0.906455
1.27826
0.753489
0.669006
0.990843
0.978294
1.28125
1.59921
1.26991
1.44147
0.850829
1.61669
1.65484
0.616923
1.62499
1.10354
0.945847
1.18319
1.26451
1.32007
0.679016
0.673743
0.716346
1.37664
0.976823
0.717398
1.09075
1.32254
0.885798
1.08165
0.943309
0.701832
0.878355
0.942297
0.993357
1.3022
0.732183
1.30153
0.896832
0.911453
0.795534
0.808028
0.734468
1.20714
0.896138
0.763178
0.708955
1.367
0.746318
1.22583
0.998217
0.638521
0.799272
0.848941
1.56022
1.1014
0.761695
0.902262
0.733744
1.35446
0.929698
1.10358
1.5195
1.17018
1.11833
0.534254
0.699294
1.00827
0.934087
0.771431
0.626798
0.73339
1.0367
1.00146
1.36514
1.39769
0.743762
0.917585
0.859609
0.750195
0.904822
0.876852
1.25744
1.16025
1.30436
1.25674
1.0749
0.605664
1.11083
0.799514
0.871636
1.14364
0.628407
1.06784
1.68879
1.38365
0.790579
0.43077
0.984273
0.718718
1.37303
1.77815
0.721783
0.834207
0.907273
1.55655
0.529985
0.742414
1.14464
1.17198
1.15333
1.08491
0.584627
1.13686
0.716467
0.86523
0.836512
0.799594
0.801302
1.16661
0.663742
1.32633
1.24701
0.66372
0.542776
1.2184
0.704775
0.798047
1.0669
0.63338
1.09604
0.83694
1.48045
0.633665
0.923187
0.997702
0.733348
0.61241
1.50684
1.36443
1.3881
1.13333
0.957205
1.47904
0.77164
0.922154
0.903172
0.510711
1.08655
0.78953
1.14957
1.11294
1.13711
0.624902
0.94377
1.62655
0.651282
1.03672
1.02535
1.4976
0.901886
0.801917
1.12202
1.45282
1.22495
1.02317
1.29197
0.871389
0.875789
1.00976
1.15855
0.865493
0.774434
0.984754
2.53759
1.02597
1.01052
1.01631
0.503278
0.734641
0.578217
1.13405
0.89919
1.36558
0.981139
0.940715
0.766042
1.17075
1.08842
1.66943
0.787171
0.936732
1.15235
0.738336
0.998937
1.05709
0.983263
1.68807
0.888453
0.994359
1.208
1.1178
1.24269
1.27276
1.06153
0.768486
0.66024
1.44757
0.518673
1.08315
2.03647
1.06569
0.856264
1.12892
1.43923
1.2207
1.30412
0.722492
0.690247
1.1788
0.683248
1.13147
1.28025
1.28708
0.762495
1.55483
1.6922
1.20033
1.06447
0.486642
1.11349
0.954757
1.22624
0.96298
0.530793
1.57205
0.904492
1.16729
0.450349
0.995154
0.828691
1.25927
0.701183
0.551154
0.689847
1.30853
0.941173
0.576282
1.12638
0.730928
1.01237
0.537995
0.884162
0.675352
1.72196
0.974681
0.911673
0.690953
0.721509
1.84869
1.40898
0.93067
0.863567
1.34051
0.956529
1.09662
1.28859
0.512188
1.02091
1.06805
0.702101
1.36417
1.14782
0.92724
1.3447
0.94851
1.02953
0.756359
0.592539
1.17131
0.585243
0.909217
1.16484
1.04006
1.22391
0.768114
0.870141
0.730485
0.742435
0.693133
0.786199
1.5368
0.818187
0.737493
0.596506
1.12729
0.89267
0.750044
1.11947
1.22152
0.762107
0.709566
1.06113
0.872632
0.646756
1.00727
0.765737
0.881355
1.02965
0.695915
0.637224
1.35127
1.13462
0.769011
0.97676
1.04678
0.550581
1.30919
0.710084
1.00289
0.844817
1.28338
0.752794
1.02193
1.04609
0.901482
1.21942
0.574952
0.754903
1.40566
0.851627
1.08218
0.803722
0.925582
0.759244
0.522896
0.879111
0.499488
1.11759
0.560462
0.899063
0.456404
1.00779
0.728776
1.12544
1.15402
0.524957
0.542706
1.00377
1.48071
0.923573
1.0024
0.771769
1.10408
0.882323
0.65275
0.852493
0.632261
0.859178
1.07709
0.727103
0.966118
0.959233
0.806152
1.29549
1.551
1.63306
1.70172
0.691262
0.993744
0.998436
0.702764
1.07359
0.608618
1.02904
1.17694
1.0998
0.9319
0.935242
1.01135
0.716558
1.08377
1.09154
1.49677
0.701585
0.550824
0.685433
0.79569
1.06577
1.80935
1.29975
0.749858
1.29635
1.15986
0.569618
0.569791
1.44598
0.717299
0.554752
1.43326
0.523477
1.45531
0.587993
1.11729
1.08245
0.795342
0.738421
1.10552
0.75331
0.855235
0.494561
0.993429
0.815879
1.46584
1.71607
0.670634
1.00084
1.15302
1.13804
0.820193
0.94201
0.708544
0.704194
0.828205
0.937079
1.20748
0.870357
0.540978
1.25897
1.61759
1.07923
1.12399
1.02671
1.10698
1.00727
0.858784
0.885815
0.778707
0.915695
0.589529
0.500562
0.942178
1.11017
0.990285
0.79203
1.22583
0.955468
0.841643
0.655863
0.504582
0.596209
1.44364
1.30097
0.840386
1.12738
1.56513
1.312
1.28586
1.4894
1.31205
1.12488
1.22736
0.691593
0.61705
1.18805
1.47572
1.36135
0.518354
1.10473
1.09083
0.991044
1.75642
0.540972
1.3772
0.887829
1.1014
1.70109
1.27942
1.04774
0.964663
1.37646
0.788781
0.72901
0.622234
1.46378
0.622952
0.969303
0.77247
0.464043
1.32629
1.06085
1.01748
1.00199
0.815211
0.64343
1.16885
0.966838
1.35793
1.82229
1.16962
1.34005
1.11865
1.0105
1.28692
1.56243
1.89959
1.11096
0.949084
1.61655
1.08346
0.686247
1.22513
0.623136
0.801468
0.489604
0.521041
0.622593
0.939116
0.983444
1.32464
0.815993
1.12758
1.2663
1.82293
0.561586
1.01321
0.718527
1.31291
1.13736
0.840369
1.01411
1.07007
1.64817
0.869577
1.46452
1.40078
1.22803
1.07786
1.21964
1.33342
1.13832
1.84705
0.877075
1.04858
0.784576
1.61752
0.69657
1.43065
0.76346
0.624937
0.715295
0.852944
1.41874
1.36133
0.906214
0.59002
1.15962
0.514773
0.998388
1.5219
0.549202
1.27868
1.08846
0.695234
1.00458
0.515518
1.39271
1.0746
1.05468
0.958174
1.04251
0.637023
0.844709
1.10244
0.63256
0.909365
1.38478
0.761101
0.613563
0.684737
0.816723
1.02697
0.96854
1.27858
1.34128
0.813236
0.799964
0.802821
1.31228
1.27735
0.540232
1.03343
1.88763
1.12923
1.44683
0.81849
0.740898
1.20694
0.925191
0.974817
1.32087
0.448722
0.967471
0.778496
0.827951
1.56612
0.560161
0.763544
0.815707
1.71989
1.1484
0.671285
0.46999
1.48256
0.663756
1.34986
1.0676
0.830465
1.34952
1.28485
0.430479
1.18381
0.666635
0.934787
1.48803
1.14047
1.40984
1.02741
1.58921
0.577174
0.643313
0.795682
1.09449
1.23312
0.652748
0.675173
1.01848
0.5683
1.99413
1.05807
0.605153
1.05858
0.783504
0.642768
1.39807
0.652275
0.521032
1.46519
1.48224
1.14858
0.622517
1.07315
0.71536
0.983123
0.913237
1.20846
0.747169
0.734652
1.13926
0.71152
0.726692
0.889415
1.14535
0.677399
1.21836
0.738324
0.616487
0.748575
1.62612
1.40535
0.779249
0.93618
1.28232
0.969413
0.762027
1.26224
1.01199
0.859807
0.946308
0.749153
0.830694
1.34755
1.03604
0.835588
1.0723
1.25205
1.3474
1.01649
0.347323
0.544515
0.602828
1.43325
1.49039
0.656521
1.00987
1.07281
1.65724
1.01019
0.95524
0.883867
0.778968
1.22155
1.02605
1.14347
1.3741
1.1262
1.24399
0.811061
0.79664
1.45423
1.43588
1.0542
2.04521
1.35553
0.789803
1.13673
1.29181
0.74553
1.1635
1.13692
0.895021
1.53842
0.743694
0.998347
1.4737
0.72706
0.965342
1.19456
1.05545
1.39622
0.929664
0.572261
0.709191
0.743563
0.694663
1.27741
1.2871
0.733185
0.891879
0.978425
1.37545
1.61362
1.1136
1.0693
1.65192
0.791607
0.730351
1.13348
0.913568
0.725651
1.11446
0.986604
0.899386
0.905148
0.880848
0.922602
1.30023
0.657223
1.13936
0.873198
0.646982
1.19158
1.3348
1.14247
0.595293
0.924523
0.915483
0.943956
1.78687
0.862305
1.21891
1.34416
1.09284
1.44243
0.833954
0.489859
0.687068
1.54934
1.34652
1.21668
0.784174
0.746078
1.04628
1.13371
1.47607
0.993238
1.44151
1.3545
1.18547
0.838712
1.05953
0.942814
1.14039
1.09906
0.729777
0.796408
1.37161
1.4108
1.14717
0.736007
1.12771
0.627846
1.54253
0.895467
1.16102
0.656738
0.84881
0.60982
1.35629
1.16794
0.788487
0.822278
0.964293
1.21902
1.00022
0.966815
1.01365
0.905606
0.68485
0.333848
1.46496
0.692246
0.669079
0.990448
0.87206
1.01378
0.963976
0.811435
1.23729
1.97857
0.585547
0.533992
1.5079
1.55861
0.841817
1.10011
1.03586
0.800518
1.01219
0.720988
0.57761
0.558955
1.49245
0.442167
0.602845
0.815365
0.91848
0.808285
0.711156
0.893733
0.654882
0.667174
1.08736
1.64778
0.924525
0.7852
0.758723
0.989052
0.991289
0.551289
0.97593
1.06999
0.797478
0.390337
0.806344
0.842897
0.834563
0.522054
0.941948
1.08284
0.888289
1.30886
0.479063
0.805388
1.13845
0.729222
0.789446
0.684034
0.638875
1.45547
1.23897
1.45581
0.976393
0.819342
0.585277
0.59924
1.04008
0.865824
1.15984
0.778701
0.589111
1.53419
1.78726
0.614568
1.14739
1.14886
0.558493
0.815549
0.659114
0.724315
0.823386
1.08705
0.469168
1.16749
0.58747
0.425371
0.669701
0.976909
0.883697
1.67957
0.897916
0.941108
0.620446
1.26467
1.09418
0.924067
0.900448
1.32202
0.665603
0.458072
0.635665
0.974707
0.850262
1.14237
1.10243
0.860303
0.888358
1.1681
0.546906
0.974104
0.810132
1.22711
1.04476
0.801861
1.15031
1.5554
1.18657
1.34002
0.901053
1.32
1.26759
0.883564
1.22522
1.18618
0.377403
0.751219
0.934458
1.40919
1.5159
1.08112
0.666685
1.14857
1.39845
1.40907
0.595672
0.914861
0.746065
0.732557
1.29707
0.577146
1.3957
0.813512
1.19839
0.776039
0.894934
0.850763
0.645905
0.621829
0.627549
1.03948
0.614567
1.10642
0.935169
1.4844
0.768192
1.48283
1.19082
0.516817
1.37534
1.4785
0.867192
0.483634
1.71405
1.07838
1.12125
0.767678
0.986431
1.13593
1.07328
0.546717
1.84148
0.825174
0.798855
0.910605
1.16957
1.4068
1.03948
1.11417
0.912104
1.3101
1.96485
1.00176
1.01545
0.935063
0.865742
0.611444
1.38733
0.585936
0.620577
0.67588
1.15696
0.313386
1.2653
1.47891
1.56593
0.939164
0.876853
0.943264
0.88341
1.18691
1.17614
1.47761
1.24588
0.877298
1.18423
0.925215
0.773262
0.444334
1.09262
1.38183
0.957427
1.10529
1.1282
0.779834
1.03605
0.976318
0.893068
0.921677
1.11496
1.57652
0.988523
0.84911
0.978443
1.13106
0.679201
0.927776
0.970283
0.642799
1.03871
0.875893
0.911902
0.755905
1.14819
0.906884
0.621325
1.11672
0.897716
0.786546
1.00816
1.54011
0.98247
0.895502
1.18814
0.951387
1.80139
0.509795
1.29889
1.25012
0.920944
1.08347
0.94575
0.899393
0.862145
0.692956
0.616713
1.14042
0.947027
0.459687
0.804032
1.24551
1.17708
0.898148
1.06761
0.837823
0.994434
1.10848
0.906443
1.17118
0.972015
0.921508
0.731047
0.962929
1.00914
0.926992
0.785008
1.04527
0.969309
1.02783
0.425131
1.35266
0.558861
1.87048
1.09855
1.05915
1.04867
0.869674
1.36523
0.907643
1.00859
1.01529
0.836649
1.28446
0.667
1.27448
1.14193
0.975369
0.48629
0.913085
0.446337
0.903623
0.560466
0.541412
0.958097
1.68691
1.04649
0.662076
0.866476
0.640269
0.71654
1.20455
0.802031
1.19503
0.590235
1.34331
0.699336
0.722154
1.1265
1.01555
0.897027
0.798185
0.62793
1.31053
1.35737
0.852036
1.54871
1.32201
1.12752
0.766956
0.754815
1.05089
1.18733
1.07316
0.625127
0.918654
0.808776
1.03971
0.832077
1.47383
1.48769
1.77477
0.914638
0.664605
1.33552
0.437549
1.15326
0.667665
0.584422
0.471801
0.782888
1.18801
0.917734
1.33358
1.0497
0.841583
0.748491
1.15569
0.833207
0.740327
0.634458
0.60736
0.662879
1.12683
0.871792
1.016
0.801065
0.971957
1.70668
0.663873
1.30155
0.810674
1.1471
0.630481
1.00832
0.532681
1.11303
0.946974
1.54835
1.67567
1.38685
0.601887
0.412944
0.785676
1.09691
1.14493
0.855845
1.00429
0.739406
0.852168
1.03746
0.929744
0.390087
1.11572
1.58928
0.864125
1.15553
1.12593
0.95301
0.571227
1.02429
1.11401
1.17766
1.02715
1.68169
1.09422
1.53663
1.35376
1.3523
1.32141
0.708656
1.35395
0.833012
0.672227
1.07061
1.24673
1.39325
0.541849
0.624217
0.590369
1.01008
0.796611
0.825782
1.21969
1.00311
0.99246
0.992153
0.56611
0.806476
0.870557
0.497736
1.52715
0.525267
1.6541
1.63641
0.638836
1.27024
1.29668
1.2127
1.00679
1.47082
0.694704
1.2572
0.86003
1.14808
1.1319
1.08657
1.92178
1.50658
0.94623
0.789697
1.17192
0.860705
0.572118
1.75357
1.04025
1.3814
0.659857
0.864896
0.586313
0.581184
0.885655
0.610623
1.26123
0.857527
1.13947
0.342609
1.3674
1.22334
1.03202
0.743732
1.16009
1.04934
1.22877
0.58244
0.660483
0.760739
1.34535
0.81973
0.66594
1.27821
0.584633
0.908832
0.761048
1.33175
0.651049
1.13244
1.04692
1.2631
0.710148
1.49593
1.45971
1.21013
0.913907
1.063
0.782902
1.67869
0.863859
0.667873
1.22843
1.34244
0.935507
0.518088
1.48538
1.28547
0.813471
0.613692
1.05979
0.732559
0.927247
0.913836
1.15519
0.900614
1.49509
1.0871
1.09814
0.635155
0.650298
1.41491
1.43161
0.912984
1.03568
1.3972
0.938854
1.05869
1.26847
0.782161
1.95015
1.17094
0.885271
1.5707
0.932067
0.490711
0.632737
0.909688
0.816993
1.45257
0.45375
0.689028
1.00374
1.10879
0.552064
0.709783
0.795803
0.879123
0.948727
0.56558
0.774564
1.24131
0.946883
1.12369
0.765576
0.846634
1.00036
0.642017
0.814143
0.891897
0.741733
0.832873
1.08114
0.687108
0.991422
0.781746
1.17135
1.10798
0.697534
0.804999
1.10131
0.763903
1.53663
1.07993
0.56465
1.17863
0.761856
1.26218
0.682274
1.00461
1.12712
1.01708
0.850566
1.19562
1.19189
0.882858
0.665678
0.788726
0.777918
1.44057
1.23541
0.802758
0.776678
1.0514
0.620805
0.825889
1.16212
0.634851
0.742254
1.23661
0.942486
0.953213
0.561315
1.11006
0.995966
1.07821
1.29664
0.910038
0.696517
0.654487
1.24899
0.938
0.805668
1.1454
1.08721
1.1236
1.14736
1.57944
0.482616
0.726167
0.619759
0.77077
1.39117
1.33798
0.865848
0.637154
1.12842
1.12403
1.41346
1.59701
0.526826
0.956248
0.397229
0.496911
1.00662
1.1567
0.948874
0.813523
1.15208
1.03707
0.748542
0.819977
0.539335
1.08443
0.681412
0.92028
0.982732
1.43499
0.747292
0.849216
1.05616
1.12097
1.63722
1.15692
1.01706
0.982765
0.730215
1.18822
0.539052
0.489097
0.969076
0.966447
0.980276
1.34671
1.18294
0.81607
1.00029
0.629705
0.974839
0.797365
1.09049
0.526327
1.48624
1.43468
0.83867
0.667551
1.20072
1.1475
0.555882
0.611357
1.14972
0.428636
0.766134
0.882212
1.05803
1.107
0.795798
0.547235
1.12028
1.17296
0.58984
1.3378
1.07763
1.11116
1.38758
0.686795
1.4734
1.08343
0.538433
1.4335
1.69183
0.624957
0.962982
0.693632
0.74263
0.895589
0.807158
1.05158
0.535517
0.507417
0.909466
0.953064
0.707086
1.21109
0.814767
0.760206
1.36034
0.785023
0.984665
1.03052
0.549294
1.44445
0.943576
0.716869
1.58218
0.984269
0.722093
0.911428
1.20439
0.428241
1.60664
0.781431
1.74759
1.04079
0.490686
1.02015
0.823007
0.493121
0.949828
0.365813
0.371132
1.03885
1.05862
0.791612
0.582944
0.847049
0.587506
1.33534
1.74342
1.04971
0.915572
0.545629
0.34046
0.993917
0.434442
1.43455
0.748121
1.15169
1.09721
1.34526
0.541406
0.680913
0.614348
0.633771
0.966714
1.19733
0.891081
0.854212
1.01516
0.724147
1.15002
0.801871
1.121
0.556416
1.07315
1.3132
1.02006
1.1051
1.07715
0.914731
0.816715
1.37865
1.06717
0.924794
1.06505
1.84422
1.48392
0.755582
1.1886
1.0089
1.76871
1.21617
1.11902
1.08948
0.913777
1.28021
1.78059
1.0054
1.31516
0.924464
0.689075
1.02226
0.828646
0.972646
1.0457
1.16194
0.939343
1.15219
1.02539
1.01008
1.22802
1.04231
1.27185
1.06122
0.83198
0.60279
0.925719
1.00932
1.36759
0.932799
0.915645
1.15046
0.86759
1.37769
0.734319
1.85176
1.0354
0.767089
1.04643
0.896141
1.42596
1.38284
1.04695
1.37826
0.702645
0.529862
0.59856
0.599451
1.17247
0.982231
1.14373
0.891373
0.776716
0.880883
1.29714
1.52444
1.71332
0.845205
0.936952
1.32744
0.645143
1.17757
1.08202
0.517116
2.23817
1.70989
0.484305
1.23901
0.840181
0.746986
0.46453
1.21218
0.531346
1.20243
1.50933
0.780645
0.862835
1.05158
0.997512
0.826
0.858413
1.27723
0.779392
1.65996
0.913562
1.1627
0.94485
0.975932
1.18441
1.03802
0.876702
1.61508
1.28829
0.792396
0.627929
1.07546
1.08285
1.27276
0.710293
0.838072
0.707218
1.20059
1.19431
1.04838
0.974647
0.828392
0.820215
0.968302
0.516163
0.760238
1.14331
0.718937
1.22378
0.724651
1.10216
0.617406
1.31017
0.599625
0.429874
1.29955
1.29744
0.559821
1.28459
0.702935
0.780664
1.03477
0.948008
0.761786
0.721855
0.982832
0.765795
1.58975
1.17898
1.20659
0.606615
1.41652
1.54183
0.531151
1.00917
1.63942
0.995399
1.30806
1.37118
0.753683
0.982636
1.06672
0.799298
0.972893
0.817413
0.783954
0.909535
0.754397
1.11252
0.695969
0.716363
0.936723
1.2058
1.16877
1.03992
1.06523
1.14638
1.37913
1.31656
0.975385
0.439622
1.10058
1.31369
1.11046
1.14773
0.72813
1.50935
0.9374
0.994414
1.15287
1.02571
1.09306
0.877114
1.20764
0.844997
0.592662
0.919885
1.16026
1.33877
0.859374
0.675772
1.20501
0.962162
1.04339
1.51879
1.69523
1.11461
1.338
0.779916
1.14865
1.223
1.7097
1.34796
0.224729
1.04345
0.850991
0.576144
1.08444
1.11024
0.640982
1.47516
1.18616
0.863872
0.820104
1.28778
0.906063
0.466942
0.861334
0.81915
1.52964
1.0738
0.719896
0.715653
0.855908
0.716684
0.534656
0.874944
0.992942
0.763342
1.33239
1.48467
1.04408
0.945302
0.813435
0.61698
1.11101
0.634108
0.723637
0.386459
0.320886
1.49771
1.12134
0.92698
1.42029
1.23242
1.26683
0.998264
1.42217
0.639051
1.4286
1.24787
1.56252
0.530496
1.50377
1.1017
0.565309
0.641805
1.4261
0.650252
0.590203
1.07922
0.81357
1.25834
0.543278
0.776627
1.16919
1.09998
0.877445
1.67862
0.899634
0.9862
1.27601
1.07313
1.21668
0.758002
1.17906
0.995919
1.31322
1.12584
0.788514
1.1293
0.916018
1.33305
0.489968
1.06988
1.28398
1.04462
1.62137
1.03597
0.963026
1.02337
0.979839
1.42711
1.01148
1.0158
0.546434
1.01455
0.611352
0.933587
1.05881
1.06713
1.08103
0.79106
0.897985
0.533201
0.782959
0.844389
0.430917
1.71352
1.36343
1.16542
1.41587
0.888723
1.02206
0.87512
0.988674
0.403015
1.10167
0.781795
1.04066
0.95105
1.0335
1.00274
0.712691
0.843438
0.834361
0.796413
1.80699
0.647405
1.03507
1.02003
1.04955
0.909001
0.595805
0.972053
1.40307
1.29025
0.705774
1.16148
1.11076
0.792875
0.921345
1.3222
0.700031
1.00949
0.751006
0.660058
0.830272
1.13031
0.957694
0.74812
0.754111
0.870733
0.691588
1.00146
0.637002
1.00304
0.506356
0.875729
0.883284
1.02372
1.29466
1.72711
1.28899
1.12641
0.677629
1.26796
0.842253
0.516563
1.49203
0.394433
1.20416
1.50384
1.15035
0.729352
0.947895
1.37845
1.09865
0.862604
0.436697
0.893181
0.59794
0.724171
0.799597
0.668361
1.30594
0.978371
0.877213
1.42484
0.887404
0.896009
0.605928
0.781733
1.35422
1.05689
0.877341
1.01491
0.89483
1.28262
0.620241
0.765208
1.06536
1.1686
0.778093
1.04429
1.33863
0.658601
0.613964
0.62756
0.414829
0.492468
1.60642
0.752577
0.879853
0.752202
0.950688
0.575284
0.706871
1.64758
0.922717
0.956265
1.00302
1.71795
1.25928
1.05757
1.33788
1.4058
1.58471
0.943337
0.678923
0.822401
1.30123
1.70332
1.14274
0.807605
1.50336
0.866423
1.05361
1.80163
1.41677
0.644055
0.78443
0.859761
1.07218
0.697181
1.2251
1.20263
1.04908
1.55989
1.11992
0.505114
0.81904
0.903008
1.07297
2.09748
0.883831
0.750273
0.790341
0.83743
0.856727
0.613931
1.15485
1.14713
1.00313
1.31707
1.2635
0.514665
0.605389
0.745167
1.18821
0.870593
0.900282
0.447256
0.939661
1.11721
0.906435
1.44973
1.45339
0.964389
0.988744
0.877547
0.859697
0.610252
0.568365
0.908182
1.43014
1.12862
1.53373
1.19926
0.501332
0.901752
1.22129
0.857972
1.03529
0.840098
0.592574
1.26661
0.932938
0.944923
1.01426
0.47524
0.819603
0.883448
1.20585
0.691183
1.18867
0.618317
0.555144
0.814518
1.35278
1.02763
1.05576
0.950928
1.26529
1.48366
0.92711
1.25042
0.853618
0.894003
0.995846
1.84704
0.616004
1.12945
1.00398
1.42054
1.21131
1.02097
0.383784
1.24742
1.38818
0.889296
0.728908
0.938819
0.745447
0.849264
0.815999
1.03374
1.06475
0.940552
0.656776
0.978702
1.52971
0.907457
1.24924
1.33328
0.868889
0.543583
0.969363
1.09845
1.59753
0.96219
1.18568
0.830788
0.651407
0.524376
1.2245
0.495096
0.597188
1.06054
0.719598
1.35455
1.29621
1.07008
0.32383
1.3491
1.1508
0.957806
1.4767
1.18239
1.09037
1.36728
0.40902
1.19066
1.27866
0.677307
1.2396
0.801329
1.25745
1.09686
0.99046
0.576099
0.822399
1.52643
0.60976
0.939276
1.06189
1.52245
0.803844
0.579475
1.63416
0.778539
0.959888
1.27571
1.01152
0.893811
0.801619
0.807217
0.853214
0.892975
1.40986
0.862276
0.791992
0.70923
1.04417
1.09121
0.525119
0.957721
0.93558
1.04549
0.987533
0.406383
1.14688
1.13913
0.761082
1.10688
1.48894
1.1594
0.505656
0.556174
1.08214
1.38771
1.12508
0.746803
1.36724
0.62116
0.758782
0.834021
0.678197
1.15708
2.12614
1.29792
0.706219
0.578826
1.29483
1.18812
0.926943
0.995068
1.57753
1.11897
1.02149
1.05979
0.61669
1.74899
1.212
1.75527
0.810257
1.53413
0.498222
1.12631
1.1186
1.39297
0.522556
1.29129
1.12556
1.04407
0.617928
0.76147
0.547266
1.03213
0.965709
0.697351
1.06078
1.13987
0.897554
1.23887
0.679928
1.02457
0.778882
1.2565
1.10131
0.872353
0.525521
1.21966
0.801756
1.11371
1.77057
1.0115
1.18916
1.12416
1.33396
0.801657
1.07723
0.511723
0.887167
0.575821
0.906086
0.899176
1.08581
1.61172
0.758061
0.604695
0.53635
1.40317
0.549217
0.793004
1.04817
0.742475
0.917118
0.495179
1.01459
1.30055
1.0659
1.07719
0.972463
1.2807
0.897763
0.812426
0.793395
0.725726
1.55922
0.728267
0.686656
0.87053
1.07128
0.967765
1.5027
1.06968
1.23087
0.883446
0.624052
0.675058
0.843585
1.01934
0.832915
0.802325
0.701944
1.17243
1.13401
1.20251
0.999054
1.10511
0.89607
1.03481
0.926648
0.604286
1.22268
0.850121
1.03272
0.906758
1.11194
0.647968
1.18032
0.82628
0.891642
0.881869
0.955556
1.57322
0.652223
0.95767
1.40494
0.943495
0.851314
0.590572
0.658445
0.554536
0.600429
0.516121
0.693649
0.817097
1.35309
0.941908
1.16924
0.738502
0.852974
1.81821
1.15321
0.690883
0.523811
0.944391
1.15993
1.11327
0.71603
1.05732
0.914336
0.427621
1.21494
0.864945
0.905473
0.721142
1.29242
0.813881
1.18779
0.953913
0.704712
1.40247
0.844928
1.09191
1.14916
1.01019
1.10311
0.937859
1.00028
1.58849
1.13038
0.852422
0.978368
0.96998
0.555581
0.662104
0.500287
0.768924
0.801098
0.917194
0.972107
1.5039
0.604414
0.954626
0.580546
1.135
0.509565
1.29329
1.44646
0.86917
1.19205
1.05979
1.10735
1.008
0.771769
0.493851
1.05946
1.43748
0.651679
0.570737
0.870551
0.613156
1.06636
1.0982
1.08831
0.934788
0.85749
0.937557
1.05021
0.581092
0.896142
0.942227
1.1223
1.72601
0.728245
1.4799
0.434898
0.83022
1.07363
1.09749
1.00622
0.943464
0.771699
1.50875
1.20199
0.922596
1.10336
0.611026
0.864021
1.11624
0.668978
0.755647
1.34762
1.26196
0.943757
1.01958
1.40338
1.29393
1.04027
0.959048
0.850008
0.843943
0.757421
0.812089
0.632406
1.48758
0.866941
1.18478
0.512501
1.69056
0.630227
1.69862
0.562683
1.10543
0.871594
1.09576
1.08436
0.723181
0.672864
0.80889
1.12689
0.899483
0.808724
1.0829
1.23318
1.7915
0.519677
0.603414
0.880842
0.867774
1.01796
0.718739
0.879965
1.53781
0.74024
0.746251
1.80546
1.00154
0.952565
0.638577
0.805346
0.528236
1.8837
1.13296
0.909041
1.59705
0.937088
0.780093
1.15404
1.04164
1.47258
0.729453
1.7022
0.718903
0.67236
1.752
1.22987
0.925527
0.935327
0.539924
1.48554
0.910309
0.647221
0.952527
0.697761
1.5212
0.767778
0.9861
1.04594
1.44354
0.733595
0.732861
0.663869
0.968405
0.653863
0.923883
1.34252
1.00556
1.35211
0.566805
1.16521
1.06858
1.22569
0.995169
0.841337
1.09799
1.5407
0.74524
1.36373
1.09468
1.10636
1.19971
0.817332
0.858885
0.773511
1.23734
1.228
1.31346
1.09185
1.38731
1.21315
0.666191
1.06762
0.886554
0.758484
1.06658
1.68403
1.13728
0.89958
1.34702
0.718279
1.11627
0.898467
0.57482
1.24692
1.27995
1.84538
0.955401
1.13802
0.476401
1.6528
0.842107
0.934254
1.07479
0.711642
0.845621
0.67375
0.877399
0.489789
1.46017
1.25761
1.08434
1.28367
1.36837
1.19008
0.503857
1.22478
0.95036
0.848788
0.79373
1.05163
1.08396
0.54336
0.618727
0.795348
1.15768
0.732728
0.667958
1.0028
1.09823
0.867175
0.927952
1.57748
1.2313
1.38982
0.593709
0.508194
1.21211
1.07657
0.54768
0.880004
1.25603
0.769634
1.13476
0.804156
1.24236
0.951106
0.81277
0.820384
0.865554
1.03074
0.47563
1.50015
1.13752
1.1118
1.04435
0.970527
1.20104
1.29397
0.954565
1.32196
0.873242
1.06048
0.80289
0.721761
1.76136
1.68586
1.0235
0.769528
0.949823
0.637573
0.538824
0.998175
1.06196
1.34946
0.924686
1.04255
0.786675
0.65262
1.16021
0.682942
0.79737
1.48907
0.993732
0.578417
0.916701
1.13248
0.581454
1.43408
0.649946
1.48737
1.61635
1.0955
0.641817
1.28106
1.42986
0.72294
0.582571
0.609881
1.29042
0.743362
0.627148
0.620183
1.16956
0.667679
1.23887
1.02906
1.09425
1.23015
0.610854
1.36886
0.70792
0.905929
1.24016
0.993494
0.980578
0.860388
1.34717
1.05987
1.06739
0.628565
1.23686
1.303
1.68737
0.703355
0.693161
1.04733
0.92952
1.56364
1.09222
0.810037
0.892234
0.962053
1.22818
1.27838
0.750118
1.0151
1.39496
0.763142
0.677405
1.05625
1.019
0.861601
1.1602
0.66991
0.922679
1.65633
0.76355
0.764882
0.924896
1.12743
0.718253
1.07237
0.679744
0.625981
0.679033
0.750014
1.23008
0.745858
1.12438
0.976295
1.34629
0.904722
1.23463
0.69467
0.740107
1.25015
0.696137
0.993416
1.58807
0.846048
1.01609
0.628433
0.658272
1.32333
1.24057
1.18107
1.51724
0.753295
0.945028
1.77162
1.32237
0.853385
1.30004
1.64159
1.46001
1.20908
0.671304
0.595445
0.770753
1.46113
1.12328
0.749509
1.00636
1.45874
0.726058
0.704329
0.602334
1.09124
0.946116
0.941585
0.405423
0.45294
0.965809
1.43066
0.474396
0.435136
0.86829
0.99422
0.351899
0.802885
0.687336
1.51921
1.3516
0.746377
0.790631
0.46323
0.789813
1.02075
0.992299
1.30643
0.869155
1.21592
0.802659
1.1043
1.44558
1.18306
0.492708
0.547076
0.756788
0.445249
1.13963
0.829136
0.67143
0.92197
1.2531
0.862367
0.928258
0.808803
1.06816
0.725217
0.577011
1.39985
1.04588
1.025
1.00974
0.582374
0.686891
1.02325
1.05289
0.967251
1.42908
0.437863
0.668636
1.49864
0.958042
0.790479
1.228
1.24069
0.834315
1.10271
0.699768
0.795674
1.21047
0.845789
0.80061
0.420767
1.3117
1.23588
0.829325
1.17181
1.47059
1.55466
1.40048
0.816259
1.02387
1.0198
0.772204
0.625786
0.875824
0.544235
1.467
1.36185
1.48313
1.1973
1.20438
0.821523
0.725988
1.08892
0.792726
0.439313
0.716718
1.02852
0.562485
0.704235
0.819356
1.36878
0.806967
0.977323
0.844787
0.682244
0.79463
1.435
1.37991
1.00017
0.786006
0.637178
0.716668
1.31097
0.740537
0.894636
0.933295
0.863209
0.89116
0.998778
