0.467988
0.567735
0.613932
1.81982
1.76368
0.636153
1.8321
2.02603
0.429672
2.2953
1.17964
0.347589
0.790378
0.269655
0.636679
0.456031
0.358039
0.8645
1.63877
1.0023
0.663314
0.831269
0.937513
1.31547
0.441118
1.48275
1.0083
0.905802
0.437625
1.45967
1.33955
0.477384
0.900936
0.296504
2.91049
1.3909
0.805377
0.306964
0.779015
0.253253
1.46261
0.444714
1.04463
0.154558
0.858101
0.989475
0.650951
0.29192
1.01301
0.640061
0.801882
0.500282
0.150674
1.03529
0.546456
0.568403
0.778007
0.21332
0.461268
2.75453
0.31231
1.41243
1.36952
1.17787
0.19542
0.503306
0.32269
1.1751
1.32036
1.73216
0.600114
0.509409
1.10974
0.405007
0.862989
1.82478
1.32468
1.01748
0.115908
1.19445
0.393435
0.136121
2.31217
2.80258
1.59628
0.761558
1.04906
0.110238
0.848113
0.745163
1.2373
0.222578
0.0971383
1.15431
0.921855
1.36539
0.365032
1.28526
1.01508
0.789182
0.389225
0.0296963
1.12431
0.482569
1.49259
1.87097
1.38374
0.064233
0.865707
1.39342
1.34461
1.3857
1.27125
0.377764
0.52614
0.787951
0.429144
0.313213
0.802289
0.623142
0.634911
1.52646
0.474438
0.971566
0.776198
1.09233
1.0021
0.916557
0.985709
2.41285
0.403545
0.647397
2.24192
1.19012
1.38624
2.15976
0.299877
0.581741
0.478084
0.508031
1.73816
1.41975
0.477253
0.234325
0.788407
1.65299
2.03342
1.47273
0.671523
1.94707
2.03592
0.529384
0.397352
0.578921
1.23772
0.438592
0.641106
0.49422
0.845871
0.309869
0.969546
0.816568
0.565859
0.182689
1.62898
0.614424
1.03186
0.673311
0.638672
2.25162
0.699177
0.614039
0.205861
0.70454
0.654333
1.24746
0.786051
0.603352
0.312652
0.587429
0.264066
0.748859
0.512671
0.825298
2.3428
0.695909
0.475305
0.374181
0.88797
1.05832
1.04955
0.497479
0.0331809
0.549877
2.69203
0.503573
1.58051
2.11497
0.895034
0.739189
0.322824
1.41021
0.970496
0.375717
0.384122
3.9263
0.104385
0.839958
0.534301
0.724962
0.747333
1.00057
1.32139
0.684285
2.79826
0.558516
0.624468
0.241108
0.295786
0.542528
1.00668
1.24793
1.255
0.472579
1.16024
1.42861
0.673295
1.72361
0.744835
0.695338
1.36693
1.25904
0.251583
0.193789
0.486205
0.593862
0.634146
2.06695
0.287816
2.20636
0.441866
1.21939
0.639299
0.883506
2.61542
1.68393
1.24185
1.48244
2.39303
0.463037
0.241807
0.275919
0.427061
0.874408
0.636175
1.52909
0.792461
0.408702
0.375787
1.09972
2.46926
1.0387
1.99126
0.731369
2.00678
0.966514
1.1427
0.775838
0.408671
0.332805
0.900286
0.960558
1.29089
0.548194
0.726715
0.781079
0.159821
2.0794
0.305684
0.377534
1.22285
0.198427
0.765118
0.597327
0.997025
0.471339
0.33351
1.87486
1.40434
1.71824
0.169366
0.626801
0.202616
1.42089
0.483408
1.18327
1.54911
2.46961
2.14108
1.16509
1.46934
0.321325
0.528022
0.183142
1.06183
0.153241
1.29669
1.48599
0.464517
1.64028
1.21684
0.718225
0.278759
0.386698
0.693699
0.136104
0.713492
0.94216
0.122648
0.246903
1.40398
0.255223
1.21527
0.896014
1.30391
1.46902
0.0710956
1.62058
0.505814
1.6987
0.608368
1.31798
0.124933
1.75449
0.641354
0.203717
0.790988
0.518588
0.313987
0.446437
0.624971
2.32608
0.187863
1.42408
0.583815
0.579574
1.07395
0.442684
0.334133
2.97387
0.366753
0.881459
1.14359
0.932287
0.305638
0.153157
1.48736
0.346301
0.682972
0.905144
0.98476
1.7901
0.517675
0.105065
0.630935
0.238931
0.394993
1.56766
0.94317
0.628694
1.0683
0.975692
0.654528
1.76371
0.619678
1.14048
1.52912
0.469296
1.37808
1.45105
1.31051
0.422841
1.79414
0.865327
1.05621
0.161284
1.35384
0.447861
2.41739
1.7738
2.11251
0.835036
2.06797
1.27893
1.5591
2.52581
1.03157
1.95127
0.472189
1.44249
1.03695
1.38125
1.17243
0.714204
1.05316
0.444704
1.2462
0.254403
3.39435
0.450088
0.152589
0.777293
2.65893
1.92829
0.302321
0.262639
1.98863
0.199328
0.42884
1.11601
0.689897
0.345141
0.841367
0.185776
0.100068
1.09549
2.66555
0.331175
1.69833
0.192039
0.821541
0.639914
1.18403
1.24636
0.655853
0.29337
0.951315
1.53721
0.428427
0.121001
1.4344
0.905192
0.947706
0.26543
0.439961
0.541359
0.378982
1.46225
0.997819
0.795259
0.956442
1.16051
0.308877
0.78753
0.771539
0.671487
1.28196
2.62863
0.363347
0.220546
0.500952
2.44949
0.537715
1.24128
0.622288
0.648467
0.424131
0.0776211
0.910029
0.853343
1.95501
0.622009
0.514499
0.32854
1.12259
1.1079
0.859345
0.73419
0.232734
0.450684
1.29955
0.465346
0.412249
0.143946
0.259205
0.887378
1.84613
0.151011
1.45241
1.22544
1.0694
1.62752
0.192504
0.366861
1.03348
1.09965
0.549102
0.375656
0.327999
0.822274
0.579617
1.51137
1.13827
0.527711
1.5782
0.794569
1.13427
0.398708
0.629266
0.567639
0.515248
0.200077
0.799473
1.44194
1.26528
0.439929
0.881431
0.837086
0.413833
0.207378
1.20285
1.30154
0.441527
1.38463
0.161033
0.814333
4.12418
1.56729
0.0363527
1.74606
2.73044
0.987376
0.693338
0.998512
0.189249
0.420012
2.48363
2.38915
2.75141
1.61481
0.424567
1.81641
0.497098
1.32505
0.797046
0.473907
0.942996
0.492233
0.908508
0.104161
0.0899311
0.083616
1.17337
1.64257
0.507476
0.112466
1.20865
0.730755
0.775293
0.416537
2.01161
0.961091
0.494741
1.01951
2.59287
1.30608
1.12767
0.93037
1.13402
1.91793
0.24474
0.690126
0.88172
2.85178
2.98033
0.482579
1.33799
1.13029
0.559814
1.20416
1.61901
1.60622
1.29863
2.35202
0.666195
2.57998
0.262282
0.445017
1.26812
0.516852
2.36338
0.853922
0.206615
1.00699
0.556056
1.53956
1.4866
0.758732
1.25274
0.347508
2.71233
0.28913
0.529725
1.48035
0.708789
0.547748
0.308751
0.696788
1.08107
1.52431
0.980329
1.71656
0.544984
0.282687
1.25111
0.217376
1.00313
1.31207
3.46612
0.443945
0.251992
0.359556
1.49696
0.726616
0.605765
1.73402
2.09151
0.494914
0.103873
0.433946
0.12489
2.07173
0.259892
1.27272
1.73318
1.50798
0.115764
1.77937
0.297042
1.72115
0.65771
0.647602
0.408562
2.00899
0.77914
0.847837
1.16208
0.0446087
0.277324
0.098887
0.41331
0.0921257
1.38612
4.63551
0.464427
0.147332
0.101375
0.443073
0.662981
0.614333
0.870985
0.38238
1.76348
1.24622
1.31622
0.73058
0.987765
1.44523
0.734045
2.50794
0.279335
2.52064
1.0771
1.85875
1.12547
0.346745
0.328668
2.91244
0.676334
1.66316
1.02995
1.79887
0.482856
1.42737
0.603268
2.17446
0.954675
0.692614
0.539851
0.872144
0.690675
0.945319
0.854306
0.354042
1.07919
0.452614
0.650193
0.514247
2.14259
1.00491
0.946314
1.92118
1.15229
0.13791
0.869922
1.83108
0.272374
0.100794
1.70356
1.69589
0.786087
1.10916
0.298692
1.58539
1.7485
1.1614
0.668527
0.543341
2.24561
1.15669
1.51555
0.784777
1.09032
0.38803
0.849194
1.69978
0.502434
2.41764
0.926167
0.346516
0.584487
2.69001
1.13485
1.09375
1.67238
0.477611
0.124889
1.33467
0.743742
0.0702189
0.99179
1.46844
0.677541
0.617319
0.960773
0.824899
0.594806
0.552702
0.803237
0.610256
1.38197
1.46451
0.8211
0.386747
1.42927
0.927389
0.172375
1.64259
0.680357
0.605375
1.98047
0.595032
3.2557
2.23918
0.505151
0.583243
0.564776
0.854897
0.442046
3.93549
1.38154
1.62492
0.773925
0.779013
3.22154
0.422019
1.19285
0.398846
1.13973
0.405717
1.0317
0.314075
0.872653
0.714659
0.508307
0.308558
1.93943
0.211733
0.526679
2.25121
0.475754
0.171056
1.62445
0.329218
1.52967
1.46254
0.317582
0.427565
0.150709
1.46892
1.81626
0.975781
0.579312
0.0982078
0.596277
0.350339
0.73195
1.35755
1.54334
0.88408
1.66378
1.43661
0.425701
0.838127
0.841476
0.900721
0.90622
1.7117
0.797178
1.04099
1.15365
1.33841
1.4782
1.28173
1.42895
1.63295
0.251252
1.03761
0.450329
0.830117
0.498242
0.556363
0.713324
1.3974
1.30056
0.957814
0.904344
0.344886
0.424243
2.80459
1.61613
0.501163
0.0442965
0.314111
1.15392
1.01596
1.91848
0.730855
1.34239
0.374768
0.764295
1.72138
1.23486
0.767847
0.800442
1.30382
1.19186
0.280468
0.697286
0.215624
1.62012
0.56118
1.54438
1.38767
1.02968
0.325706
2.50305
1.00601
0.726329
0.463199
0.285455
0.272261
0.42924
0.425149
0.643563
0.944123
0.335466
0.336846
1.08461
1.07604
0.332321
1.35455
2.12943
1.52295
0.873605
0.642068
1.09064
0.753373
1.55425
1.57111
0.900356
0.415599
2.0347
1.86312
0.891017
0.716065
0.370248
0.746636
0.981511
0.598919
1.24394
0.208301
1.26527
0.722167
1.02605
0.800853
1.04223
1.05345
1.60573
0.812681
1.14206
0.295603
0.964049
0.546633
0.275637
1.68614
0.589528
0.357325
2.58189
1.02142
0.850787
1.58646
0.925753
1.42214
0.0719285
0.44533
1.12088
0.889249
0.360727
2.38532
0.585882
0.680509
0.245544
0.303247
2.00462
1.07413
0.986986
2.17527
0.777815
0.383564
1.53128
0.277556
1.73377
0.222003
1.57873
0.407708
0.843791
0.46525
1.13402
0.78045
1.45862
2.16215
0.177309
0.161109
0.0834763
0.566121
0.841364
0.291547
0.4532
0.713419
2.89033
0.634448
0.782881
0.676104
0.58705
0.917434
0.220537
0.996259
0.355878
2.2504
0.581911
1.19849
2.22449
1.58578
0.546944
0.370405
1.687
0.324487
0.767949
0.154482
1.72564
1.28618
0.890487
1.35169
0.589487
0.28327
0.63351
2.02972
1.03503
0.411684
0.874498
0.538927
0.882708
1.31526
0.933684
1.6276
0.404577
0.861267
1.17369
0.171538
1.12782
0.585352
0.665724
1.51854
0.447046
0.913638
0.0925273
0.41555
0.441461
2.06165
2.29847
0.140749
1.22804
1.56194
0.442735
0.167252
0.832823
1.31346
0.354239
1.33012
1.03453
0.193264
1.1998
1.95806
1.24225
0.184081
1.4514
0.476107
0.327109
0.920371
0.331004
1.09551
0.800545
1.52955
0.277998
0.189489
3.36082
0.760378
1.1007
1.21961
1.25668
0.719849
0.611181
0.592751
0.77202
0.977893
0.911748
0.361717
0.280494
0.827245
2.05902
0.389074
0.904776
0.675981
0.730826
3.40086
0.127903
0.512516
0.170544
0.426008
0.920903
2.7623
0.216121
2.73303
1.92624
2.20499
0.0398453
1.49873
0.165215
2.1449
0.741041
1.06091
1.23706
1.61756
0.0340916
0.554201
1.9407
0.443056
0.805602
1.16551
0.15452
0.738499
0.33089
0.704793
0.580315
0.188826
0.701314
0.178289
0.679015
0.555667
1.40494
2.36952
0.344739
0.426689
0.240484
0.479705
0.575813
0.370353
0.45771
1.34347
1.10494
0.213958
1.51055
0.69821
0.576454
2.86152
0.936073
1.19553
1.25102
1.01123
0.738997
0.128148
1.45323
0.854567
0.0996241
0.482686
0.370833
1.33851
2.69089
0.0639845
1.77029
0.659762
1.58084
0.704284
1.89109
0.498326
0.734674
0.776941
2.03391
1.78866
1.71445
0.626008
0.157966
0.426029
0.281223
0.662609
2.06404
0.348842
1.96732
0.757688
0.390434
1.03967
2.37523
0.849674
0.597895
0.890372
2.57835
1.12004
1.44652
2.11595
0.593226
1.36179
0.549143
1.43163
0.867731
0.481702
1.52128
0.536797
0.906374
1.56257
1.06762
0.202176
0.993336
0.120352
0.741286
0.60322
0.642159
0.449764
0.900704
0.894402
0.710268
0.777519
0.856604
0.454915
1.51694
2.28131
2.76225
0.219678
0.606236
1.62267
0.462473
0.427757
1.75056
1.42779
0.470416
1.66829
0.768383
0.748317
0.876076
0.946059
0.872027
0.929608
0.588265
0.568789
1.07537
0.520411
0.256542
1.36583
0.661093
0.435105
0.493368
0.668074
0.342888
0.66426
0.568308
0.684076
0.377469
1.52896
0.608693
0.587292
0.966491
1.06067
0.780907
0.999927
0.306499
0.315888
1.01639
0.383609
0.673667
0.747699
0.172353
1.47135
3.91607
0.922666
1.21516
0.808165
1.90098
0.289846
0.248163
1.02297
0.0890746
1.97912
2.60482
0.563442
1.34637
0.4233
2.85665
1.01521
0.520526
1.82035
1.12224
2.62076
1.29812
0.834347
0.957769
0.380139
2.44193
2.08078
0.70449
0.62483
2.65567
0.49095
0.939311
0.387886
1.25901
0.431077
0.580638
1.32705
2.24481
0.113528
2.31845
0.586954
1.04342
3.17151
0.452241
0.138846
1.58562
0.137311
2.73471
0.216303
1.65545
1.19926
2.40244
0.48569
0.235537
0.317301
1.66435
1.39968
0.502056
0.458504
0.206945
2.19832
0.566596
0.728241
0.192272
0.232916
1.07498
1.08613
0.884933
1.37333
0.409766
0.105248
0.653978
0.948817
1.29419
1.21081
0.281149
0.492629
1.30957
0.486235
2.15291
0.913073
0.868198
1.29258
2.08386
1.7738
0.332212
2.26445
0.546861
0.835373
0.440492
0.575062
0.53655
1.0005
0.0483409
0.979481
1.01546
1.54222
0.639804
1.2552
0.691187
1.76747
0.251453
0.0810178
1.57503
0.835358
1.24446
2.51465
1.07065
1.12878
0.713013
1.68481
1.46025
0.68609
0.116503
0.849486
1.23695
0.327653
1.00889
2.89949
0.478161
3.32661
1.66412
1.44156
0.47005
0.394964
0.728546
0.426203
0.674606
0.75997
0.913703
1.19518
1.96435
1.53844
0.930283
1.46479
0.641825
1.51404
0.26691
0.368324
0.850719
1.74225
1.22775
0.314984
0.695195
0.994233
0.303754
1.31783
0.401025
0.591653
0.528364
0.260044
0.424042
0.489792
1.00107
0.652821
0.846504
1.15428
2.14457
0.0652862
1.57576
0.289229
0.34786
0.41208
0.403559
1.83869
2.18118
1.76849
0.210608
2.58569
0.913169
0.124589
1.22166
2.04587
1.08595
0.0692367
1.16849
0.292779
1.55888
1.31876
0.576161
1.41779
1.6966
0.538557
0.922705
1.11475
1.06949
1.01253
0.267471
0.276585
2.67872
0.549281
1.53691
0.237852
1.56011
0.883407
0.369915
1.45348
0.442627
1.11002
1.84584
0.435742
0.139566
0.859594
1.1874
0.758761
0.832929
0.214472
0.798446
1.92022
0.871201
0.530438
0.243188
1.00271
0.2973
3.54426
1.09341
2.48363
1.05374
1.37464
0.53305
0.611037
0.737804
0.180573
2.58313
0.550201
0.539868
0.9789
0.519928
1.80794
0.72935
0.699223
1.27378
0.19217
1.33121
0.781525
1.64223
0.831736
1.33791
0.165366
2.49062
0.890087
1.59935
0.673195
0.601046
0.765125
1.44507
1.97576
1.27812
1.66071
0.994813
1.73662
0.532996
1.20409
1.05271
0.666737
0.462517
0.901754
1.39688
1.16902
0.599826
0.996829
0.65205
0.365589
1.12088
0.625857
1.0028
0.684851
0.664549
0.849899
0.517633
0.499449
0.884668
1.22274
0.655992
0.557197
1.61387
0.481113
0.557105
3.36453
0.316188
0.562708
1.28684
0.680008
0.884874
0.719316
0.281619
3.18614
0.533655
0.956578
1.60135
0.566089
0.795981
1.50988
1.62201
0.0452103
0.36572
0.220011
0.476474
0.909073
3.60117
0.827089
2.91804
1.55042
3.20716
1.03622
0.447703
3.31898
0.371498
0.974277
0.544181
0.230902
2.84897
0.894006
1.26895
0.244255
0.189583
0.917542
0.79261
0.515036
0.962308
0.980444
0.401332
0.323665
0.581313
0.489088
1.40609
1.53316
1.37132
1.79556
0.365658
0.634258
1.27581
0.512154
0.714075
2.21496
1.3225
1.11239
2.28926
0.139952
0.343558
1.93292
1.20139
0.490102
1.28467
2.11376
1.38897
0.208913
0.719321
2.85741
2.9762
0.631815
0.69044
1.56986
0.901394
0.759433
0.584681
0.40413
0.187172
1.34321
0.956159
1.00529
0.582191
1.85664
1.1415
0.714592
0.660623
0.792366
0.533459
0.449421
0.870652
1.23638
2.19216
0.893409
0.119348
1.15342
0.495606
1.0478
0.442649
0.762651
2.02559
0.396829
0.385561
1.14086
0.781507
0.533267
0.203874
0.506669
1.24857
2.3251
1.87837
0.239223
1.41437
0.341216
0.739655
1.626
0.375398
1.90424
0.584586
0.843701
0.663857
0.204609
1.02619
0.402912
3.08232
0.494944
0.736489
0.757636
2.93054
0.943315
1.07738
1.82565
0.109373
0.405936
0.662888
0.972427
0.0969399
0.630379
0.349009
1.00761
0.517304
0.276381
0.713918
0.761587
1.51778
0.416969
1.25843
0.110661
0.427704
0.524953
4.12272
0.397221
2.64107
0.398564
1.98025
1.55631
1.78065
0.814636
0.777676
0.741489
0.200819
0.965639
0.347521
0.189839
0.777772
0.714236
0.213959
0.0805685
2.32508
0.990871
0.590126
2.19699
1.71693
0.555886
1.06192
0.558683
1.13117
0.70937
3.62863
1.23991
0.473615
0.15591
0.139827
1.74946
0.704229
0.34762
0.674987
0.759815
0.362556
0.701046
1.59839
0.251015
0.192068
1.5082
1.7331
0.431312
0.829708
1.30486
1.14241
0.955413
0.412346
0.8916
0.386428
1.46333
2.57384
0.898091
1.70855
0.770894
2.02913
0.152263
0.40097
1.44267
1.13061
0.588759
0.437373
0.804004
2.8745
2.41292
0.418565
0.131155
0.540331
1.64102
2.22508
1.05241
1.29439
1.19328
1.43625
1.17443
0.79273
1.0793
0.806385
0.872442
0.54654
1.75389
1.48206
0.620943
0.460114
1.63991
0.625824
0.628541
0.48181
1.14936
2.95456
1.31971
0.795433
1.11488
1.06498
1.17583
1.1179
1.33419
1.0597
1.32287
0.0571671
2.80768
1.26473
1.41039
1.82128
1.53419
1.70664
1.56116
1.65709
0.853756
1.28298
1.78244
0.458186
0.825872
0.414482
0.549879
3.55014
1.98598
1.30632
2.41541
0.285656
0.349595
0.580005
1.16648
1.6287
3.24432
0.808034
0.789984
0.262029
2.11344
0.208664
0.243753
0.596812
0.440575
1.73836
0.62518
0.129923
2.28571
1.72253
2.27882
0.552262
1.00478
1.41989
0.732736
0.810459
1.52515
1.58417
0.684126
0.171659
1.51846
0.548092
0.67063
0.760793
1.86505
2.41884
0.281886
0.670852
0.419118
0.832955
2.84291
1.93328
0.418692
3.21673
1.23333
0.792339
0.770351
0.730741
0.735921
0.169614
1.66801
1.56322
0.0660908
0.251832
0.966004
1.02609
1.12817
1.84472
0.785789
0.642175
0.829538
0.20898
3.01758
0.822123
1.62499
1.06559
0.271205
0.781611
0.195392
0.730828
0.373131
0.165225
3.29524
1.074
0.942641
0.745942
1.0492
0.158
0.177976
0.122206
0.892632
0.918149
0.645494
1.82424
1.96349
1.23631
1.04384
0.363528
0.329561
0.659644
0.502335
0.758363
1.22798
1.07489
0.534643
2.37029
1.00944
0.485447
0.979257
0.703818
0.703157
0.211037
1.54488
0.512396
4.18821
0.199746
1.81657
1.98694
0.527214
0.780124
0.476729
0.723392
0.525923
0.463756
0.891367
0.338512
2.15358
1.18501
1.08939
1.42018
1.25627
1.45505
0.518086
0.552802
1.59507
0.890222
1.38174
1.40232
0.151646
2.68266
2.18692
0.556537
1.7102
1.7408
1.92829
2.84261
0.528225
1.02547
1.05859
1.00536
0.949745
1.82979
0.839007
0.469818
0.906063
0.278055
0.420572
1.32142
0.644245
3.44137
0.67922
1.29779
0.845844
0.549698
0.651057
0.256837
0.584723
3.91189
0.967416
0.559017
0.427098
2.29729
1.434
1.8437
1.54264
0.491874
0.640302
1.04236
0.327833
0.258383
0.356233
3.62136
2.60395
1.27387
1.30572
0.414725
0.997723
2.23408
1.1781
0.783216
0.539664
1.31978
2.4318
0.593392
1.19292
0.566026
0.507546
1.34733
0.727817
0.695841
0.765099
0.502902
0.546233
0.359828
0.284011
0.587519
1.24981
1.29523
0.517666
1.47985
0.152798
1.21462
0.607925
1.34064
0.589107
3.68568
0.684788
0.497852
1.33519
1.36564
3.02238
1.05997
0.277483
0.538724
0.907521
0.0323295
0.11513
1.0484
0.856723
0.232195
0.835116
0.417472
0.0262225
1.14625
0.84478
0.730216
0.40243
0.59532
1.00827
0.980841
0.266442
0.831854
1.15012
0.977259
1.27012
0.305274
0.581054
0.176669
0.135167
0.659819
0.742464
1.55563
2.12293
0.534983
1.30279
0.524043
0.441373
0.785029
0.578711
1.34831
1.13645
1.37221
0.565002
0.550224
0.967921
0.441646
0.588947
1.52209
0.590439
0.889403
1.08283
0.140274
1.06639
1.6502
0.733583
1.31111
0.495151
0.711049
1.1897
1.25037
2.02488
0.345936
0.565186
0.606663
1.93764
0.165749
2.54417
0.24961
0.991245
0.240606
0.4162
0.566966
0.840806
0.558773
0.920245
1.56765
0.342374
1.10641
1.23322
1.14787
1.03286
1.00742
0.85701
1.44047
0.988057
2.05332
1.03605
1.41225
2.21714
0.664191
0.46623
1.03622
0.943703
1.52123
0.537786
0.412301
1.07294
1.53528
1.22934
0.954484
0.254802
1.34478
0.0543498
0.201371
2.75623
0.932111
0.360877
1.3244
0.599742
0.452553
0.739543
0.500377
1.09039
0.13562
0.692212
1.18296
1.17405
0.233733
0.19858
1.04002
0.99956
0.712585
1.27586
0.727262
1.63621
0.236728
0.483311
0.620053
1.10411
0.562547
0.177083
2.47928
0.997215
0.690117
0.503818
2.03351
1.15924
1.08646
0.163073
0.128002
2.25383
0.132255
1.90242
2.28192
0.494674
2.20725
0.814767
0.183031
0.950014
0.366924
0.320775
1.1138
1.15296
0.439305
1.02855
0.591317
1.193
0.777932
0.17727
0.975719
1.16981
0.257393
1.43677
0.265358
1.28959
1.6691
1.78044
1.13594
1.28407
1.47914
2.95172
0.300447
0.536755
0.738833
1.17904
0.0949559
1.8742
0.236523
0.649771
0.583236
0.856656
0.0373101
2.61574
3.25723
0.614277
0.979142
2.44585
1.03811
0.354128
3.5761
2.19189
0.416116
0.432669
0.167842
0.349493
0.541557
0.61765
0.273637
0.555114
1.85229
0.977454
1.34703
0.131543
0.458528
0.823007
0.322693
0.305481
0.209551
2.7272
2.49207
0.35444
1.69068
1.67774
0.586415
1.08873
2.14852
2.4672
0.744925
1.1314
1.22567
1.47157
0.408359
0.013584
0.256928
0.53673
0.378453
0.395956
1.85643
2.34492
0.472993
1.3558
0.999963
2.06069
0.441317
0.584828
1.58326
0.948769
0.623411
1.57622
0.0904334
0.576781
0.866112
2.75746
0.977816
0.328245
1.17715
1.45916
0.125699
1.53426
0.57946
1.72519
1.58792
0.260175
0.223776
2.15068
0.494495
2.20695
3.28331
0.383148
0.931918
1.00336
0.584855
0.4267
1.00782
0.837843
1.60079
0.316115
0.367274
0.352323
0.57914
1.21438
0.719572
4.2567
0.455309
0.205833
0.779485
0.638778
1.257
0.582566
0.721702
1.95039
0.694704
1.30475
0.825305
1.25821
0.539757
0.62709
1.04182
0.643484
0.856388
0.411586
0.374386
0.078791
1.49679
0.263147
1.19694
0.257356
3.69057
0.252451
0.333189
2.18161
0.436593
0.47009
0.600738
0.354683
1.84244
1.01821
0.329579
0.46251
0.793374
0.129596
1.01792
0.848133
1.06418
1.34167
0.334224
2.44616
1.20441
0.330699
0.845689
0.768013
0.0756825
0.574483
1.01518
0.866402
1.18967
0.765609
0.853606
0.10699
2.17239
0.0498754
0.982046
0.807282
0.232773
1.30113
1.3974
0.592755
0.031393
1.50512
0.501729
0.837337
0.332833
0.593811
0.724695
1.70705
0.550145
1.35325
0.233089
1.07344
1.39576
1.86567
0.182488
0.716881
0.40093
1.12247
0.403187
1.19246
0.394042
1.27859
1.85178
0.549469
1.17991
0.357946
1.22898
1.163
2.05107
0.91384
1.17851
0.856628
0.296031
0.641565
1.36597
1.00947
2.11523
1.45466
1.11087
1.51794
0.455858
0.489356
0.949101
0.46381
1.45138
0.918637
0.582601
0.908891
0.734046
2.86214
0.824657
1.14859
1.04401
0.502304
1.00915
0.16195
2.4951
0.613333
2.69327
0.717043
0.245894
0.421798
0.928718
0.242511
0.220745
0.512133
0.479706
1.67331
3.07028
1.13618
0.750953
0.469377
1.25489
1.14324
0.394941
0.928378
1.79552
0.128248
0.736569
0.949776
0.782648
0.948532
1.18476
1.59074
0.498584
2.2706
3.2794
1.12492
1.22414
0.484669
2.62667
0.647463
0.323478
2.30181
1.35555
1.40795
1.26139
0.537473
3.68778
1.32244
1.46045
1.41247
1.95882
0.330914
1.55348
1.80039
1.7729
1.42355
0.275691
1.29011
0.915657
1.33788
1.31108
3.25662
0.892441
0.302527
0.495987
0.46014
0.376394
1.5722
1.32111
0.207176
0.564503
1.36965
1.55955
2.11353
0.54545
0.215275
0.790723
1.09808
0.381043
0.493237
0.80505
0.437891
0.135812
2.00249
2.79992
1.59529
1.37192
0.146128
1.1191
0.420659
0.520605
1.14628
1.86114
1.10548
0.562362
1.34255
1.60056
2.64448
0.957042
0.158244
0.252911
1.07375
0.789269
0.509974
0.656492
2.02234
0.801744
0.908149
1.91479
0.963574
2.3595
0.76843
0.953875
0.618803
0.223406
0.853369
1.3474
0.503391
0.116208
0.72239
1.60228
2.0637
0.496797
1.31891
0.622892
0.785772
1.32932
0.778726
1.26731
0.710452
0.223365
1.44595
1.17253
2.64717
0.101714
0.269994
1.14499
1.68857
0.526277
0.617793
0.437933
0.988487
0.412337
1.0537
1.056
0.365727
0.293792
0.432471
1.507
0.73566
0.647533
0.687637
0.130877
0.632789
0.0429398
0.332655
1.8359
0.687397
0.786935
1.53345
0.568058
0.675065
0.875603
1.17089
1.30175
0.515445
0.258812
0.227576
0.460054
0.354803
0.607479
1.16276
1.5922
1.17688
1.42791
1.36916
0.257654
0.194577
0.788925
0.248382
0.510003
0.653847
1.38182
0.270222
0.460674
0.968682
0.631973
3.49823
0.614828
0.558086
1.20271
0.545398
0.805327
0.714258
0.833149
0.606006
1.35099
1.77097
1.40205
0.369097
1.03002
2.37356
0.570174
0.0504019
0.0343701
0.589429
0.812332
0.358378
1.62716
0.570946
0.493768
1.77725
0.812606
0.892333
0.221976
0.333944
0.477236
1.08657
0.193812
1.15157
0.843741
0.587722
0.375528
0.634161
0.963394
0.325188
0.618477
0.332942
0.943897
0.596495
0.909425
1.66911
0.2488
0.0786384
0.0923929
0.510915
1.56076
0.334789
0.618386
1.75628
1.73707
1.06465
0.977749
1.81263
0.548604
2.74283
0.454699
0.840547
2.41994
1.86354
1.92036
0.271151
0.382605
0.253464
1.12635
0.256219
0.272895
0.953978
0.467388
0.415288
3.15048
0.155334
1.63648
0.343675
1.04029
2.20763
0.453703
1.68495
0.41775
4.49029
2.12674
0.168371
0.743986
0.326439
0.417815
0.844518
0.288863
0.552513
0.920825
0.905154
0.327212
0.347283
1.33251
1.0887
0.637691
0.720723
0.294215
1.02274
0.237743
1.10617
0.0579671
0.614312
0.810978
1.55715
0.876281
0.813867
1.00757
0.85499
0.762967
0.550114
1.02791
1.16515
0.937477
1.6619
0.831307
0.414517
0.22346
0.968715
1.80393
0.296335
0.555574
0.250915
1.54473
0.291919
0.265009
0.103333
0.258241
0.443307
0.702973
0.838891
1.44919
0.271657
0.350774
1.01597
1.0568
2.50175
0.87601
0.687532
0.644836
1.63511
1.10118
1.4414
2.9913
1.48855
0.886368
0.415324
0.371048
1.01115
0.596148
2.8041
0.688218
0.279421
0.126751
1.01609
1.27727
1.68523
0.657603
1.08458
2.91418
0.48683
1.41278
1.74322
1.74528
0.587024
1.62263
0.22426
0.138488
1.479
0.256682
0.657818
3.38259
0.857038
0.354381
1.51974
1.48509
0.219732
0.655985
0.883541
1.14773
1.35682
0.720119
0.855107
0.690984
0.374777
1.85553
1.44245
2.2524
1.16851
0.951037
0.761793
0.95959
1.11729
0.560925
0.694674
0.844683
0.418496
1.89623
0.915183
0.801813
0.529602
0.439245
1.88938
2.21494
0.708277
0.263989
0.423289
1.53422
2.18096
0.820083
0.475196
0.399094
1.97308
1.23458
0.0789052
2.06842
0.751887
0.48989
1.75672
0.643922
1.83726
1.41212
0.899519
1.22926
1.31782
0.348429
0.908687
0.935059
2.0189
0.123924
2.45672
0.280659
1.97583
0.21041
2.58835
0.3503
0.207194
0.728209
0.280533
0.470725
0.870687
0.20907
0.227882
0.159103
0.9446
1.13375
0.338846
1.91547
2.18889
0.295884
1.02987
1.21042
0.261409
0.0493576
0.835944
0.49653
0.362739
0.459743
2.91923
1.84383
1.63652
0.564008
0.447485
1.45137
1.59897
0.651993
1.89855
1.16267
2.32913
0.530241
1.6295
0.480998
0.720224
1.00059
2.66824
1.70173
0.407168
0.255601
1.26669
2.68886
3.16112
0.284857
1.61979
0.920259
1.31043
1.07771
0.318142
0.220958
1.44258
1.91773
0.681177
0.37642
1.02951
0.748415
1.42838
0.601259
1.48788
0.600288
1.55155
1.88348
0.323625
1.46318
0.60439
0.553822
0.241618
0.915619
0.48955
1.31146
2.53064
0.837771
0.658028
1.01195
0.903108
2.37251
0.374237
0.806214
1.48635
0.6293
0.135319
0.775797
1.08086
0.772827
2.37742
0.482773
1.34751
1.1802
0.851727
1.00592
1.06814
1.1148
2.89622
0.679238
0.343772
1.50192
0.923155
0.409324
2.59927
0.810392
1.13293
0.552683
1.03344
0.517799
0.600255
1.22091
0.101248
1.45106
1.06295
0.300097
0.613152
0.791072
1.16774
1.03917
1.72878
0.543615
0.224712
0.685491
0.489232
2.01396
1.22084
0.850727
0.792348
0.631094
1.76054
0.304913
1.80068
1.06518
1.05312
1.0642
0.872143
1.04286
0.525344
0.588631
1.30474
1.35706
0.306088
0.203393
0.248409
0.402975
0.387279
1.92041
1.5773
1.45771
0.499704
1.7145
1.89858
0.0894427
0.308854
1.66047
0.637406
0.328639
2.10295
0.481076
0.75652
1.34092
1.67869
1.22473
1.03393
1.03987
1.83125
1.09684
0.715652
0.683766
0.585278
0.75899
0.911069
0.631523
1.35492
0.584461
0.55605
4.43832
2.19328
1.22125
0.933015
0.862296
0.586753
3.89412
1.07303
1.64407
0.476051
1.28928
0.340229
1.40231
0.49556
1.58375
1.2595
0.793065
0.606915
0.0313537
1.03217
1.55953
1.79755
3.00646
0.372056
0.358331
1.92671
1.18395
0.784712
0.422134
0.751564
0.341199
2.37992
2.8994
1.01947
1.97491
1.61644
0.157286
3.24915
0.513713
0.320094
0.536967
0.442543
1.59594
0.726079
0.567764
0.271361
0.543124
0.901162
0.0288887
0.796208
0.277803
1.61989
1.76966
0.244926
1.07773
0.357265
1.1856
0.899084
1.08638
1.4752
2.34876
4.43841
1.21554
0.829147
1.48772
0.629859
0.848066
0.822375
1.02594
0.411662
0.709495
1.81286
0.544303
1.04848
0.53608
1.42535
0.710314
1.38483
1.35401
0.296071
1.03016
0.241208
0.669733
0.644137
0.847302
0.861344
0.547693
1.19664
1.62039
1.07582
1.80835
0.930154
0.479211
0.133256
0.803093
0.404224
0.16371
0.748825
1.33922
0.415901
0.273214
2.36604
0.575688
1.40516
0.760041
0.195098
1.88065
0.39109
0.113529
0.538907
0.838296
1.53467
2.88982
0.515465
0.917887
1.05618
2.09614
0.761785
0.564334
1.47214
0.146345
0.535815
0.48803
0.678492
1.77664
1.5375
1.3081
0.276261
0.538945
1.3299
2.30253
0.770738
3.34547
0.584513
0.371317
1.12856
1.07313
1.01328
0.0555573
0.202323
1.10929
4.95323
1.78023
0.719318
1.18768
2.50908
0.453269
1.71583
0.282695
3.21497
0.912186
0.439285
0.531164
0.510515
2.26918
0.290836
0.595197
3.1127
0.660056
1.51059
0.885276
2.00954
1.31361
0.0782796
0.288591
1.60145
0.787538
0.676708
0.734285
1.09063
0.868913
0.610614
0.9635
0.757452
0.15934
2.22776
0.802389
2.18093
1.19
0.792706
0.804183
1.1127
0.348736
1.23761
0.359374
1.59929
0.498654
1.31995
0.998073
2.68531
1.91258
0.127395
0.630415
0.438156
0.297206
0.407734
0.244412
0.228705
0.172145
1.37627
0.693622
0.4697
0.569455
0.920645
2.51381
0.330907
0.897148
2.58215
0.620754
1.05139
0.665862
0.104262
0.389769
0.773023
0.25672
1.83198
0.045851
1.2637
1.17624
0.680062
0.708478
0.075992
0.966091
1.24321
0.780336
0.533118
2.5047
1.73373
0.572812
1.22922
1.32023
0.933775
0.622251
1.3777
2.42628
3.17875
2.5266
0.687917
1.12754
0.662882
3.44699
1.20749
0.531376
1.15142
0.368713
1.12071
0.749984
0.537249
0.201813
0.559967
0.310182
1.91916
1.75886
2.92035
0.349382
1.20511
2.47362
1.31415
2.06103
0.209486
0.182389
0.354865
1.03598
0.92187
1.49077
1.06463
1.76853
0.673092
0.0594209
0.73261
0.987641
1.15372
0.19195
1.46942
0.741279
0.64921
0.279252
0.705808
0.266126
1.24053
1.10008
1.07169
0.951645
0.270873
0.839752
0.573646
0.439275
0.285972
1.31257
0.987015
1.42717
1.19668
1.12093
1.64751
1.48561
1.05371
0.225224
1.50199
0.29122
0.628055
1.9363
1.84691
0.184206
1.81293
2.27161
0.446252
0.844387
0.61674
1.16105
0.327508
0.443477
0.172139
0.844782
1.06358
0.972223
0.658662
0.754502
0.536394
0.324412
0.594204
1.96786
1.41164
0.571796
0.314623
0.376608
0.367012
0.581999
1.13701
1.45325
0.662269
0.69407
0.874099
0.946496
0.556145
1.95345
1.46184
0.455434
1.24558
0.803672
1.57405
1.30501
0.710841
0.919687
0.913816
2.80015
0.904678
0.200377
0.874646
0.671645
0.43562
0.893741
0.78818
1.79905
0.872665
0.728285
0.471731
1.5103
0.538624
0.857512
0.620232
2.00852
0.280387
1.80796
0.123507
0.990601
0.980176
0.722754
1.42211
0.222405
0.504969
1.54271
0.863888
0.810117
1.36622
0.191159
0.546715
1.22799
0.623592
0.919839
1.48442
0.542379
1.54914
0.57646
2.13638
1.086
0.587382
1.66736
0.649317
0.957215
1.78327
0.0794739
1.20549
0.796494
0.453617
1.07322
0.718677
0.9085
0.534164
0.751368
0.58868
1.06497
0.311079
0.549711
1.15332
1.78548
1.66229
1.22698
1.25426
3.26983
0.608279
1.22062
2.24972
1.56785
1.41096
0.67229
1.58792
1.59742
0.401944
0.689598
1.71507
0.509646
0.813315
0.32949
1.4098
0.42046
1.09269
0.932325
0.663798
0.67518
0.067095
2.19815
1.2834
0.901003
0.651693
1.27446
1.21708
0.783182
0.421078
0.639427
0.248026
2.52776
1.58992
0.825064
0.320874
0.804535
0.223841
0.776816
1.23689
0.352799
1.73093
0.192062
0.317126
0.819219
1.78027
0.223567
0.749008
0.788821
0.399076
0.574495
0.478208
2.26212
0.300609
1.21877
0.315223
1.02357
0.676558
0.37833
0.18551
0.489204
0.888527
0.120877
0.598286
1.29136
0.329097
0.62132
1.14605
0.894345
0.271742
0.536805
0.433737
1.18853
1.50676
0.142717
1.7036
0.427328
0.887421
1.422
0.529745
0.122549
0.874613
1.48909
0.775623
1.53399
1.93281
0.414706
0.672299
1.86037
0.692586
0.173276
2.89159
1.18621
0.231871
0.803328
0.463892
1.46905
0.421114
0.391533
0.575109
0.700464
1.43061
0.546166
1.15853
3.60851
3.78817
0.6816
0.455746
0.867105
1.30936
0.682027
1.45068
3.5157
0.429315
0.394569
1.15972
0.267563
1.82788
0.601289
0.553743
0.775772
0.219791
1.23048
1.04662
0.321861
2.23459
1.15118
1.64263
1.32997
1.02935
1.1558
0.802515
0.707169
1.0429
3.14032
0.751045
0.511455
1.44802
0.570277
4.34909
1.03873
0.941206
0.513712
1.04045
0.990321
0.30471
0.23239
0.964714
1.40184
1.03641
1.32903
1.96242
2.61142
0.254973
1.0886
0.322532
1.22989
0.161277
1.43657
0.535509
1.29998
1.42797
0.875931
0.909
1.36321
0.737739
1.51974
1.1692
0.936562
2.12513
0.409597
2.64125
1.13044
1.04557
2.00939
1.41278
0.824655
0.157859
0.663735
0.460528
2.39433
1.00697
0.879261
1.20585
1.38066
0.272517
1.59157
2.10503
1.85963
0.752592
1.17715
0.428411
0.372737
0.737055
0.994108
0.968659
0.845333
0.954621
0.676926
1.36852
1.17228
0.710178
0.76054
1.6983
0.17712
0.942534
1.55766
0.890719
1.49024
2.54627
0.835624
0.912635
0.750716
0.599333
0.626837
0.603688
0.591207
0.740648
0.41334
0.651581
1.98173
0.953631
0.20273
0.99062
0.312456
0.0987371
1.17788
1.13898
1.03604
0.877028
0.824907
0.790853
1.7443
0.573615
0.732416
1.14108
0.973736
0.129212
1.40723
0.261392
1.16772
1.03262
1.18568
0.797601
0.175515
0.323489
1.97639
1.33639
0.845864
2.04589
0.348079
1.24407
0.642562
1.47446
0.344848
1.26398
0.69256
0.472731
0.556208
0.422943
1.88399
0.769612
2.55981
0.612863
0.55559
1.48072
0.886802
0.486406
0.921136
1.2696
1.81132
2.88715
1.98864
0.302903
2.54672
0.852991
0.526097
1.63395
1.8486
0.73281
1.78085
0.961713
1.4394
0.156876
0.413311
0.599232
0.379271
0.962109
1.65489
0.118501
0.330275
0.131975
0.542828
0.352218
0.596381
0.489228
0.761763
0.186915
1.1907
1.25707
1.43854
0.811998
0.469534
0.235
1.06004
0.223908
0.0945101
2.25958
0.128559
0.576225
0.234988
0.778877
1.02764
0.095852
2.59446
0.132507
2.14
0.274577
0.524727
1.01654
0.790716
0.980096
1.08978
0.950554
0.565147
0.38784
0.837123
0.137564
0.355128
0.559693
3.0589
0.584332
3.5931
0.385118
0.71098
1.43497
0.40173
0.240464
1.66538
0.318934
4.23626
0.33243
2.46642
0.301302
2.18574
0.383573
2.02264
1.93715
2.82091
2.21955
0.561742
0.405687
1.06188
0.607731
2.02331
0.493344
0.883236
0.658205
0.194477
2.40835
0.631226
2.51501
1.54044
1.86503
0.502711
0.503655
1.08325
0.870089
0.281292
4.17924
0.258362
1.90128
0.745176
0.382853
0.476547
1.23948
0.129274
1.5772
1.1919
0.300206
1.88673
0.17849
2.42324
0.825317
0.896847
0.475203
2.51909
0.189005
1.08318
0.526997
1.02016
1.47102
0.986764
0.637846
1.25284
0.441435
0.424239
1.37822
1.51141
0.46918
0.126182
0.75523
1.49194
0.206034
1.33826
0.127677
0.441377
0.739487
0.479123
0.613997
0.304291
1.06033
0.565137
3.85105
0.412466
0.409012
0.973695
3.14666
0.571242
0.67176
1.81121
0.598765
1.28572
0.481509
0.437756
1.50577
2.77635
0.292201
0.243008
1.93872
1.74586
1.4465
0.598278
0.722904
1.7822
0.949304
1.26496
1.69799
1.46515
1.29496
0.716428
1.45063
0.926599
0.657692
0.610263
1.94543
0.0979069
0.342737
0.798738
0.368654
3.62433
2.50678
0.156461
1.69744
2.24499
0.871541
0.216261
1.17281
1.27549
1.37716
2.5976
0.254744
1.08078
0.724181
0.760492
1.07009
1.07243
1.94767
2.59754
1.66549
1.54464
0.780278
1.22794
0.175903
2.17767
1.30186
2.48186
1.48604
0.571675
0.144998
1.28787
0.250963
0.17146
0.454973
0.789467
0.613997
0.68815
0.508655
0.186781
0.20738
0.698553
0.563791
2.00267
0.516813
0.280774
0.457459
0.253967
0.385152
3.40403
0.870375
0.82776
1.28453
0.812625
0.121655
0.732914
0.827258
0.318062
0.447141
0.292499
2.7023
1.75327
0.554989
2.68003
1.04538
1.02391
0.510277
2.54925
0.46426
0.832596
0.793034
2.3199
0.714556
1.41318
0.384453
0.56185
2.31545
0.783093
0.46923
0.630443
0.117375
0.866829
2.12241
1.28013
1.18125
0.789178
0.725232
0.196207
0.984177
1.1184
0.33207
0.220935
1.92336
0.547485
1.79584
0.220245
0.449577
0.877554
1.24323
0.596192
2.56978
1.20543
0.811157
1.0941
0.602399
0.44543
0.0811554
0.88863
0.251853
0.777569
1.34227
0.472889
0.65062
0.307518
1.89985
0.673329
0.707401
0.401234
1.40611
0.318793
1.20549
0.852739
0.51905
0.836619
0.698541
0.522404
1.14245
0.314077
1.18822
0.681234
0.154023
0.538906
1.44314
0.600217
1.07948
0.990509
1.2666
0.699563
0.357516
1.09226
0.755694
1.80061
0.0390959
0.262481
0.396235
0.221847
2.91438
0.0314605
1.51262
1.36056
0.222739
0.612039
0.230552
2.72938
2.46065
1.08284
1.25899
0.324035
0.998945
1.91449
0.586643
0.485249
0.578598
0.30436
0.727283
0.336086
1.67867
1.17541
1.239
1.45588
0.22554
2.24269
1.35866
2.11771
0.363545
0.910076
0.463141
0.541469
0.714666
0.75535
0.92542
1.70816
0.603585
1.41025
1.2699
1.04057
0.957191
0.639632
1.01883
0.572831
1.65514
0.42275
1.78953
0.586997
0.0664468
1.14411
0.196732
0.102465
0.300817
1.66001
2.07738
0.666501
1.19878
1.25672
0.649601
1.39774
0.747293
0.865582
3.23057
0.720438
0.426677
0.856845
1.32459
0.256699
0.317904
0.774539
1.62269
0.203663
0.776734
0.878588
1.67716
1.88078
0.918613
1.0212
0.905549
0.448418
1.23945
1.03118
1.83751
0.938391
0.23141
1.18401
0.369484
0.623073
0.724342
0.433536
1.43259
1.04701
0.495814
1.4594
0.534462
0.260901
0.395179
0.528608
0.177656
0.550321
0.254347
1.17678
2.20174
1.47106
0.776809
0.964975
2.0005
0.171436
0.886523
0.154388
0.677986
1.00964
0.875629
1.55567
2.72817
1.58985
0.705309
0.759628
0.677714
2.83299
0.685711
1.12535
0.452912
0.340195
0.77285
1.407
0.26502
1.26622
0.762838
1.95038
1.17591
1.74861
2.08623
0.214207
0.856136
0.814702
0.632416
0.92736
0.617139
1.68888
1.95219
1.79026
0.121791
0.634786
1.64397
0.0983532
1.80449
1.63966
0.333081
0.548574
1.02303
0.525801
0.19968
0.654909
2.09151
0.364743
1.26644
0.781718
0.936638
1.03853
1.72538
2.14755
0.69442
1.22831
1.80551
1.0245
0.366964
1.86405
0.136959
1.43707
0.72712
0.82064
4.6183
1.04753
0.810112
1.07728
1.37644
0.892287
0.208053
2.01213
0.561268
1.43482
0.448453
0.195698
2.68632
2.11582
1.0263
0.959022
0.645323
0.260258
0.182253
2.21474
0.502946
1.20414
0.355836
1.5485
1.16031
1.79758
0.871942
0.337421
1.52963
0.632556
2.7261
0.955211
1.00868
1.11468
1.47832
2.52008
0.368018
0.754006
0.330933
1.15131
0.443011
1.21638
0.319478
0.655025
0.526068
1.62339
0.942149
0.559483
0.561608
0.562875
0.357714
3.50383
0.509594
1.18992
0.37564
0.269265
0.550849
0.793378
1.30929
1.16585
1.75547
1.74442
1.12193
0.685439
0.385293
2.51925
0.493456
1.18923
0.715642
1.25555
1.91907
0.74631
1.12695
1.42225
0.328457
0.399448
1.07224
1.01771
1.51035
0.967085
1.36044
1.10749
0.812234
0.288746
0.887295
0.151734
1.33111
0.430832
1.65213
0.521971
0.777113
0.261986
0.460617
1.4868
0.329635
1.71099
0.421021
0.464531
0.140152
1.55546
0.971317
0.468148
2.18452
0.275387
0.625254
0.883427
0.681735
1.28949
5.05902
0.506331
0.667857
0.863456
1.10092
0.814169
0.501936
1.17589
0.253399
1.1957
0.865272
0.404993
0.817375
1.4097
0.739695
0.375123
0.53389
0.133766
1.51109
0.162607
0.294643
2.44412
0.238395
0.9203
1.34051
0.73974
0.332792
2.676
0.520677
0.843517
0.996863
1.37266
3.65451
1.52753
1.12888
0.56058
0.21973
2.02374
0.866835
1.57698
0.686354
0.813955
0.694143
0.548194
0.957953
0.849182
0.134451
1.67442
0.98873
1.07998
0.246265
0.429988
0.454705
0.720976
1.76713
0.671231
1.11571
1.20817
1.31399
0.813452
0.268685
0.917592
0.516667
0.472057
0.169954
2.84571
0.536372
1.00075
1.6021
1.01245
0.819554
2.3001
0.312668
0.858144
1.21173
0.187038
1.07964
3.65574
0.610675
1.16366
0.27128
0.391064
0.369989
2.92349
0.71255
1.08718
0.576053
1.90301
1.12048
1.07862
0.738927
1.07573
0.530342
2.70172
2.65956
1.57498
2.01154
0.316377
0.716273
0.675242
0.60603
2.81347
1.44966
0.78136
0.358861
0.564497
1.59898
0.33689
0.927633
0.39701
0.730713
0.792843
0.323693
0.185435
0.432741
0.799535
0.01003
1.66041
0.549221
0.809484
0.627427
0.837529
0.159777
1.8543
1.29079
2.84573
0.994622
0.154194
2.32335
1.1357
1.3083
5.8448
1.08993
0.374678
0.52054
0.203028
2.24563
1.34827
0.630809
1.96268
0.851218
0.475418
1.2157
0.754931
1.36276
0.668534
0.515722
0.605898
0.679275
1.23149
0.86716
1.88434
1.20419
0.345236
2.00064
1.92929
1.38622
0.31104
0.929605
1.48414
0.233597
0.528343
2.47783
0.283894
1.18289
1.52536
0.230597
0.591153
0.346592
0.622917
0.496905
1.02198
0.904322
2.32199
2.27239
0.50033
0.962044
1.03322
1.35008
0.854774
1.12545
0.730084
1.6515
2.1998
0.692166
1.91623
0.556466
0.196358
0.342674
0.965886
0.710691
1.12822
0.499594
1.02126
3.39742
1.17977
0.102686
1.13212
1.54602
0.156841
0.406905
0.380109
1.69411
0.941062
1.57564
1.12382
0.114418
0.523847
0.957601
0.0884643
0.57232
0.539024
0.898597
0.549645
0.533489
1.23613
0.495049
0.636931
1.75062
1.03753
1.95308
0.227316
0.120755
1.29883
1.82206
0.499252
2.36844
1.14678
0.758334
2.57642
1.4261
0.866217
1.18012
0.526808
0.154173
0.813845
2.70923
0.43764
0.330546
0.844094
0.877886
0.601492
1.60398
2.15697
0.426535
0.911478
0.51224
1.02968
3.46371
1.04858
0.0312546
0.311602
0.920372
0.853684
1.21384
0.0175625
2.37814
2.37888
1.07451
0.579743
0.239744
0.523041
1.91528
2.22627
0.24839
0.321545
1.48836
0.108295
0.798484
1.22805
1.13809
2.08371
0.170843
2.43079
0.941745
2.26468
0.650723
0.980432
0.07886
1.31432
0.151506
0.623179
0.424833
0.917779
2.48226
0.608001
1.42441
0.541994
0.421291
1.43077
0.549967
0.35862
0.555706
0.177683
1.29248
1.66287
0.120198
0.409551
0.977181
0.950761
0.446178
3.40335
1.87994
0.17637
0.72722
0.892451
3.8975
1.4859
1.20698
0.635502
1.56673
1.84312
2.26386
1.06688
1.28011
0.454011
1.94402
1.85975
1.50014
1.02345
0.926741
1.15373
0.77817
0.439901
0.727707
1.36993
0.556345
1.03269
0.192928
1.63411
0.317272
0.871841
2.96823
1.90203
1.9892
1.03542
1.6022
1.00589
1.30439
0.569054
1.19594
1.63071
0.259275
0.990556
0.134799
0.314476
0.342024
0.446582
1.12355
0.720796
1.31583
0.58806
4.28561
1.66264
0.0124343
0.925058
0.695969
0.773378
0.250048
0.719636
1.23702
0.763876
1.82766
0.912962
1.59531
1.52058
2.28429
0.681126
1.25533
0.360589
1.59952
0.519529
0.177443
0.676477
0.511891
0.322374
1.71079
1.47912
0.890538
1.46599
1.45985
0.887866
0.899069
0.928377
0.283692
1.13258
0.407944
1.54297
1.29457
0.87881
1.04205
1.73538
0.206854
0.993632
0.659132
0.400187
0.578497
0.984704
1.31176
1.32371
1.25181
0.769868
1.18006
0.541003
1.39966
2.03757
0.730933
2.02651
1.48425
3.6953
1.16056
0.531952
1.14882
1.08102
1.10544
0.883261
1.08508
0.379236
0.915144
2.20137
0.217931
1.00132
0.430399
0.709529
0.561297
0.470441
0.431823
0.549749
1.45917
0.540411
1.69746
1.02593
1.46352
0.662242
0.736133
1.35153
2.78667
1.22573
0.325421
0.534549
1.40464
1.29204
0.0912784
1.19418
0.194666
1.05837
2.07753
1.60308
0.570466
1.91825
1.54765
1.99186
1.42697
0.160417
0.634662
1.30838
2.2466
1.04472
0.35146
0.905975
0.942573
0.621394
0.607499
0.435992
0.506111
1.54666
0.279146
1.02033
0.58
0.823994
1.04958
0.777108
0.479966
0.888612
1.31064
1.34799
0.29816
1.04663
0.75861
0.156648
0.947181
0.0662022
0.578421
1.30922
0.541124
0.955725
2.10837
1.03349
0.932138
1.51352
0.717518
1.08319
0.276044
1.42884
0.646428
1.14444
0.494505
1.53968
1.20792
0.656965
0.563463
1.24664
0.268285
1.83112
0.879352
0.531683
2.15656
0.00783301
1.55411
0.639092
2.59477
0.270951
1.05914
0.201826
2.03917
0.98793
0.654184
0.655692
1.53625
0.781313
0.367573
1.67429
1.46022
0.91469
0.314526
1.54335
1.6171
0.404081
1.38556
0.189305
0.983509
3.22269
0.583751
0.292381
3.43216
0.63244
0.397082
0.864348
0.37603
0.349202
1.81869
0.949338
3.83501
0.957671
0.35367
2.20177
0.560775
0.924729
0.610636
0.12197
0.0348773
0.78679
2.20911
1.02357
1.09501
0.187836
0.375619
0.815975
0.976669
0.586083
0.528206
0.397422
0.193337
1.75163
0.593445
0.30505
2.9821
0.345152
1.22277
0.857959
0.260829
1.88595
0.763253
0.494847
0.918267
0.564921
0.364678
0.325954
1.08561
0.706833
0.839397
1.71761
1.33619
0.291288
0.282984
1.65849
1.22461
2.72895
1.06615
0.781581
0.543114
1.12845
1.45197
0.21836
1.87456
1.62399
0.139419
1.56852
1.76826
0.465995
0.189584
0.174173
0.417769
0.498284
0.410034
0.179244
0.240922
1.06877
1.32807
0.328952
1.16965
0.282237
2.31433
0.859709
0.456371
1.28707
0.237595
0.234818
0.286415
0.488339
1.43575
1.4791
2.23616
0.195295
0.809311
0.522418
1.24931
1.68357
1.29131
0.372029
0.558169
1.45219
0.196558
0.496394
1.1419
0.179454
1.31825
1.45563
0.502297
2.14266
1.42494
1.51473
0.988164
0.119583
1.87261
2.18952
1.65572
1.68398
1.37278
0.687355
0.681099
0.926437
0.924206
1.07374
0.325592
2.2317
0.487235
0.268341
1.02109
1.78099
0.935899
0.311644
0.433568
1.97391
1.14229
1.76063
0.263088
1.85566
3.88254
0.683252
0.629814
1.20051
0.288184
0.435324
0.774443
2.18696
0.828011
0.846711
0.552555
0.780263
0.375037
0.385505
3.16347
0.69396
2.02165
2.44954
0.585934
0.342048
0.700172
1.13829
3.93984
0.515062
0.929217
0.104477
0.838911
1.39759
1.7188
0.519417
0.699191
0.618299
1.00196
0.38371
0.64819
0.312415
1.35898
0.920202
1.75993
1.454
0.283886
0.741919
1.31025
0.686191
0.499596
0.406131
1.15731
0.690439
0.75854
2.82048
0.212178
0.549454
0.426558
0.711521
1.05988
1.48065
2.03223
1.75882
0.971182
0.940814
2.07328
0.201694
1.6748
0.229032
0.435817
0.23495
0.835992
2.70999
1.40435
1.00079
2.07189
1.38901
0.193788
0.384953
1.17467
0.591726
0.409238
0.708119
0.192056
1.64893
0.320743
1.65204
0.366324
1.08806
1.75617
0.523259
0.856142
0.342265
2.50123
0.908606
0.934004
0.583726
0.998944
0.929484
1.19458
0.590785
0.333004
1.41942
0.337982
0.395577
0.618468
0.859436
1.98648
0.422048
1.89997
0.740679
1.31838
1.08985
1.12249
0.829344
0.0974112
0.919035
1.26682
0.673964
0.643085
1.29999
0.781796
0.743975
1.59994
1.02919
2.57264
0.679835
0.912318
0.207096
0.398954
0.394022
0.7283
0.840912
0.8428
0.399995
2.40366
1.6725
1.20998
1.00438
3.17375
3.02747
0.911718
0.438493
1.21425
1.89591
1.11252
1.75894
0.303711
1.11446
0.291828
0.447438
0.720095
1.78491
1.19472
0.237034
0.353654
0.880751
0.7759
1.36215
1.10775
1.06836
1.47296
1.6868
0.865279
2.12236
1.83043
0.289262
1.51708
1.11965
0.602921
1.02787
0.304056
1.22252
1.49526
0.153879
0.256865
2.44265
0.729094
0.369325
1.98172
0.841486
0.834869
0.409135
1.46206
1.14396
1.42345
1.89043
0.571396
0.757595
0.855853
0.525039
2.72444
0.752563
1.11424
0.951445
0.768872
2.24045
1.78532
0.141414
1.09894
1.33194
1.75388
1.19383
2.63243
0.843752
1.00781
1.60617
1.1323
0.688109
0.561878
1.26329
1.30104
1.2223
1.16641
1.09307
0.111727
1.32848
0.139636
0.308141
0.355285
0.832393
0.290701
1.61342
0.625461
2.52552
3.10225
2.14831
2.62817
0.456219
2.22905
0.579427
0.906414
0.33977
1.46857
0.344078
0.337356
0.278496
0.395306
0.669548
0.500155
1.043
0.307952
0.958662
2.03925
0.952397
0.435416
1.17055
0.345464
0.498731
0.559987
2.87316
1.33471
1.9142
0.13077
1.60457
0.486748
0.855054
1.26488
2.10252
0.58924
0.276198
1.50533
2.22686
0.990208
0.381839
0.546453
0.15876
1.23289
2.1753
0.360255
0.622128
0.242229
1.48987
1.67225
0.289581
1.10171
0.606535
0.184861
0.567109
0.511319
0.319978
0.768844
1.21044
2.08876
0.799068
0.754323
1.17713
1.25731
2.57336
0.20218
0.348073
1.63638
0.444876
1.04757
1.35494
0.230639
0.975461
1.14088
1.23457
0.521455
0.628732
0.383111
0.0605108
0.393321
1.02999
2.32138
0.391454
2.6364
0.729279
1.3396
2.79506
1.4445
0.241873
0.443838
0.551685
0.114949
0.373676
1.11429
0.160936
2.2073
0.304298
0.958744
0.608917
1.20905
3.06183
1.30225
0.688989
0.141385
0.547075
0.914899
2.12256
1.11048
0.378497
0.679526
0.659245
1.4628
0.988132
0.60112
1.1084
0.941468
1.06573
1.34899
0.977642
0.43072
0.960486
0.158661
1.05751
0.746743
0.560302
2.1139
1.15678
1.70889
1.37679
0.765969
0.525849
0.453689
0.1323
1.5183
2.26981
2.08231
1.72706
0.932789
0.0905805
1.25735
0.742997
1.41326
0.388488
4.10147
0.594536
0.349296
0.413232
2.76395
2.00132
1.43931
0.155081
1.94156
0.920982
0.850983
1.54225
0.809014
0.62499
0.664393
2.70137
0.934638
1.1994
0.183022
3.04775
1.46542
0.236197
1.85433
0.79064
0.736621
0.825449
1.51251
1.6705
0.616112
0.159579
0.762067
0.904295
1.08131
0.144402
0.298631
1.10727
1.61526
0.548891
0.301234
2.02429
1.65472
0.744288
0.816209
0.233387
2.71011
0.461292
0.984939
4.26084
0.410522
0.784966
0.0597709
1.11384
1.25127
0.360322
1.73887
0.885002
0.631308
1.06645
2.10401
0.705693
0.426903
1.04486
1.5269
1.17146
0.972825
0.873362
0.985345
0.63703
1.26243
0.115023
0.48557
1.66091
0.0742895
0.935875
1.10891
0.773741
1.04201
0.939041
1.25985
0.654114
0.823835
0.47207
0.884797
1.68394
0.897351
0.568865
0.844067
1.10135
1.26903
1.22294
1.08372
1.88236
0.915478
0.536851
0.580166
2.16322
0.955177
0.39548
1.48921
1.4663
1.61455
1.03252
0.422331
0.704338
0.720415
1.93675
1.08743
2.38293
0.0370687
0.24533
0.488908
0.500691
0.62359
1.19325
0.753035
0.860194
1.63438
2.42281
1.39655
1.02898
0.935495
0.978336
0.59088
1.71359
1.82584
0.639807
1.61884
0.71424
0.177229
1.05679
0.834443
1.6711
0.2279
1.43482
0.151352
2.04113
0.548989
1.38211
0.254094
0.826849
2.1157
0.81643
0.406154
0.280239
0.270873
4.08263
1.77563
0.235879
0.841095
1.83845
0.368977
0.374093
0.984082
1.23963
0.731664
1.59426
0.817888
2.64232
0.415064
0.363133
0.25286
0.515375
2.43651
3.52867
0.428079
0.727321
1.81224
0.151853
1.0312
2.72643
0.263179
1.34957
1.01788
1.9384
0.653483
0.403113
0.992584
0.631935
0.326922
0.0877183
0.577838
1.75538
1.34808
0.579871
0.155308
1.05681
1.51352
0.492535
1.57722
0.812225
3.08791
0.574605
0.747172
0.244613
0.889837
0.847693
0.244672
0.202131
0.249228
1.28761
1.69573
2.06096
1.57451
0.482822
0.286423
4.61555
1.00487
0.386772
1.08478
1.00098
0.869972
0.660227
0.170622
0.601491
1.91939
0.824904
0.882465
0.933089
0.634414
0.439708
1.83746
0.637903
0.353222
0.714671
1.52735
0.355988
0.509599
1.42645
0.466665
0.812379
2.57329
1.22805
0.921641
0.804298
0.191237
1.77495
1.4646
0.232208
1.89225
1.15406
0.218909
0.741512
2.37555
1.19973
1.7195
0.314082
0.252083
0.890076
1.04429
1.11942
0.808175
0.826572
0.868883
1.20377
0.36547
0.763846
2.06206
0.931811
0.39487
0.775299
0.509986
0.99979
1.32357
0.979962
0.931434
0.491952
0.562475
1.70319
0.780055
0.252639
2.02715
0.87172
1.74813
1.79912
2.10723
0.207694
0.894816
1.11355
0.175657
2.22499
0.640884
0.155929
1.9054
0.460019
0.165838
0.688006
0.315815
1.55571
0.197691
1.07325
0.68603
0.306936
1.33593
1.04566
0.342721
0.043104
0.634087
0.920753
0.0298893
0.591386
0.227522
0.660603
0.0917959
1.43875
1.17411
0.928494
0.622912
0.0786096
1.80162
0.702079
0.917847
0.413388
0.607084
0.370865
1.01681
2.46603
0.600503
2.11891
1.15457
0.568496
0.48159
0.0429263
1.17764
0.120553
2.0734
2.2594
1.61136
0.772813
0.581543
0.282122
2.03295
2.72505
0.530767
1.09135
0.92339
0.166802
1.11864
1.88257
1.58576
0.980654
1.71819
0.195251
2.10645
0.983833
0.167952
0.157632
0.541169
0.775034
0.52637
0.294936
0.308457
1.9566
0.661382
1.293
0.631264
0.388323
0.564667
2.5841
1.459
1.55648
1.14878
1.25201
1.63423
1.31994
0.897217
1.25685
0.416947
0.83567
0.413908
0.628452
2.28376
0.104936
0.202302
0.42428
1.26612
1.84264
0.408415
1.08131
0.717223
5.13224
0.955419
0.24991
0.43912
0.337667
1.1859
1.07749
0.733657
0.179317
1.05488
0.609819
1.12559
0.240622
1.51201
1.42965
1.15429
1.52531
1.96866
0.594226
2.27001
1.62138
0.469901
0.795309
0.158272
0.820891
0.411315
0.917176
0.310864
0.589702
0.568092
1.87765
1.96951
0.260396
0.549523
0.375143
0.616772
1.03582
0.381184
0.113954
0.294505
0.966481
0.449487
0.340621
0.562596
1.18633
0.473822
1.13187
1.95285
0.438751
0.593914
0.87487
1.24857
0.234705
1.80966
1.45443
1.17419
0.426361
1.90263
3.26298
1.668
0.353302
0.65509
1.19349
0.172881
0.348797
0.359526
1.17133
0.00736934
0.519544
0.550805
0.207902
2.54981
0.385602
1.32053
0.451359
2.18953
0.544234
0.115981
1.56883
0.241618
0.715363
2.00314
2.79792
0.250986
0.336304
0.355452
0.747343
0.721451
0.901886
0.269103
1.07108
0.91808
0.536206
0.235525
1.60958
1.39791
0.308462
0.345375
0.753766
0.434415
0.094799
0.253442
1.51604
1.13924
0.883479
0.498547
0.685889
2.18858
0.375577
0.581615
0.738414
0.866341
0.629571
0.931367
0.172135
0.431532
1.89695
0.444931
0.556454
0.353525
0.781389
0.167573
1.06577
0.88314
0.341477
0.755249
0.18939
0.114738
0.790646
2.06031
0.0854351
0.588171
0.570952
1.02066
1.49896
4.78309
0.593627
0.176619
0.850937
1.41981
2.01534
1.48693
0.491245
0.422296
0.947459
0.81105
0.695948
0.895481
0.270019
0.399106
1.26597
0.957016
0.305161
0.271554
0.860307
0.667793
0.276635
0.248166
0.420265
0.187134
1.28319
0.424668
0.704668
2.04426
2.55491
1.31388
0.618181
0.365737
1.45814
0.454527
0.583397
0.852804
1.77732
2.05205
0.739399
1.31761
0.500347
0.93827
0.445279
0.636454
1.04045
1.59055
0.380635
0.389781
1.8904
0.454301
1.03565
0.545632
0.577061
0.889524
0.984996
0.610591
1.25881
0.456318
0.129119
0.25423
0.912431
0.339372
0.802201
1.2821
0.509112
0.228632
0.412297
2.02446
0.472476
0.309624
1.9553
0.115741
2.7008
0.657084
0.444802
0.306282
1.10366
0.773515
0.334142
0.689905
1.73354
1.92059
0.429554
1.76631
0.709005
0.852248
1.30661
0.950992
0.687975
1.48942
1.83983
0.80072
0.335224
0.310854
0.991998
0.900845
1.74463
2.40908
0.711145
0.415271
1.36389
1.15436
0.299085
0.43089
0.391352
1.37032
0.0664219
0.379943
1.01059
1.6627
1.46117
0.649799
0.410895
0.685025
2.09827
0.772259
0.431998
0.645963
0.1734
0.815811
1.45092
1.93853
1.02198
1.14812
0.187168
0.233679
1.48092
0.777875
0.593384
0.60814
0.118178
0.637975
2.32892
1.89696
0.85815
0.366871
1.63759
1.10222
0.628199
1.71305
0.933737
0.0419218
0.373483
1.30272
1.90875
0.627156
2.25701
0.0858553
0.687339
2.86586
0.584273
0.193463
3.12005
1.37682
1.40866
0.775242
0.987398
0.13186
3.03288
0.404342
0.958798
1.78419
2.38825
0.916388
0.340538
0.534903
2.82935
0.529301
0.952487
0.145322
2.18741
0.632665
0.888444
0.565681
0.149967
0.651269
0.516845
1.10839
1.96898
0.208578
3.06711
0.35443
1.61263
3.61572
0.0451299
0.927658
2.48413
0.195375
0.570876
0.613695
0.5604
0.489004
0.343062
0.656714
2.78748
0.676959
1.07029
0.329465
0.631898
0.783253
0.430252
0.410985
0.411858
0.439125
0.648252
1.9216
0.367587
0.257376
0.220467
0.300116
1.90944
1.15844
2.35318
0.836839
0.710403
1.13224
0.306643
0.774235
1.55065
1.99475
0.576232
0.509662
0.504928
2.0121
0.98271
0.736775
1.62227
0.257265
0.657557
0.903946
1.61423
0.580808
0.735733
1.96746
1.62849
1.23447
1.08911
1.2571
0.316604
0.679765
1.2607
0.625977
0.641574
0.258632
0.898135
2.28017
0.988632
0.87808
1.69549
1.52163
0.889259
1.3608
0.375535
0.362241
1.13492
0.922353
0.205199
0.222957
0.365512
1.94798
2.44985
1.09177
0.591622
0.886725
0.20693
1.01212
0.0574949
0.714123
1.35513
2.2457
0.28227
2.77303
0.230497
1.11219
0.868192
0.791998
0.714498
1.22895
2.04979
0.610842
0.316207
1.17238
2.23131
0.155529
0.359956
0.799973
0.798834
0.636387
0.276871
2.12931
0.224843
1.06204
0.309923
0.711383
1.20221
1.56486
2.52067
0.211509
0.448604
0.995074
0.33059
1.55135
1.43947
0.282657
1.4572
2.10714
0.427466
1.02805
0.571376
0.951432
0.995798
2.17455
0.893344
0.571206
0.573289
2.39145
0.568019
0.535884
1.58743
0.540401
0.648913
0.568426
0.482787
0.938237
0.297848
0.5312
2.35093
0.659086
0.165149
0.332188
0.911214
1.12017
0.44321
1.50685
2.18217
0.885327
1.23833
1.01604
0.66251
0.613772
0.418459
0.803209
1.2125
0.442229
0.285735
0.761761
1.01856
0.401933
0.810867
0.709839
0.376249
1.00953
0.403542
0.828747
1.19705
0.70851
0.983261
2.00502
1.32248
0.128635
0.362667
0.693724
0.827181
0.154963
1.55805
0.88387
1.18864
1.67268
1.04619
1.35386
1.20855
0.405136
1.52849
1.31696
0.746319
0.446606
0.807167
0.459783
0.584891
0.965555
0.703716
0.718245
0.591556
0.3845
0.686779
0.560827
2.80097
1.08809
0.684951
0.399013
0.811009
0.81203
0.439166
0.164943
1.7478
0.83694
0.147906
0.386551
0.153272
0.47485
0.868261
0.668936
2.54582
0.813412
0.763304
0.986695
0.846408
0.609725
1.39165
0.549608
1.93677
2.70911
2.88884
0.996847
0.559199
0.939868
0.364968
0.179712
0.994537
0.5507
2.0771
1.90576
0.524375
0.233377
0.71553
0.30847
1.41551
1.19366
0.81971
0.571521
0.482547
0.537035
0.390808
0.527065
0.625015
0.982697
0.426928
2.70332
0.272862
0.39624
2.37805
1.78773
0.72082
0.676392
0.558694
2.92731
0.999827
0.357393
0.961074
0.65004
1.24911
1.26395
0.547575
0.415201
1.32339
0.799717
0.204144
0.326373
0.882569
0.222689
1.07377
0.814659
3.35239
1.24063
0.959109
0.815661
1.68374
0.605974
1.58047
1.70759
1.46149
0.268916
0.929721
0.44627
0.950305
1.83704
0.550902
0.0958318
1.25303
0.958358
1.63653
0.960508
0.550024
0.477311
1.2309
1.78855
0.800288
0.912986
2.03028
1.2537
0.383621
1.35793
0.657862
1.72835
0.439282
0.801661
2.45092
0.329916
1.29717
0.350901
1.40252
0.393272
1.43629
0.221719
0.791985
0.429876
1.23161
1.57334
1.32366
1.30422
0.933354
0.434913
0.249374
0.790001
1.53111
0.551023
0.439312
0.84311
0.853418
0.602079
0.433672
1.26294
0.0428191
0.965302
0.681563
0.693184
2.07823
2.3782
0.70237
0.148025
0.0983455
1.65573
1.66165
1.75195
0.224076
0.75937
0.507175
1.1731
0.308167
0.473726
0.566503
0.57641
3.01691
1.09124
0.465709
1.18259
0.0923944
0.751646
0.725323
0.276766
1.08744
1.2739
1.34811
0.399675
0.808457
0.6658
0.581187
0.995191
0.252354
0.252845
1.93095
0.981325
1.0626
0.75854
2.26413
1.2829
0.677707
0.48016
0.571954
1.23959
2.91819
0.13412
0.503827
1.32586
0.493414
0.330111
1.10742
0.850732
0.0546373
1.17418
0.822597
0.833231
1.19593
2.07138
0.107179
1.73924
2.00779
0.938311
1.75877
1.43763
0.0860275
0.941439
0.60886
0.329483
1.06875
0.587998
2.00811
0.940248
0.901673
0.1553
0.391402
2.0165
3.02659
1.50854
0.923072
1.02305
0.660553
1.35661
0.0926689
1.42419
2.35668
1.21442
0.408834
3.73258
1.07988
1.17101
0.866924
0.198827
0.388294
1.06378
1.36156
0.166698
1.54692
0.863865
0.42193
0.535794
0.610224
0.332931
0.482272
2.76202
1.02432
0.730333
0.183153
1.09855
0.148196
0.586838
0.268597
0.97684
0.905759
0.957015
0.611851
0.829779
0.56221
0.818096
0.336872
0.2279
0.438714
2.90933
1.67952
0.687551
1.05109
1.03168
0.372743
1.10602
0.43904
0.899363
0.891261
0.448869
0.825385
0.148015
1.88057
1.98884
3.6396
2.22588
0.512709
1.93632
1.01979
0.0363272
1.79516
0.903039
0.207662
0.258656
0.487128
1.61665
0.551602
2.83068
0.4857
4.31564
0.230347
0.623325
1.05578
0.89721
0.384418
2.33242
0.840917
0.917492
0.890155
0.987172
0.230539
1.62713
1.39221
0.31358
0.654352
0.873305
0.381689
0.625978
0.730705
1.67854
0.403596
0.64512
0.506544
0.399114
1.63981
0.588045
0.273577
1.21094
1.03108
0.810992
0.540382
0.949607
1.15279
0.271347
1.00342
1.91614
1.12626
1.35124
0.370379
2.0052
2.17347
0.872108
0.285484
0.841281
0.77421
2.28629
0.344624
1.27901
0.571082
0.576408
2.77346
1.1035
1.94845
2.39794
1.65267
3.07244
0.313352
1.83506
0.994186
0.562833
0.735362
1.02964
1.71214
1.39891
1.58225
1.6353
1.55088
1.05021
0.204988
0.146704
0.753155
0.600021
1.33369
0.669282
0.804355
0.632309
1.05636
1.0767
1.46874
1.20825
0.746697
0.537177
0.728786
2.37801
0.304405
2.64149
0.554447
0.617846
0.862268
0.459854
1.29651
0.777667
0.827112
0.931014
0.385979
1.76802
0.42959
0.071218
1.73085
0.754353
0.619078
1.02922
2.5466
0.934132
0.637948
0.441205
1.68356
0.395889
0.744927
1.26315
0.450578
0.734374
1.41241
1.2199
0.754055
0.683566
0.306327
0.0734213
0.73917
0.995974
0.309991
1.79888
1.08235
1.2539
1.11238
1.06129
0.485011
0.346787
1.37443
0.528933
1.10977
0.220856
0.536012
0.560129
0.223554
0.902019
3.35444
1.0376
1.4768
1.5877
0.61202
0.259325
1.29739
1.45779
0.9132
0.390824
0.935173
0.0392574
1.96482
1.98383
2.04554
2.25506
0.429235
1.40356
1.29624
0.757236
0.853061
2.0538
0.916142
1.08866
1.95223
0.612719
0.765818
0.68349
0.825501
0.188271
0.650539
2.68622
1.06539
2.03512
0.292783
1.0969
1.29721
0.288661
1.14551
1.13382
0.170722
1.20891
0.900284
1.00654
1.74215
1.3394
0.97598
2.91304
0.2905
2.47595
2.22648
2.48308
0.444321
0.702886
2.00281
1.24738
0.673765
0.548248
0.563113
0.922846
0.921004
2.1322
2.99218
0.850089
0.537284
1.72204
2.95565
1.50868
0.652591
2.35392
1.06468
1.17303
0.279501
0.142922
0.399895
0.63288
0.187375
0.887921
0.0820039
1.14377
0.258838
1.09656
0.0894975
2.33044
0.954987
0.892215
0.594468
1.65508
2.56674
0.680411
0.267259
1.51435
1.85437
0.768812
1.33312
0.860196
1.15605
0.681507
0.236528
2.22037
0.74278
1.83046
1.83899
0.884055
2.07956
2.86463
2.227
0.299175
0.934239
1.1771
0.421086
2.15045
0.688961
0.753885
1.87921
0.978527
1.97717
1.82176
0.85553
0.464679
0.189916
1.74981
0.56953
0.275561
0.418802
0.660182
1.99115
1.85112
2.5402
0.776628
0.412183
0.749291
1.46354
0.0780208
1.51357
2.07162
0.279865
0.103322
1.14254
0.392806
0.272289
0.650929
2.20815
1.17125
0.272509
2.13587
1.35487
1.53504
0.267969
1.13107
0.387734
0.9783
0.655225
0.673062
1.20238
1.69652
0.35922
0.355847
0.42237
2.13658
0.306002
0.587874
2.95337
1.90071
0.571159
1.93692
0.774832
0.379579
1.03331
0.496991
1.71022
5.88259
1.07371
0.783754
1.10768
3.19357
2.28561
0.794079
2.1236
0.803716
0.597902
0.314471
2.27355
1.41708
1.37396
0.728298
1.10249
3.89318
1.52507
0.741393
1.49042
0.493951
1.38565
2.66501
0.571277
1.60592
0.442824
0.182031
1.17899
1.35747
0.569462
1.07115
1.24682
0.534635
0.718957
1.10621
1.11147
0.681407
0.213243
2.04364
0.390585
0.552993
0.380987
0.11317
0.563768
1.17086
0.767528
0.857743
1.04375
1.66442
0.832163
0.193837
1.76132
1.05748
0.980135
0.897581
0.459065
1.18842
0.499399
0.469019
1.18169
1.59395
0.443816
1.46446
1.47553
0.9798
0.819546
0.832352
0.912667
1.96397
0.782287
0.161273
1.96946
0.85605
0.186277
0.293342
0.729327
1.37603
0.867242
1.71947
0.141556
0.845962
0.130011
0.629015
0.974374
1.03089
0.637412
1.07838
0.151951
2.19879
1.86912
1.25804
1.40392
1.20238
2.21664
0.468668
1.07875
0.0917134
0.690197
0.308107
0.92273
1.28024
1.11613
0.324058
0.468358
1.18487
0.710451
0.765066
1.19664
0.906275
0.72828
0.414043
1.48205
0.811289
1.30992
0.774753
0.518201
1.56446
0.187637
1.66582
1.86029
1.03823
1.35961
2.35745
0.965541
0.573311
1.04178
1.11385
1.1385
2.49679
2.91785
1.54748
0.862794
0.970915
1.34866
0.675712
0.70933
0.419371
1.37683
0.530897
1.37883
0.909808
0.47765
0.597252
0.849412
0.131793
1.82504
1.21719
3.37514
0.722245
2.32664
2.02548
0.558657
1.19932
1.54263
0.225529
0.295056
1.07491
0.103276
0.324025
1.85614
1.27562
1.54703
0.504486
1.66028
0.661272
1.51424
0.331673
0.4464
1.00795
0.146282
0.3792
1.09644
0.704861
0.676755
0.87935
1.72704
0.890993
0.531432
0.63192
0.628013
0.259605
0.982425
0.176608
0.727106
0.0641883
0.964947
0.407037
2.47996
0.370825
1.54259
0.384
1.27641
0.191826
1.16221
0.355409
0.54053
1.4179
0.776993
1.01473
1.79172
0.404982
1.27611
0.522724
0.930186
0.681285
0.751858
0.50974
0.527445
0.531379
0.410301
0.144009
0.897649
0.731867
0.560823
0.337863
0.336059
0.349076
0.109151
0.944127
1.91488
0.2999
0.275255
0.279029
1.2412
0.877668
0.31013
0.390454
1.24015
0.733076
0.0697955
1.0953
2.09942
1.30916
0.134997
1.92639
0.63337
0.785878
1.07555
0.713988
0.494084
0.547344
1.27816
0.712201
0.917012
1.00131
0.765846
1.59274
1.12864
1.26828
0.822104
1.46966
0.946283
1.23808
0.584287
1.75484
2.17768
0.823304
0.564982
1.44808
0.858195
1.00807
0.59107
1.91724
0.632638
0.404141
1.10093
0.237375
0.497077
1.05134
1.28089
0.219867
0.443031
0.395012
0.696185
0.825072
0.460034
1.35593
1.36314
0.393919
0.500865
1.35278
1.68992
1.50129
0.518696
0.681886
0.166605
0.808871
1.4619
1.30235
1.39038
0.849141
0.146252
0.879226
0.637957
0.967136
1.37488
0.0540972
1.88171
0.348097
1.38391
0.908585
1.26192
0.464769
0.386785
2.10493
1.5178
3.27319
0.246835
0.349938
0.0521206
0.242354
1.47143
0.552286
0.797155
1.20109
1.7925
0.996784
3.0097
1.12215
3.13585
0.713365
0.252897
0.756976
4.97504
1.08887
0.745914
1.1634
2.65598
0.269755
0.374376
0.812704
2.20579
0.290554
0.971645
1.24202
0.59548
1.50803
2.16092
0.492913
0.710213
0.280459
0.702832
0.901774
1.59417
1.46764
0.884787
0.176246
0.790884
0.875398
0.59474
0.712725
0.474647
2.01863
0.530137
0.907423
0.293036
1.89737
2.23777
0.757045
0.347981
0.888527
0.60855
1.3981
1.04948
0.355837
2.91162
1.09616
0.862969
1.36194
0.198295
0.0610457
1.23463
0.411042
0.805333
2.63707
0.822872
0.171762
0.617078
1.33337
1.38558
2.3914
0.496402
0.397617
0.567156
0.34493
0.4289
0.693162
0.825992
0.398209
0.444088
1.61905
1.42597
0.792289
3.28398
0.281053
0.647159
0.46166
2.25436
2.58991
2.13902
0.885453
2.5188
0.30651
0.771719
0.694458
0.327793
1.16871
0.613872
1.33529
1.37417
0.0932434
0.413075
0.280937
0.478854
0.199489
0.239745
1.75127
0.240735
0.711705
1.96032
1.8185
1.27851
0.596629
0.754373
0.328362
1.19799
0.593448
0.164904
0.52103
0.766909
0.799193
0.868206
1.5126
0.639903
2.63028
0.97099
0.692541
0.740226
1.05346
0.604596
0.532829
0.994803
0.110158
1.35383
1.83866
0.73904
2.5018
1.0318
0.648285
1.92606
0.172704
0.846612
1.6935
0.21091
0.720987
0.733288
0.105062
1.65552
1.06141
0.537804
0.922697
0.614907
1.97365
0.57876
0.645253
1.53893
0.493998
1.25417
1.45421
0.952718
0.79541
0.666725
0.603299
0.683748
1.72256
0.81908
1.47294
0.646871
1.40577
0.504721
0.18858
0.541814
1.34705
1.33964
3.82325
0.29018
1.37618
0.439332
1.25623
2.40205
0.54829
1.54661
0.455356
2.38203
1.04794
0.911279
2.55081
1.66568
0.91835
1.40055
1.52112
0.902567
0.355376
2.10918
0.705119
0.467759
1.1287
0.383747
0.602772
3.8038
0.404306
0.447923
0.42485
0.599969
0.84303
1.427
1.17462
0.946373
0.716396
0.523741
0.543074
1.12868
1.56513
0.987326
0.421259
1.02688
0.554624
2.70829
0.260039
1.11677
1.16613
0.762668
0.117702
0.221135
1.07699
1.0552
1.35045
0.1781
0.784359
0.745993
3.0435
1.34798
0.629724
0.189071
0.956942
1.14797
0.694077
1.08692
2.76165
1.02241
0.424094
0.265317
0.400075
1.07969
0.450615
2.45593
2.63198
0.732741
0.573932
0.865617
0.610729
0.265158
1.45834
1.65642
0.591693
0.101433
0.274568
1.04874
0.0375057
2.01939
0.321701
1.07904
2.16051
1.30172
0.84868
1.6403
0.433043
1.17566
0.379686
1.32207
0.228886
2.28617
1.17725
0.964699
1.4067
0.959378
1.36144
1.04702
1.10107
0.327213
0.913527
0.695287
0.145156
0.547262
0.483026
0.471682
0.0537982
0.774939
1.62309
0.809754
0.224064
0.414927
1.51298
0.411675
1.32045
0.133389
0.836938
0.332844
1.06452
1.23696
0.395667
1.28756
0.987452
0.558569
0.272061
2.37185
0.128932
0.829446
1.17723
1.75657
0.497195
1.10344
0.32042
1.33391
1.07174
0.953705
0.248071
0.668931
0.193296
0.94898
1.31045
0.703893
0.40357
0.716275
1.29464
0.49686
0.789844
0.634996
1.4213
2.06586
0.399103
1.14901
1.13483
0.886665
1.88105
0.613792
0.211678
0.0437785
1.23302
1.06763
2.07038
0.734636
2.19926
1.21092
2.28355
0.475853
0.97411
0.703125
0.107996
1.91677
0.415594
1.0404
0.731848
0.853417
0.763284
0.90482
2.79685
0.35472
1.44123
0.461754
1.61388
0.493934
0.865553
1.29593
0.605071
2.3021
1.02889
1.44507
1.98017
2.19691
0.404133
1.01134
0.499183
0.209227
0.128734
1.07855
0.134576
0.340159
1.02366
1.69015
1.19583
0.723994
0.35699
0.843459
0.0681714
0.6604
0.120244
0.670347
0.925851
0.13557
1.33421
2.37609
0.6963
1.48886
1.02523
0.314042
0.490808
0.271461
1.33745
1.00432
0.532792
0.628942
0.580615
1.10567
2.83299
0.845506
0.226408
0.449592
2.95905
1.13913
0.98196
0.679407
0.760694
1.10588
0.465495
0.343603
0.126863
0.154811
0.569057
0.795112
2.20216
0.407709
0.745795
1.15102
0.316586
0.392009
0.708718
0.661023
1.32866
0.827842
1.77371
1.02302
1.13881
2.75344
0.377913
0.367495
0.14423
2.17389
2.435
1.31286
0.487092
0.397136
0.797884
2.06844
0.802676
0.0604928
1.1249
0.610911
0.728852
0.493014
0.272554
1.18607
0.57711
1.28469
0.877857
0.733396
0.455055
0.295923
1.59477
1.0424
1.34469
0.451974
0.554226
0.814875
0.103263
0.651201
0.637003
1.22695
0.0830559
0.888795
2.5109
1.17716
1.12627
0.503767
0.132055
1.18677
0.851923
0.845264
0.173278
0.591931
0.230949
0.610564
0.394441
1.41796
0.679323
0.982541
0.445761
0.735903
0.248557
1.02343
0.943285
2.64708
1.00323
2.59781
0.193352
1.41877
0.753194
0.314841
0.46726
1.76866
0.464149
1.09559
1.97667
0.0324065
1.18199
0.772915
0.667466
1.82988
0.711408
0.705526
0.658759
0.394855
0.870519
0.365458
0.888624
1.19597
0.71036
2.0165
2.36085
1.06134
1.01587
0.546052
1.52227
0.891521
1.80369
2.10001
0.768283
0.652915
2.48514
0.557258
0.0573993
0.717661
0.948367
0.754487
0.930007
0.310337
1.17196
0.325537
1.64888
0.842217
0.567458
0.381178
0.0464799
0.804774
0.563451
1.41278
0.845584
0.582147
0.485492
0.755148
0.356245
0.904435
0.18949
1.94447
0.665545
1.85676
0.783378
3.05869
0.463518
1.34159
1.0027
1.05324
0.493784
1.77623
0.203463
0.63618
0.726832
0.305465
0.624421
0.529922
1.94828
0.923993
1.62712
1.19076
0.186094
0.716914
0.85042
0.234674
0.0430602
1.46275
2.14429
1.1184
1.32623
2.57227
0.875633
1.26968
0.449205
0.99709
0.229939
0.410918
0.742415
2.23725
0.0198423
0.911967
0.414022
2.49256
0.73897
0.631838
0.305985
0.842917
0.677217
0.815609
0.813526
0.297816
0.887124
1.36386
1.69108
0.770922
0.376274
1.79124
1.01282
2.06785
2.67132
0.472159
1.41524
2.40056
0.388224
2.07549
1.80335
0.47505
0.429534
0.611395
1.81102
0.394996
0.720264
0.829709
0.750892
2.17271
1.13002
1.63316
0.677078
2.02116
0.707649
1.66013
0.552462
0.0712574
1.4878
0.419929
1.87655
0.333932
0.888447
0.921489
0.225341
1.05038
1.97204
0.676913
0.246372
0.226197
0.367108
0.476165
3.55867
2.16163
0.605958
0.680152
1.5191
1.51242
0.618871
0.309824
0.760571
2.40714
1.49002
0.181478
2.36171
0.521616
1.64295
0.743554
0.312902
0.50625
1.14634
0.34015
0.0784432
0.274997
1.17197
0.389055
0.840113
1.15428
0.755105
0.24638
1.1094
0.993452
0.527781
0.220604
0.510944
2.04546
0.165998
0.97607
0.792773
0.999912
2.17589
1.98944
2.18294
0.775798
0.454165
1.50255
0.645712
1.1626
0.183004
1.0892
1.85059
0.618663
1.90999
0.95959
0.103683
0.730367
1.52525
0.428523
0.263979
0.3948
1.5084
0.142191
0.930573
2.39072
0.909713
0.916075
0.875632
0.382145
0.753789
0.464366
1.52934
0.228369
0.896431
0.365304
0.407552
1.0962
0.770349
1.75943
0.498326
0.219775
1.22412
0.722651
0.372191
1.35279
0.170226
0.395928
0.622501
0.158346
1.94203
1.72466
0.411152
0.300307
0.606817
0.770836
0.548382
0.818071
0.357361
1.51164
0.329168
0.563833
1.09194
1.01381
0.461397
1.4189
0.253592
1.02601
0.550932
0.722688
0.0987671
0.851015
1.03149
1.46488
0.145804
0.941968
0.838479
0.297174
0.712816
0.1645
0.6141
0.835211
1.76833
0.491093
0.919408
1.04099
2.61977
1.55715
2.08278
1.4305
0.943228
0.646758
0.589855
2.22107
0.0712924
0.694394
0.384688
1.27171
0.369882
0.4602
0.299725
1.67046
1.04385
2.41006
0.988913
0.0748021
1.50451
0.63726
1.28554
1.34053
1.99428
0.902832
0.966631
0.75266
0.154339
1.0564
1.07319
1.59067
1.28845
0.386859
1.19334
0.250762
0.263555
0.441143
0.664644
0.691717
1.0043
0.795161
1.42252
0.623824
1.23698
1.486
1.46355
3.00394
0.915599
0.846847
1.18789
0.61247
1.03901
1.01722
1.56227
1.14009
0.424198
0.758103
0.695722
0.521688
0.389593
1.94618
0.164831
1.63993
0.558778
0.433808
1.16315
1.79134
0.257807
0.676493
0.71321
0.11351
1.82654
0.565232
0.432126
0.466214
1.27492
1.43017
0.276152
0.271942
0.185744
0.402299
0.151528
0.56533
0.437766
0.968315
1.86153
1.36481
0.968637
2.16855
0.206827
0.250765
0.501654
0.271912
1.00448
1.65272
2.5717
0.825206
1.79625
0.645937
0.24999
0.805946
0.398514
1.06789
0.806102
0.908367
0.601763
1.34895
0.885129
0.746437
0.554785
0.949567
1.89756
1.55302
3.94346
0.435007
0.80429
2.29974
0.898035
0.199815
1.61107
0.638546
0.0604752
0.488432
0.956938
1.04731
1.40097
1.48344
0.871509
2.28381
0.368537
3.20883
1.24361
1.23567
0.461505
2.58576
0.720402
0.373562
0.441263
0.485649
1.20299
2.3746
0.0806223
0.289532
0.241516
0.977054
0.798539
0.551993
0.534643
0.966748
0.252679
0.709389
0.605546
0.119968
0.533003
0.621216
0.313189
0.463021
0.485127
0.293622
2.13455
0.579905
1.46862
0.467534
0.694487
0.229404
2.64915
0.217934
1.19349
0.373128
0.298106
0.695072
0.689464
0.132783
2.27504
1.15262
0.591311
1.11744
1.39667
0.0829176
0.797786
1.78234
1.62859
0.617048
1.76666
1.6624
1.2569
1.12585
0.912739
1.03777
0.422838
0.564338
1.60535
0.121076
1.59032
0.519497
3.11218
1.02148
3.20664
0.810978
0.549509
1.17407
1.0388
1.0317
0.15326
0.578601
1.63172
0.335179
0.513543
0.461736
0.437604
2.25615
1.00595
0.454212
2.35937
0.639331
1.54046
1.20655
1.07746
0.3255
0.533015
0.602303
1.46259
1.2419
0.865573
1.01277
0.415726
2.5172
0.194596
0.664316
1.57364
0.508403
0.99641
0.707205
0.336161
1.60351
1.58775
0.635034
0.606896
1.34197
0.288957
1.66699
0.89526
0.684402
0.94194
0.422179
0.949746
0.212724
0.625601
0.321129
1.56144
0.774938
0.550843
2.22765
0.775699
1.92166
0.0689175
0.774348
0.399312
1.0947
0.701883
1.20289
2.98655
0.0347445
0.833558
2.27561
0.76236
0.56228
1.17266
0.763718
0.806849
0.59516
0.921241
1.52973
1.42223
0.664648
2.48196
0.382742
0.440966
0.168766
1.22184
1.23346
0.745888
0.930261
1.93019
0.61548
0.388866
1.13524
0.214024
1.48528
0.328392
1.3596
1.24799
2.19735
0.0862832
1.30255
1.58427
0.186074
0.676983
2.67924
1.14868
0.721735
0.103567
1.43429
0.551625
1.88012
1.65071
0.895383
1.96688
0.265786
1.30218
2.39689
0.83328
2.16245
1.14972
0.53251
1.28212
1.91599
0.203918
0.592029
0.926311
0.0394114
2.08513
0.0331511
0.42758
1.17775
0.509061
0.68925
0.573552
0.85199
0.39985
1.38765
0.0518388
0.996168
0.508136
0.854718
0.697046
0.140281
0.970626
0.484372
1.65585
0.534747
0.976737
0.208491
2.06966
0.736096
0.807579
0.968693
0.197211
0.708785
0.461574
0.863572
1.51929
0.757331
0.569894
0.791391
2.02341
0.301727
1.4175
1.1059
3.64907
1.63375
0.275451
2.55572
0.750998
0.847904
1.75753
0.621515
0.338098
0.394693
0.869472
0.744589
1.32007
0.873201
0.564466
2.31888
0.282426
0.681354
2.01477
0.694962
1.39711
0.800342
1.38541
0.540637
0.619273
1.08157
0.878648
1.29119
0.766785
1.165
0.62042
1.28815
1.19988
1.76686
1.56232
1.21444
0.877334
1.26481
0.665366
0.588146
0.341526
0.808648
1.71524
1.13702
0.131394
0.672527
0.409366
0.980455
0.33518
1.03801
0.269002
1.34503
0.958058
0.526105
1.12345
1.96138
0.979961
0.485828
2.42934
0.197975
0.55789
0.438122
2.66118
1.83165
0.294726
0.395088
1.63245
1.2602
1.79608
1.95177
1.73477
0.82266
0.491388
1.04699
2.27254
2.99596
0.149724
0.404245
0.547695
1.50561
0.100728
0.303344
0.946255
0.485821
1.12034
0.97032
1.58765
0.0771925
1.16712
0.463014
0.36723
3.62213
0.890229
1.17006
0.986338
0.601268
1.73959
1.42538
0.50397
0.388031
0.462453
2.01012
0.908456
0.247881
2.59219
2.53039
0.955171
1.47089
0.292517
0.456787
0.589965
0.904785
0.774932
0.993811
1.01441
2.42711
0.596524
3.4095
0.789025
0.276104
0.502397
0.938795
0.610137
2.27935
0.975826
0.564818
0.754916
1.34102
1.81203
2.53663
0.491252
1.49139
3.25625
1.19394
0.338366
0.103886
1.41991
2.30034
0.437663
2.31593
1.87827
0.382528
1.9865
0.926513
1.48846
0.302287
0.213563
1.77115
0.313433
0.860745
0.492145
2.19202
2.38305
0.283798
0.619455
2.37806
0.715988
1.52744
1.18929
1.86077
0.394568
2.12076
2.4517
2.11286
0.570292
0.834345
0.902006
0.683286
1.89902
1.56012
1.50425
1.43027
0.336781
0.638544
0.678703
0.142943
0.650736
0.539896
0.76157
1.29575
0.679892
0.987256
0.426329
0.538047
0.403701
2.19633
0.361303
0.491294
2.07127
1.68054
1.27156
0.0296825
1.85702
0.831783
0.384543
0.975796
0.272918
0.544997
0.804828
0.516128
0.517556
0.975148
0.886282
0.691016
1.45506
0.464688
1.33041
0.586506
0.281469
0.780514
0.883863
0.525672
0.159683
1.75963
1.05278
0.774727
2.10805
0.822636
0.770114
0.0983384
0.437739
1.52267
1.04569
0.335994
2.42712
0.303087
0.309508
0.714754
2.79939
1.09272
0.59707
0.666537
0.463827
1.84339
0.0531902
1.54427
0.554836
0.0519789
1.00488
1.05716
0.797356
1.32139
0.854733
1.3331
0.679929
1.88426
2.65972
1.89606
1.38588
1.68162
0.357834
1.55312
0.131944
0.191818
1.10504
1.28644
0.398371
0.20651
0.564287
0.103958
0.849516
0.859242
0.832144
0.392904
0.902295
0.305661
0.145857
1.4106
0.522972
0.385496
2.64487
0.212559
1.21332
1.01241
0.601089
3.65475
2.44202
0.660671
1.19762
0.931869
1.5422
1.7555
1.4071
0.652798
0.783295
4.08278
0.129441
0.751499
0.532554
0.980009
0.722225
0.435322
1.61306
0.556382
0.786971
0.283679
0.896164
0.458735
1.54277
0.786595
1.12273
0.884752
0.184324
1.17656
0.80789
0.304161
1.20716
0.264525
1.82747
0.640079
1.76042
0.777247
0.522086
0.0725022
1.35821
0.226963
0.310725
0.588284
1.20018
0.833994
1.09339
0.672659
3.8474
0.121402
1.64953
1.988
0.323714
1.13906
0.268937
0.309058
0.53313
0.532064
0.0738082
0.448776
1.04994
0.447787
1.84221
0.46756
0.805595
0.894982
0.714213
1.95049
1.18616
0.779838
0.876301
0.123045
0.224622
2.09339
0.525299
1.27953
0.421567
0.857685
0.374803
0.196875
2.10617
0.399903
1.74778
0.201847
0.302452
1.8884
0.281041
0.89029
1.17465
0.559552
0.527173
1.57452
0.670039
0.477574
0.648038
0.766763
1.52379
0.262256
0.866491
0.951377
0.894509
0.320758
2.00267
1.15488
1.03463
0.586997
0.693673
1.12856
1.31981
1.96828
1.62622
0.596117
0.263482
0.118014
1.69041
0.574778
0.543137
1.4566
0.560718
0.526551
1.22183
0.275241
0.731994
0.683797
0.539193
1.1176
2.73298
2.24128
0.285522
1.10559
0.595824
1.49586
0.166898
1.62099
0.400043
1.7604
1.34935
1.1703
0.796226
0.237483
0.391053
0.115582
1.1255
2.15495
1.60542
0.499244
1.33871
1.39248
1.10465
1.04443
0.306158
0.511408
0.598847
0.490956
0.359991
2.69624
3.32723
1.22808
0.364483
1.63127
0.34475
0.818919
0.333292
0.936855
0.403242
2.25658
1.03944
0.744346
0.96493
1.05094
0.27579
0.583355
0.339242
0.561613
1.87869
1.04359
1.42434
1.75316
0.725765
1.03253
0.899711
0.499107
0.703096
0.845861
0.555345
2.41032
0.480802
0.66188
0.436534
3.73496
0.787142
1.91093
0.953005
1.27693
0.163056
0.0451245
2.44734
0.422427
0.377175
0.702702
0.692997
0.325121
0.820775
0.564518
0.174082
0.645193
0.284557
0.699561
1.70932
2.0038
0.84205
0.165877
0.37004
0.647758
0.965501
0.119975
0.446728
1.45445
0.700777
1.43645
3.23121
2.02598
1.51526
0.640993
1.30203
0.443599
1.77129
0.239059
1.58429
0.296731
0.17027
0.465153
0.796869
1.22171
0.229357
0.208495
1.77961
0.250346
2.4153
1.49378
0.403525
0.878033
1.07881
2.09557
1.12929
2.64513
1.17262
0.453731
1.19559
1.07031
0.14466
2.91144
1.22248
0.732104
0.60117
0.576004
0.825543
2.70089
0.401316
0.351497
2.06295
0.778895
0.118061
0.360821
0.917219
0.806245
2.20415
0.782028
1.86004
2.43733
1.09217
1.29946
1.70747
0.444179
0.51429
1.00076
1.00519
0.362712
1.38437
1.11928
1.00944
1.22533
1.3804
1.11321
1.73501
0.086957
0.742008
3.28519
0.413029
0.620595
0.443453
2.12671
0.729254
0.397835
0.741621
1.55715
0.651804
0.617934
1.60644
1.25637
1.20666
0.677382
0.746433
0.788705
4.02881
1.05124
1.27617
0.915563
1.66533
1.7889
0.292307
0.278642
1.19839
0.0195068
1.91919
1.03553
1.11725
0.749797
0.903284
0.799807
0.4587
0.295904
0.629919
0.950221
0.148645
0.669488
0.590451
2.02738
0.244564
0.895049
0.374016
1.26904
2.26937
0.942537
1.04714
1.87996
0.575881
2.69188
0.848543
2.33981
0.652479
0.874406
0.365181
1.72904
0.566329
0.983861
1.29228
0.951434
0.398854
0.425608
0.726361
0.342937
1.7123
1.83928
1.45194
0.754805
1.91455
0.193306
2.04316
1.94919
2.84423
0.971281
1.94528
3.17599
0.474333
0.596032
0.59024
2.53392
0.544434
0.715888
0.987277
0.42255
0.898115
0.573014
2.78875
1.43719
0.764803
0.330064
1.34035
1.20053
0.741147
0.674977
3.13312
1.06048
0.352057
2.96092
0.314583
3.06215
0.362906
0.634749
0.482388
0.560981
1.44542
0.927777
3.19236
0.0308859
0.388463
1.5589
0.543354
0.379732
0.752447
0.437596
0.822782
0.269761
0.419834
0.435768
1.02942
1.10159
1.29662
0.830287
0.801163
0.41019
0.899944
1.4201
0.432884
1.33635
0.259714
0.649831
0.592054
2.38838
1.63517
0.487636
1.33301
0.714327
1.08998
1.07087
0.303633
0.341368
0.440935
4.3142
0.257681
0.219839
0.591734
0.849083
0.41683
0.89129
0.274511
0.575111
0.775902
1.21342
1.12831
3.6721
0.837624
0.214737
1.21413
1.47715
1.62162
0.540031
0.318994
0.742259
0.539477
0.60622
1.81343
2.02586
0.305084
1.03004
2.93666
1.06403
0.734786
1.08803
1.37063
1.10241
0.61581
0.372
0.349896
2.28149
1.0569
1.85261
0.418187
1.55953
1.16734
0.193933
3.31637
0.975219
0.669441
0.63714
0.690236
0.909966
0.450944
1.65359
0.653981
0.242296
1.27302
0.475854
0.322327
1.52311
1.82718
1.9244
0.20144
1.95608
0.877489
0.963566
0.51701
0.229524
0.476395
0.23139
0.869902
1.63533
2.19508
1.37493
2.34094
1.14361
0.192113
0.385339
0.711436
1.89668
1.03202
1.56524
0.899673
2.54553
0.697458
0.737682
1.2816
0.68594
3.18683
0.650386
0.227372
0.227495
0.0874373
1.1811
1.34201
2.32668
0.16633
0.834093
0.644403
0.306892
0.897911
0.562262
1.0023
1.50722
0.650434
0.752095
0.2281
1.63725
1.09293
1.11496
1.21539
1.05644
0.627551
0.393497
1.24725
0.682573
0.458797
0.522185
0.779001
1.83207
0.604759
0.89129
0.642388
0.786476
1.4193
0.623253
0.995216
0.765008
0.159146
1.84572
1.05972
2.27125
1.22023
0.442045
1.43975
1.50236
0.0644954
2.75625
2.14934
1.4165
0.696728
0.699889
0.198999
0.224461
1.04233
0.462
0.269207
0.247543
0.193545
1.96139
1.50262
0.955435
1.2733
1.62267
0.978627
0.342063
0.438352
0.63317
0.589024
0.880719
1.88501
1.86976
2.82515
0.242912
0.784608
1.85724
0.909313
0.219134
1.18197
0.603075
0.60978
0.896111
0.480115
4.16028
0.404033
0.202425
0.754605
0.738337
0.290817
0.804932
0.978564
0.294925
0.616186
1.49917
0.108476
1.84756
0.866169
0.531949
0.189075
0.769404
1.03079
0.743804
0.285931
1.14736
1.76245
0.556017
1.08898
0.511384
1.11867
0.470302
0.257314
0.322055
0.673452
1.88333
0.379789
0.801244
0.851275
0.235116
0.95987
1.42785
0.123372
0.580443
0.0734835
0.661007
0.853493
1.30313
2.33738
0.712024
0.104128
0.478362
0.544743
1.10135
0.625798
0.161209
0.964539
0.590391
1.56213
0.097411
1.3652
3.81093
1.17046
1.41858
1.51894
0.732937
0.616304
0.853194
2.62654
0.981249
0.693061
1.3519
1.24015
0.645935
1.51333
0.482833
2.11927
0.752442
0.922032
1.6582
2.20169
2.20551
0.537051
0.546449
0.125483
1.67114
1.37999
1.13796
1.07869
1.54749
1.41713
0.498401
0.91553
1.61406
0.979257
1.15382
0.648418
0.625784
2.28737
0.291202
0.463128
0.315543
0.91748
1.59811
1.00032
0.491669
1.6967
0.309052
0.706407
0.329942
0.64626
0.461869
1.02101
0.83049
0.138445
0.269307
0.609655
0.380592
0.442937
1.17864
0.53182
1.28326
0.33724
0.856827
0.201532
0.523399
2.03042
0.230452
1.70917
0.487549
0.91576
0.81739
0.901341
0.533957
0.479017
1.30236
0.911144
1.57335
0.555611
2.18202
1.25283
0.587481
0.780998
0.405708
1.79569
0.967993
0.713869
0.30995
0.595238
2.25124
0.603173
0.135286
0.130654
1.48301
0.268442
0.686668
1.91108
0.295924
1.46373
2.6933
0.167695
0.538847
0.308037
1.74422
0.375578
0.149005
0.453957
0.491419
2.2378
0.45871
0.270865
1.1874
0.153726
0.280007
0.221532
2.18857
0.838507
2.14625
1.50394
0.205735
0.269476
0.19049
0.63213
1.31259
1.71523
0.466601
0.823279
0.797154
0.856295
1.0184
0.102353
1.01768
0.406777
1.75009
1.15688
0.677332
0.969688
0.175803
0.354717
0.658874
0.215616
0.750526
0.828143
0.340254
1.22771
0.343513
0.804445
1.55532
1.15948
0.179807
1.93742
0.786962
2.03703
2.14765
1.00787
0.78293
0.10004
1.38739
0.465344
2.27989
3.02837
0.476551
0.359808
0.905801
2.04658
0.681894
1.01183
0.197989
0.348951
0.0784462
1.01962
1.09633
0.541773
0.896881
0.892442
0.755954
1.15706
0.644336
0.929789
0.439086
1.10802
0.163341
0.707311
1.91764
0.829516
0.968546
0.34996
0.946482
0.770659
0.131015
0.597943
0.709558
0.757599
0.897252
0.813737
0.816523
0.756109
0.973249
0.091582
1.8827
1.03543
1.06801
0.411335
0.743679
0.589017
0.640601
0.668187
2.73681
1.36485
1.88516
1.89135
0.576079
0.72362
2.83601
1.10799
1.37791
1.79502
1.47955
0.948768
0.202704
0.213206
3.12072
0.280353
0.409091
0.280374
1.13938
0.240486
1.04795
0.858814
0.413965
1.26682
0.603638
1.11114
1.22543
0.686976
0.217578
0.957129
0.758549
0.656258
0.73555
0.696893
1.15956
0.439319
1.16076
2.44145
0.670864
0.882608
1.44726
1.04292
0.390413
1.44994
0.828511
2.26585
0.342627
1.27017
1.2803
1.55833
0.155719
1.00726
1.2805
0.547356
1.39916
1.83214
1.10067
2.31442
1.15857
2.26655
0.757729
0.907172
1.94204
0.818586
0.368475
0.679505
1.85172
0.920348
0.808762
1.2829
1.82734
0.702693
0.840739
1.49924
1.29526
1.29603
1.24271
2.1444
1.21003
1.45335
0.701353
0.942191
0.56054
1.17324
1.06619
0.949363
1.96139
0.937189
1.43999
0.699133
0.610923
0.162435
0.508462
0.329886
0.506912
0.194185
1.46577
0.644306
0.577352
1.42274
1.8807
2.35614
1.3668
0.78499
0.564593
1.81918
0.141508
1.27364
0.621095
0.528184
0.367994
0.219035
1.53431
0.681591
0.495591
0.225311
0.314472
0.78417
0.328776
0.807634
1.01261
0.143497
0.206624
0.346814
3.5856
0.487156
0.74151
1.43314
1.00284
0.618922
0.984334
0.646396
0.707971
1.14159
1.17198
1.46743
0.370979
1.19075
0.62074
0.843126
0.563081
0.581258
1.41175
0.0912906
0.633013
1.73216
0.35061
1.13267
1.62772
0.430309
1.46214
0.598619
2.10263
0.55111
0.154776
3.09796
1.67269
0.414231
0.266555
0.378663
0.451045
1.90079
0.972105
0.196931
0.785851
0.757444
1.48594
1.06459
1.06054
0.409225
1.24642
0.302858
2.09421
1.69408
0.255317
1.70611
1.00616
2.61116
0.296974
1.47305
0.769305
1.3711
0.730295
1.13264
1.15713
1.70848
0.638906
1.34044
1.51266
0.446457
1.06027
0.234136
0.427599
0.266119
0.620314
0.156435
1.54615
0.367429
0.301064
0.975087
0.283501
2.42437
1.57619
1.00403
0.713355
0.0653323
0.89977
1.44155
1.1434
1.54559
1.1011
0.933937
1.17736
1.21776
0.493707
1.34349
2.27225
0.617375
2.09914
1.06588
0.318268
1.90557
1.46925
0.739884
1.03336
1.09146
0.584653
0.843243
1.01924
0.87555
0.302236
1.07803
0.535355
0.218803
2.09023
1.46672
0.100349
0.39904
1.03952
0.873662
0.48662
1.27393
0.339146
0.297778
0.344162
2.67132
0.933538
1.06671
2.08878
1.31225
0.374354
2.39611
0.537442
2.57436
0.167865
1.0029
1.26978
0.767627
1.38395
0.485959
2.44341
1.39187
1.19203
0.572148
0.675717
1.38334
1.37116
1.42323
0.677077
1.32597
0.31208
2.86496
0.679349
1.49325
0.574038
0.722446
0.756582
1.71369
0.834392
0.905831
0.953971
2.23267
3.48915
0.214192
1.43261
1.02817
0.382569
0.805076
0.561472
0.454535
0.62149
1.24059
0.788786
0.753575
1.7153
0.150151
0.774168
0.561317
0.967783
0.607044
0.27757
0.573952
1.02205
0.690597
0.499468
0.0274425
2.99807
0.259016
0.202857
0.92009
0.928658
1.78828
0.624291
0.258762
0.421907
2.24135
0.479893
1.07224
2.48851
0.871784
0.799311
0.422959
1.90843
1.79169
3.23647
1.16177
0.329985
2.54051
1.61356
1.86391
1.34496
2.97806
0.460118
2.04387
1.03291
1.032
0.609738
0.53133
0.15983
0.235017
1.70877
0.321008
0.779519
1.09333
0.889681
1.39665
0.177962
0.714242
1.01642
0.853773
0.802855
0.181235
2.5194
0.203054
1.13866
1.1629
1.78021
0.947838
1.98036
1.25993
1.54678
1.64056
0.61905
2.48204
0.960252
0.202084
3.02812
2.47126
0.783368
0.444353
0.963856
0.213123
3.39345
1.47454
1.58361
1.20553
1.52934
0.106377
0.56605
0.282912
1.10256
1.03351
0.337786
0.351811
1.55718
0.816206
0.928076
1.15145
0.1373
0.70593
1.3605
0.296093
0.704847
0.228203
0.788839
0.334283
0.529154
0.82498
1.15445
1.22429
1.0371
1.57359
0.809473
0.279936
1.00938
0.280634
0.466243
0.818315
0.650982
1.67329
3.9212
0.668856
2.10121
0.577609
0.756333
0.743187
1.0577
2.91847
0.876693
0.117357
1.63828
0.0786187
1.82464
0.234928
0.835421
0.77578
0.814255
2.51946
0.862205
0.458718
1.73816
0.31907
0.644977
0.468776
0.462178
0.664558
1.47396
1.0123
1.27663
0.540004
0.905093
0.575029
1.10508
0.563714
0.241025
2.09617
3.47967
1.39169
0.197262
1.41203
1.31433
0.648096
0.664911
0.782468
0.603596
0.84382
0.661833
0.245437
1.60937
0.537546
0.67699
1.7911
1.04187
0.74981
2.04011
2.08122
1.17856
1.38451
0.310802
0.591768
0.540228
1.35572
0.799506
0.490593
0.853263
0.430923
0.725213
0.760015
0.715507
0.691898
0.633722
1.83793
0.0980201
0.224735
2.20618
0.835796
0.135743
1.39651
1.51579
1.5729
0.915138
1.2562
1.40953
0.70774
2.31612
0.744453
0.193067
0.978496
1.28949
1.12264
0.390036
0.818645
1.08893
0.640665
0.939814
1.34429
0.512716
0.508802
1.54534
0.766885
0.81512
1.45735
0.80683
1.41784
1.651
0.664638
1.65372
0.654136
2.42576
0.701044
0.333212
1.40426
1.18437
3.19741
0.980557
2.22032
0.107884
1.33674
0.518549
0.430751
0.354752
0.560803
0.742256
1.66713
1.39773
1.92014
1.99159
1.67022
0.502483
2.41872
0.885204
0.144087
0.742869
0.99094
1.21028
0.386471
0.539596
2.82654
1.31103
1.03724
2.28548
0.602016
0.133772
1.03342
0.377165
1.08023
1.03131
0.531016
2.74408
1.01231
0.66269
1.10832
0.50972
1.4534
1.96774
0.241001
0.564559
0.723222
0.295019
0.717879
0.373084
0.684103
0.217958
1.34824
1.05874
2.12082
0.677275
1.31616
1.12487
0.797026
1.04741
2.01926
2.33671
0.731411
0.533629
0.89771
1.08593
0.531507
2.55159
0.820794
1.17692
1.91434
0.342018
1.54463
0.647243
1.51464
0.824433
0.613599
0.509065
1.4422
0.615288
0.443307
0.15414
0.0904254
1.44229
0.485321
0.632007
1.19289
2.39072
0.669894
0.884707
1.55432
0.0883741
0.814523
0.546819
1.13853
1.13023
0.32096
1.58745
1.69685
1.2346
0.440765
0.582536
0.770321
0.551165
1.12314
0.373728
0.49213
0.749784
0.237329
0.826704
0.350548
1.93707
1.15342
1.56957
1.14934
4.8204
2.51895
0.752322
0.533069
0.308782
0.844877
