0.527631
-0.680351
0.130838
-2.12405
0.302477
3.77351
1.41904
-0.482321
0.0787389
-1.12707
-0.589039
-0.519562
-1.87763
-5.5735
4.7045
1.43852
-0.688369
-0.408443
-3.31104
-2.1598
-0.520579
0.134986
1.66358
1.67894
-0.145768
-0.172633
30.1828
-1.78794
-0.80097
0.834652
-0.122292
1.21624
0.0242745
1.52615
-1.22346
-0.473362
-1.5845
0.208656
-1.24083
-3.83135
1.43267
2.66269
1.40811
-0.872899
0.442737
-3.60213
0.668213
2.36948
1.58508
5.18721
-0.0652979
-0.0174888
1.52444
-0.477227
-0.0804958
-6.28574
11.7136
-0.520807
13.8564
1.21339
0.220966
-3.54456
0.931342
-5.69672
-0.452249
-1.54319
-2.10878
2.50021
-0.350581
0.0922342
4.76543
-0.460938
2.13008
-7.04946
0.783478
-1.9231
-0.0803765
0.185382
0.3293
1.00418
2.12782
0.19174
1.59566
1.0782
-1.852
-0.687275
22.1236
6.5576
0.580997
2.63895
-1.47683
-0.0636131
-0.536307
0.467217
-1.23529
2.02014
-8.67409
-1.67289
2.44999
-0.412984
0.172455
4.09662
0.34969
1.70115
-0.0638534
3.95326
-2.30824
4.10125
3.79752
2.72818
-0.479795
0.631769
-7.47186
-2.66421
1.32722
1.67191
0.131884
-0.392704
1.50218
19.8656
-1.40325
-1.56932
-0.677995
-0.981431
2.10673
0.923093
0.476974
-0.346169
0.18661
-0.312117
-2.56772
0.850287
-0.424473
2.05888
2.35264
-0.450044
-1.857
-0.134046
0.174586
0.0870532
0.704518
-0.124266
0.354431
-0.744674
-0.0834464
0.563821
-0.879041
-1.28046
0.355103
1.49462
0.336087
0.402172
12.5344
-4.38891
-0.134663
-0.6874
0.966274
-10.0787
-0.455236
1.04772
0.0782952
0.625309
-4.99054
-13.4158
-0.281202
0.0803533
-3.86257
0.0492417
0.721059
-4.18846
0.459237
0.114662
0.123664
-0.226366
1.64968
3.37112
-1.34183
0.779611
-0.0904113
0.116527
-0.127551
-0.0319515
1.20887
1.6668
3.95418
-3.63669
-19.498
24.5579
-4.09807
63.9058
0.804239
-1.81849
0.0710659
2.38324
-0.736578
0.528712
0.575843
1.27404
-0.832929
-1.45981
1.39032
2.81089
-1.61388
-5.35253
0.016845
-0.273734
-1.57728
2.43853
1.59136
2.57592
0.51098
11.7226
-0.438012
-0.2639
-1.13446
-0.0243589
4.86156
0.337742
-0.140212
0.658912
-13.7791
-8.27578
0.409745
-0.737447
-2.22958
-0.128765
1.68675
7.33874
-5.88878
1.21739
0.59766
-0.357391
54.018
-4.32499
-2.65502
-8.03716
2.2075
-0.49513
-0.196701
0.0612525
-0.650067
-0.16718
-53.3988
4.68428
0.00782478
-5.02726
1.89521
-0.0221275
0.761644
0.0161738
1.59225
-0.0473607
0.532147
0.182939
-2.35393
16.6734
-17.5948
0.117288
-0.764756
-1.08002
-0.109482
10.0511
-0.71896
-5.76362
-1.09097
-0.652043
2.16153
-0.102732
-1.51619
0.465888
-0.0642269
0.449372
-0.173864
-0.197251
-2.7174
5.21468
1.16802
1.99821
0.544461
-4.14121
-2.71826
-194.149
-1.58057
-0.127269
-1.07679
1.05675
-2.17324
2.53266
0.184851
0.359813
0.841798
-86.7557
3.57713
-0.960599
-3.14902
-13.6459
-7.24089
-0.753314
-0.123491
0.405711
-0.748087
2.17691
0.913079
0.732312
-2.15575
2.98716
3.47338
0.184627
-0.177669
0.181598
-0.981232
1.53316
0.599325
0.935642
-0.0911399
2.28899
1.29902
-3.32756
3.5246
-0.379888
-1.35582
2.60454
-0.351785
1.22587
-0.413167
-0.396205
-0.077021
-0.447052
-3.03367
-0.397974
-1.97366
-1.85268
1.19286
1.82512
0.264793
-0.0329396
-0.0783083
-0.0285632
-1.64501
-0.250375
-2919.09
17.3955
0.385362
-3.567
-0.336562
-1.04916
0.221478
-0.276245
2.86946
0.746704
-0.116532
13.3122
-11.315
-1.09838
1.54382
-0.448991
0.247516
0.0146427
-0.278146
-6.48908
0.0552679
1.32302
-7.86891
8.73147
0.594505
0.0237743
-0.871729
-9.30898
1.65974
-0.419323
-0.756602
-0.17435
-1.84028
1.15034
12.5267
-2.27435
1.0476
-2.16163
-1.24395
-5.75255
-7.0046
-8.8172
0.582569
-0.819666
2.26145
0.578107
1.15595
3.18433
0.0810518
0.13101
0.253591
-1.81643
0.597701
-0.167786
-0.669263
0.14936
46.1296
-1.62886
-0.113833
-0.817923
0.662355
-2.9555
1.70749
0.0276929
-10.4827
-0.236348
3.16206
-0.552735
-0.0184381
0.0485819
-2.15507
-0.0106798
-12.8011
1.01155
-1.22209
0.659373
0.808475
-23.9688
-2.38109
-0.237818
0.399258
-2.63139
-1.08176
0.0364096
-0.52018
0.135148
-0.184742
-1.47637
-0.352197
-2.68039
3.89458
1.43122
-1.44786
2.61625
1.28431
0.578786
-0.884461
0.0849005
-2.7749
1.77519
0.407067
2.04938
-0.336953
3.69642
-0.245179
-0.53975
5.62193
35.737
-3.99818
-11224.9
1.13841
-0.375442
0.353796
0.483245
-11.0132
-0.336702
-0.928072
-0.638611
0.857041
-2.27203
0.123877
-6.47436
0.502228
2.51857
0.903883
-2585.19
-21.3144
1.53904
-0.285182
8.51125
1.75806
0.460448
0.625454
-0.094373
-0.980956
-1.5964
0.221922
0.352921
-0.0705951
-0.35669
0.836968
36.6315
1.08955
7.05704
1.01931
-2.45529
-2.10827
-0.63673
0.177239
-0.159803
-0.511687
-53.5473
0.270129
-1.04775
-2.47725
-1.48974
12.7636
-0.192284
-0.265231
-0.369078
-0.679754
0.0246268
-1.13351
-1.84001
-0.834002
-0.067519
-1.98233
1.45275
-0.454476
-0.628653
2.24532
-2.64631
-1.01481
0.297988
0.9029
0.557398
1.32549
-0.403772
-1.28327
0.326475
0.327746
1.20017
0.993323
-1.95085
-0.221491
-1.73183
-0.696888
-2.50954
0.508098
-0.469723
-5.1908
-4.62349
0.336114
-5.32785
0.425493
1.52867
-0.576224
-80.996
-0.74672
0.0292378
-1.71324
1.21047
0.574453
-21.2912
0.0617098
1.67708
0.952518
0.320623
2.17413
-0.557855
3.19904
0.993988
-27.7839
-0.914779
0.1821
5.86645
1.07214
1.97994
-1.1249
0.702292
-0.701986
-12.5287
-3.55741
-0.377799
-2.15655
0.575573
-2.39539
1.98464
4.26315
-3.65569
0.650487
-0.906417
1.21134
0.439449
0.146599
-0.1051
-6.91631
0.930225
-0.172739
2.74688
-1.78882
0.635431
-0.597949
-0.756171
1.98595
-0.444879
0.88653
-0.0495998
-0.321982
-0.943659
0.691388
-0.971676
0.0591055
8.79494
1.52766
-0.21907
3.05355
1.77198
-3.29547
-0.207019
1.36505
-1.70806
0.460823
1.80149
1.61799
-0.65793
6.31713
-71.0646
1.51687
-2.50026
2.84227
-0.762387
0.158382
1.99169
-4.2865
-2.35012
-1.92791
-0.535064
2.11178
-0.0269114
-0.233925
-0.833201
-20.186
-0.218316
0.0701601
-2.04658
119.633
21.5065
-0.794829
4.40917
0.601178
1.37674
0.467492
-0.0453453
20.9536
130.608
2.20616
-1.42017
-0.234262
-4.42437
0.568005
0.651322
-2.46872
-26.7622
0.204249
0.189584
-4.01852
-0.921889
-0.402611
1.51869
0.0382024
1.61447
-0.777647
0.322254
0.125719
2.68492
24.1481
-7.66438
3.53435
-1.10513
-5.91284
-37.3607
0.729539
-0.879582
-0.905549
1.83544
1.39682
-0.043298
-2.09638
-0.182849
-1.30342
-8.69992
-32.7194
3.41916
0.61615
2.15623
-3.29325
2.43281
-0.538611
-0.590401
-0.218222
0.55391
2.60954
-0.2096
0.240005
2.43488
13.2858
1.88863
-12.3292
1.71751
1.12324
0.605464
-0.942613
1.58899
0.780835
0.279719
-7.59641
1.93984
-2.31575
-0.580121
-0.872245
-1.59565
1.52524
0.0378372
0.992926
2.57057
0.60062
5.81026
-0.862669
1.18347
66.5318
-0.426692
0.252665
26.7888
-8.36351
-0.274305
1.73919
-1.71636
-0.206902
-0.785507
0.552523
0.48617
0.560406
0.987702
0.0102838
34.3467
2.33061
-19.7972
0.539241
3.9176
2.97021
4.42095
-3.05606
0.649628
1.1342
0.802313
1.54083
-0.769055
-0.0390716
-0.881162
-0.581243
0.190049
84.5465
-3.02138
0.0251237
0.220961
-0.752213
0.347535
-0.119447
-1.68188
9.6565
-0.357322
-0.519394
0.769631
-3.52055
-0.635945
1.24847
1.27669
-4.47566
-0.578392
-1.07102
-2.05185
0.116591
-1.28285
8.8546
2.16444
-0.596307
-0.183393
0.704287
-1.18336
1.75652
2.07671
1.55222
8.45468
0.214932
-0.507653
-0.45288
3.64953
2.44721
-3.01957
0.332468
0.0385807
0.110413
-2.88798
-5.28562
0.100633
-0.947157
-0.448027
-2.8431
-0.179181
0.470346
-2.42988
-0.767682
0.199256
-0.470799
-0.959579
1.81173
0.107428
0.356145
-2.9847
-7.00446
0.300785
5.07496
-1.54382
44.983
-1.62291
0.0920746
-0.199333
0.480733
7.67987
-1.9905
-0.177085
-0.0284949
8.87541
-0.872048
0.7443
-0.0348952
0.362147
1.65137
3.49576
1.0467
0.424204
-0.0874606
0.969202
0.377857
-0.784752
-3.60593
1.47071
-2.16296
-0.173528
1.35381
-0.755834
21.4141
-3.42383
-5.37315
6.93885
-1.08226
-0.778712
0.264039
-1.82373
0.874869
-32.6251
-0.533669
-0.401141
0.146039
0.0770748
-0.953775
0.937266
0.333998
0.633813
6.74334
-1.01509
0.0672851
11.5493
-1.85154
69.3838
3.22933
0.978805
-0.427641
2.38679
0.375551
0.875195
4.3031
-1283.33
-2.4893
-0.226117
-0.420968
-4.76068
-0.543856
-0.0652563
15.4621
2.30632
0.11375
-6.09181
14.4598
1.08955
0.397464
-26.5302
-12.5719
2.16068
-0.666146
0.963668
0.0610448
-2.31098
3.08024
-1.44036
12.2285
-2.52193
-0.390137
-10.2745
-1.2415
0.254226
1.13313
1.71593
-0.0824407
-1.00738
-4.29296
6.06928
-0.167261
-7.64548
-0.761482
-0.643577
-1.9355
-1.13461
-0.653831
1.41854
-7.02578
3.04714
-0.427762
0.110949
-2.86711
-0.350662
-2.29455
-1.99041
5.60709
1.40661
19.7493
1.37634
-1.57558
0.0460536
2.67577
-0.529625
-0.519922
0.231789
0.483726
-0.998861
-2.33146
-0.461326
-1.48014
-2.08486
4.48256
-0.509859
-0.778255
0.246267
9.8476
-2.51381
0.950953
0.181698
-26.4042
0.0256963
-0.734899
-0.0309011
-0.529518
-1.57161
-0.41237
-1.03421
7.79859
84.1796
0.417529
-0.142538
-0.450246
1.26985
-0.764998
-1.50296
-2.02613
-67.7296
1.27516
0.782108
1.16617
1.66327
5.99288
-2.12601
-1.44247
6.45881
3.60677
-3.84939
-1.6107
-0.610657
-0.411154
-0.463903
-1.22733
5.05125
1.69227
-1.95553
-0.365582
-0.729617
0.0162278
-0.333284
43.0379
-0.175698
-10.1865
2.69121
-0.6015
-0.548823
-6.56638
0.362104
0.452903
0.453401
4.05115
0.825081
0.26003
-0.678636
-4.10831
11.8322
-1.87642
-0.327709
-0.542625
5.63793
19.1234
9.67298
0.655198
0.801345
2.03656
-0.142044
-0.541341
-0.0925896
-1.05099
0.413484
-0.273987
-1.04428
-0.465999
-0.211294
-0.957462
-2.68733
-2.62295
-0.184736
-3.81212
-1.02707
0.206118
-1.7096
1.07435
0.270657
-1.27593
-0.687207
-2.04265
-1.39965
1.74858
-2.19405
1.68412
0.750338
-0.957516
-0.0240558
1.80195
2.02469
0.488689
-0.210182
0.882116
0.632969
0.677731
-1578.7
0.611206
0.225365
1.56556
4.47619
-0.438926
0.377053
-1.08042
2.64645
-4.9528
-0.778378
-7.99174
-0.261118
-0.555854
-0.624033
2.01754
-1.53774
-0.911091
0.0668934
0.347514
2.92074
0.00522949
-1.98757
-4.3172
-2.54545
-1.66804
2.11954
-0.486508
-4.53773
46.0936
1.54685
-8.15721
0.580011
-3.03463
0.00265806
-1.02929
-1.12441
0.00523611
-0.123561
-2.45995
-2.20362
-2.26785
1.2752
1.54478
-0.986389
0.233045
-3.10474
-1.78873
1.59254
0.132811
-1.49663
2.44941
15.5318
1.80463
-0.237167
-0.00505235
1.05618
4.25498
1.99664
-0.708015
-4.75536
2.10336
0.465209
0.807678
0.103183
-1.38081
1.31137
0.203163
2.09145
-0.785001
-5.6852
0.616871
1.68777
-0.986806
-0.852501
0.0405575
0.775333
0.079099
-0.449691
-0.346571
0.525264
-0.626504
2.13065
-0.326624
-2.72737
0.200873
0.735871
1.72003
0.905876
24.3672
0.884606
1.93313
0.579921
-0.174337
-0.304616
2.8309
0.260895
2.21832
0.32744
0.857258
0.39817
0.386039
-0.917209
-1.88568
-0.0992184
-1.31457
-2.96991
0.44709
0.0209772
-0.524246
1.14554
0.90668
-1.20829
-1.4757
0.805013
1.06554
0.000335631
-19.1168
0.1942
-0.558224
-0.126233
-2.84508
5.68417
1.64085
-1.7211
-1.05273
0.283937
0.981269
1.12947
5.41861
9.75444
1.41134
-1.65582
-0.103418
0.106237
-1.50085
0.223737
-0.529831
5.62559
-0.284128
-0.337397
-3.44523
-4.16024
1.54645
-0.0540881
1.48428
0.547329
-4.20988
0.911535
10.465
2.08429
-9.29104
0.993147
0.316998
39.7575
-2.60695
5.7547
1.11671
-12.6994
0.291171
-0.493976
-2.39758
1.64263
-1.92842
5.40206
0.432025
0.0562008
0.350428
-0.11302
-0.459377
0.0371582
10.0386
-1.13631
0.942813
0.00969203
0.766829
0.100808
-0.0853896
-3.27933
-1.56277
-1.19584
-0.18928
0.384218
2.56628
-4.21746
0.263069
0.146799
1.94323
-0.649085
-2.24082
-15.84
-10.6702
0.694064
-8.00257
-0.0920679
-0.68133
-0.746111
-1.06472
6.47557
-0.511581
-2.5631
0.345409
-1.54778
0.857212
1.61016
4.64458
1.01498
-0.21599
0.664176
1.283
0.205445
0.622412
-1.35015
-0.108963
4.90553
-0.755695
0.824008
-0.479714
-0.79187
0.081484
259.635
-2.51441
0.764941
9.26294
-0.332845
-0.482315
-2.79793
-5.96699
-0.860557
-2.44623
0.62465
-0.088043
-0.119178
-0.581639
-1.37938
-9.23512
0.886735
0.0373823
1.78034
0.0759033
-0.184572
5.48461
11.7953
21.3241
10.2637
-0.459862
5.46262
-0.0966273
-4.00229
1.33832
-1.51989
-2.09457
0.270779
-2.73838
-0.135606
-3.5248
-0.374088
-0.265552
-0.0270144
-4.42657
-0.172622
0.588654
-0.779042
-0.151729
-0.067859
-0.575203
-1.92483
2.54466
-0.109047
-0.535323
-2.84285
-0.808243
5.564
0.951088
-0.129227
1.65036
-0.201076
0.837487
-1.45121
-0.00868974
-0.365274
0.103697
-2.99861
-0.931689
1.47805
4.96171
1.14516
1.52426
-0.69877
26.0362
-0.348388
0.0529157
2.07492
0.9117
-2.44221
0.575061
-0.39543
-1.29913
6.91856
-0.538878
10.3898
3.29355
-0.0679157
-1.16167
-0.0458279
1.07105
17.3308
0.902963
-0.972222
0.380549
0.0227504
0.185335
-0.555771
8.38665
-2.40425
221.475
0.157584
-0.730608
2.20012
-109.866
-0.596205
-8.9549
0.731
-1.98311
-1.16898
-34.4812
-5.24139
-10.0922
2.02946
-0.514577
1.09837
-0.337889
-0.494201
-1.60805
1.49887
0.465853
-0.985617
379.714
-1.99568
10.6101
0.425237
0.519366
1.1566
0.933165
-1.8029
1.1518
2.18093
6.2055
-0.418929
-0.351799
1.21449
-1.5145
-1.01415
-1.30644
1.72608
-3.40576
-0.1095
-10.682
-0.0668217
3.03507
-1.70493
-1.51429
-0.344568
1.29924
-0.979757
0.256444
2.09742
-0.97087
1.24897
-0.0486366
0.54152
-0.170454
-1.47123
-0.825412
0.187855
0.527064
-1.72334
-0.28318
0.574431
16.7754
3.3697
0.716204
5.09519
-0.946023
-1.18482
-2.44213
-0.70781
0.0381007
-0.0847727
0.412143
-0.312506
0.384833
0.601635
16.3549
1.61709
1.81644
-153.444
0.747752
-1.49719
0.10146
-0.22528
-8.24888
-2.42789
0.112955
0.20388
1.17617
0.158422
0.820298
13.6913
28.3752
2.32343
-0.491908
-0.79888
139.072
0.112539
-2.21818
-0.32707
1.34365
-0.480797
1.77146
2.93426
-2.30846
-2.76347
2.99064
-1.75748
1.77126
-1.19433
2.80591
0.62303
0.533538
0.351251
0.0755211
-0.00223333
0.812664
-2.28397
0.326465
-0.316739
-9.30625
1.3727
-1.33351
32.6979
-4.1815
0.134527
0.521916
0.151868
0.525056
2.89706
-7.76934
0.375502
-2.64842
-1.24071
1.45457
-0.107532
0.119809
-3.21055
0.44342
-0.350745
-0.990472
0.657263
0.348111
0.350101
0.325919
0.881005
-0.171524
-2.47218
-3.25751
-0.122934
-1.16668
-0.233629
-3.51792
0.883669
-5.90334
0.774643
4.01094
6.55251
-0.260493
-0.202133
3.21185
0.574549
1.42782
-1.16275
0.098324
0.128083
1.51443
0.466824
-0.772649
-0.944869
977.879
-4.20446
-9.90027
-0.00223997
0.968898
-1.60182
7.48784
-0.0829109
-1.69946
-1.59443
-1.15236
-0.533668
-0.644019
-1.63034
-4.43643
3.27021
0.305222
22.6489
0.568288
1.926
0.201546
0.865294
0.648408
0.650405
1.45813
-6.41704
-5.4846
-130.795
1.00011
-0.953333
2.04299
1.88642
-0.847795
3.44947
0.910773
2.96852
0.270368
-1.25384
-0.0134627
-1.86048
0.282404
-4.16173
-0.204797
0.340168
-1.98685
0.969295
1.47447
-40.7463
0.0531835
1.08793
-2.49376
-0.409567
0.969119
3.0409
2.35525
-0.404425
-0.630855
-0.136382
0.550312
-24.9035
5.93083
0.851787
2.66325
-27.7986
-0.581074
-3.69703
-0.138256
29.2903
-0.684596
4.03661
-0.535447
-0.222119
10.3513
-9.40987
7.28461
-0.760169
0.338535
2.07766
0.372544
-1.11865
-0.790194
1.1978
2.66756
-0.408339
-0.818762
-5.93658
0.492413
-1.70496
-1.13996
1.10375
-0.934174
1.138
0.426189
-0.885345
0.983235
-12.3318
0.931399
-3.19912
1.26944
0.587936
-21.3838
2.31457
20.5974
0.745997
-0.0839164
1.72289
-5.6872
-0.0135771
-0.475149
-8.08372
-0.277601
0.321755
2.3167
5.2232
14.721
0.0492121
-0.693415
0.472448
4.35574
-19.1968
0.439489
-0.963809
-0.813891
-0.57144
2.62295
0.172915
-0.68301
2.14648
-333.937
0.772562
0.722233
0.146578
-0.766198
-2.34873
0.167317
5.28814
3.50996
-0.537896
-0.460805
-9.06062
1.15615
-21.8748
-9.66892
3.88579
-2.14308
1.72693
-3.83211
0.102597
0.449177
-1.54834
0.378621
2.31022
0.351589
-0.0726969
1.66287
37.6002
0.872895
0.638758
0.299332
-3.15106
-5.24846
0.365265
-0.629445
-0.734426
-0.231844
0.266099
1.0202
28.2712
3.97482
1.14668
5.58392
2.14657
437.921
-1.27313
-0.879393
2.40918
-82.6372
2.88528
0.0882657
0.521394
0.802841
-9.61462
-0.235477
0.813244
0.184328
0.405672
-2.35558
3.5278
-9.94707
-1.96761
-21.1071
2.34315
-1.04265
0.961156
-0.871676
-0.342408
-1.28483
-0.389891
1.88543
-0.883967
-1.39108
2.33558
11.1516
4.65143
-2.03911
-3.40773
11.3513
6.88813
2.51806
0.46289
-0.963043
-1.95449
-0.288482
-0.636245
22.7988
-2.20801
-11.5087
1.49376
0.723163
0.463641
5.34972
1.67991
0.214726
4.44329
0.718611
0.549047
3.54653
-0.838159
3.03273
0.128159
-0.411985
-1.07094
-1.74506
1.74724
-0.203093
-0.191365
1.39761
-0.061318
0.874575
0.0687764
1.73743
0.658502
2.12909
-8.42686
-4.97914
0.212704
-2.83798
0.179565
-0.607583
0.278401
2.2122
-0.394389
-5.00605
-0.756087
0.124623
0.593226
34.1879
1.09615
0.584393
1.62764
-0.0498745
-2.52612
-1.08245
0.658356
1.2335
1.19333
-0.449436
0.553965
0.717019
0.22453
-0.156723
-3.92195
-0.350549
-2.0467
-0.25734
-0.0594956
-0.715916
-0.427369
0.45424
-0.313292
-0.287683
-0.0140844
40.4315
0.796262
-0.716411
0.0197475
0.285471
-3.36145
-7.96215
-4.96491
0.346481
0.67569
-27.7389
-0.192168
1.48284
0.303063
0.328377
-1.53668
-3.73517
-0.479628
1.89509
-1.05491
0.202204
0.799993
-0.631401
-0.208142
-3.53134
-16.3984
-0.990248
0.269373
-4.14674
-1.04198
-3.41499
1.85847
0.17249
10.422
0.738358
-35.1355
1.67245
-0.278697
-0.640647
7.56704
-0.483235
1.1755
0.201533
1.08433
-1.19096
-1.01425
0.00410181
-5.49135
0.879287
-1.26942
-7.24598
-0.638974
1.33879
0.547963
0.511728
0.161464
-3.38367
2.30086
-0.177052
-0.294066
0.503857
-0.053439
0.270834
-6.07364
-0.414688
2.34627
-0.668785
0.810545
0.648649
1.5884
-0.142316
-0.876078
0.233451
-4.80424
-3.81371
3.03773
-0.403526
-0.296095
-0.214261
-1.41908
-0.855659
-0.698184
-13.6604
-0.201857
-0.64634
45.0159
0.455501
3.8655
-0.0354787
0.277196
3.16315
2.08756
-2.48491
1.59586
6.07254
-2.26402
0.660757
-0.507189
17.3843
0.848032
1.11204
4.41737
0.846474
0.319719
2.91363
-1.73079
0.219436
-0.218127
-0.761374
0.0840034
-2.16965
3.16462
0.815362
-1.51465
-1.62518
0.253482
10.7019
-1.03161
-2.59496
-0.348207
0.819563
-4.83774
-1.00594
-1.0244
-0.329252
-1.02715
-0.921882
-0.195325
-0.0625502
6.45257
-11.0692
-4.07688
0.34966
1.16366
1.61394
0.529203
-0.152142
0.0138904
-1.81919
-27.8211
1.64355
0.430001
1.81537
6.0793
-0.821009
0.929343
0.900222
1.25186
-1.14774
0.731908
0.311691
-0.792948
-0.322693
0.606471
-1.02449
0.0658166
3.46225
1.40531
-0.326893
2.07556
0.90429
0.308273
-0.253999
1.8675
0.991093
-1.4714
0.884608
1.07144
0.0765523
1.03185
-2.15908
0.0181591
0.979857
1.88154
0.758324
10.4436
-0.401865
-1.54981
1.24234
0.0216091
-0.489053
0.194794
0.973569
0.366934
-0.369601
-0.465321
-10.1869
0.0382348
3.9128
-0.925891
-0.414975
-0.800652
-0.16324
0.543066
-0.518189
3.67266
0.602136
-0.182729
2.03239
-0.982719
-1.07484
-1.35204
0.849382
-3.44125
3.67253
-19.913
-1.6141
0.478625
-0.249655
11.9505
-1.23467
1.53197
1.00759
-0.366241
-0.74416
0.213062
-16.8239
-3.53286
-0.338704
0.269427
0.42382
1.16805
12.0757
-0.0529101
-0.0797302
9.3822
0.0621349
1.34101
0.568593
-1.10627
-0.109036
12.9079
2.76971
0.138316
0.715833
-0.620557
2.32759
-0.752818
-0.301473
-0.131875
6.22165
10.6243
0.190423
0.743966
5.9715
0.0886387
-3.13885
-4.45928
-3.83447
-0.00816001
-0.510078
-1.17152
0.344816
0.0565373
4.58386
-1.59034
-0.349042
0.568644
-3.76632
-1.2077
2.08025
2.31614
8.89401
1.0636
1.34425
-0.455743
-2.64873
1.12928
-5.6861
1.47107
-0.659275
-0.662197
-0.0846702
-4.19258
-1.05844
0.734736
2.48862
6.50043
0.777941
-0.261633
1.25026
-13.6774
3.60705
5.38778
3.17942
-0.505554
-0.28843
336.793
0.393543
4.61346
-1.92088
1.46517
-2.8012
0.15652
1.12403
-1.44451
-0.182676
-1.87534
2.72563
2.66573
-0.71309
-1.32125
-0.0485327
0.842576
0.167538
1.3306
16.2983
-10.1301
-1.88935
1.51186
-69.3631
-1.61245
-9.34011
3.28509
1.11737
0.599012
0.378257
-0.71066
0.558791
18.7924
0.0873636
3.72009
3.97998
1.19387
-1.16492
0.285556
-2.31153
1.08411
1.69995
-0.4477
4.00492
-2.7918
1.77397
1.0122
-0.184629
0.63724
0.322706
-7.28416
1.10465
-0.679069
1.03792
0.666858
0.992715
-0.656701
-18.3962
0.91787
0.930702
5.45171
2.82879
-0.867822
7.84512
4.42098
8.61427
0.458047
33.1806
-6.00336
-3.79139
1.86027
-2.88153
0.360371
-1.00139
-1.45562
1.01771
1.27009
-4.59631
2.32034
0.575151
2.05002
1.07108
-0.949264
-1.58418
0.721916
7.53538
0.0791248
-0.72791
-0.0653918
-1.22536
-1.06639
1.15753
0.135509
-0.18751
-1.53375
-1.4379
-0.320043
0.972498
4.74509
-0.460789
-1.04035
-0.325845
-1.01102
-0.0601282
0.154633
1.72893
0.0473618
-2.42906
0.507749
-1.51032
-0.396214
-1.14718
-0.11525
-0.461168
0.204926
94.3761
-0.420481
-2.94012
1.48134
1.69146
0.836788
5.0993
-0.514373
-1.753
1.33252
-0.220799
-0.908833
-5.09357
0.583138
-0.133292
-0.60115
1.56841
-0.493801
0.379763
0.855691
-0.901867
0.297604
-1.48045
-1.41867
-3.49166
33.1721
-15.8909
-0.273297
1.90279
-11.9212
-1.21414
-0.447192
-0.947824
0.132536
-0.595318
2.34785
5.74244
0.256465
-4.69495
0.416958
1.81021
0.399478
-0.336507
-1.42953
0.1013
-2.16303
1.27827
-0.195904
-4.32709
-1.19228
0.192159
0.127447
0.239041
-0.31601
-2.78793
1.41909
11.8901
-0.542216
-64.4348
-0.816768
-2.60163
0.370203
-0.0670025
6.09585
1.61696
5.07538
0.0975383
-2.48655
1.13224
0.85878
-18.4758
0.319113
-1.31328
2.53747
25.7149
-3.27186
-0.611996
0.312565
1.8595
0.947288
-1.70353
-3.77037
-0.748037
-0.0288082
0.40224
-0.684882
1.44248
2.89097
-1.25278
-1.71756
0.739932
-1.08688
-0.4821
-1.4664
0.246598
7.08704
1.54034
-0.65938
-0.632206
-4.21233
0.226664
0.0583014
-0.948294
-14.0617
-1.89842
-0.821953
0.97324
0.578887
0.330439
-1.18622
1.21365
0.389864
1.40196
-0.776907
15.3929
0.188677
-0.43806
-1.46161
-0.129073
0.0693321
-0.903479
-0.459128
0.461324
0.112932
2.00774
-5.01405
0.310802
-0.49556
5.52995
-0.505041
1.27891
0.451972
0.406651
0.454454
2.71117
2.77232
-3.17285
-0.976906
-2.15764
-0.0122625
1.29082
2.00306
-2.91774
-2.75958
-0.158304
0.125125
-0.59379
1.82474
-0.793771
-0.0571053
0.374626
0.403216
-2.97935
-0.751593
-1.89585
-1.71179
3.77777
20.8825
-12.4245
-1.55939
-0.129964
0.702022
1.06387
0.394555
-3.02673
-0.714849
-0.208878
1.46398
-2.27355
2.89085
1.00112
-1.73241
11.3288
0.940948
2.42723
-0.0185175
-8.16301
2.35017
-0.554104
0.0396079
-1.96157
-3.40063
0.204329
-3.6834
-0.23395
0.14239
-5.20512
0.651163
-16.1665
5.92258
-0.803004
-0.0227758
0.966892
15.4816
-1.25898
-0.75455
-0.554031
3.88771
-25.4661
1.51337
2.21227
-20.9678
-0.300504
0.522284
1.12093
10.1879
-0.415431
-0.265012
1.66705
0.0927906
-0.202127
1.47742
1.20785
17.8974
-0.691736
0.458246
2.0093
0.266479
-3.03953
3.82135
-0.512876
4.97331
6.46469
-0.8779
-2.63816
0.625523
0.905281
2.21339
6.30444
173.689
-28.3654
-0.0690912
0.161419
-1.69635
-0.989203
4.51726
0.387427
2.12573
-0.141156
0.461425
-0.983421
0.746632
-1.00507
-0.524489
0.989134
-0.198424
0.35254
3.01544
-0.291445
0.73189
1.35814
0.0699274
1.35717
0.708055
-0.340881
2.46136
-2.58752
-0.768819
-0.602377
2.21041
-0.937253
25.1393
-0.0400101
-0.0538666
0.412945
0.595681
0.713647
-0.302575
0.861813
0.93109
-1.14486
0.521523
-0.123084
0.276265
-3.58561
1.8887
-6.26461
1.87204
1.52952
-0.459835
-3.47109
2.80396
-0.296264
-0.371274
0.437655
-0.59605
-1.07597
-0.744821
2.33104
-0.762792
-2.20303
-5.18376
-0.184027
13.4757
0.695307
-0.21304
0.0246429
1.52413
-0.571999
2.71736
16.5683
-1.9544
1.57327
0.083192
-1.61639
-0.71222
16.4945
-2.71314
1.68519
0.667608
-0.191008
-3.30298
0.683251
1.03206
9.74108
-2.85816
-1.57358
0.465592
-0.046382
3.71318
0.9394
0.512157
4.95084
-90.863
11.5119
3.7321
-0.764418
-0.630632
0.0078459
176.253
1.13867
-0.817206
0.482817
0.857155
-1.58447
-0.924255
1.1483
0.653631
-1.003
-1.68983
-0.341353
-1.58175
5.41477
-1.27165
-0.0887008
-0.225717
-0.40365
0.886692
0.336281
-26.7825
-2.5882
0.126432
0.457824
0.590577
0.170656
0.9013
-1.05598
-1.90909
0.36328
0.0692248
-3.76433
-77.5308
-1.79707
2.40144
-7.46104
0.032603
-1.90295
1.28472
-1.63652
1.50377
-1.39799
-41.0408
2.81844
0.492777
0.584492
1.31855
-1.25077
2.29387
-0.674615
-0.947277
0.665456
0.453888
1.55347
-1.31092
4.50849
-2.14774
-1.33118
-2.05856
4.44767
23.0867
0.194767
1.08842
-0.821306
0.267719
0.543191
-0.00637533
0.792398
-1.005
-0.069093
-2.96904
1.74704
-0.264331
1.46613
1.34561
1.00766
-3.16663
1.10794
-0.345435
0.909146
-0.560379
0.251135
-0.0114967
-0.108333
0.162735
4.6719
3.86064
0.89773
-0.160697
-0.781945
-1.18867
-1.02834
0.776719
0.573803
-0.577194
-0.599621
1.8459
-2.60011
-0.747894
7.99365
-0.486794
4.96216
-0.928213
-0.217742
-14.7265
-0.453055
3.74334
-0.0684961
-1.70889
-0.964352
0.340337
-0.640259
-4.7788
-0.07181
-1.31671
27.9499
-3.44244
-0.0880415
2.09031
0.665811
-0.561204
0.0358588
-1.77208
-3.59595
2.89673
-1.86926
-1.43146
-0.0186446
-0.195667
0.0779249
-0.604597
-1.36575
3.38618
1.55346
2.3249
-1.76898
0.353919
-0.540485
-0.237463
1.66416
0.251643
3.10214
0.0514406
2.48234
0.703622
-0.232733
-4.03496
-19.9101
-0.532008
-0.223255
0.631451
-3.12564
-1.89348
0.618438
0.783195
1.09038
-0.400444
-0.890743
0.0247986
0.0861041
0.13391
-0.408557
-1.31569
2.11786
1.07289
7.11726
-1.78948
-0.110563
-8.44072
31.5902
5.72833
-0.197087
-1.56674
-2.08992
1.40267
2.68686
-1.20554
-0.780595
0.72371
0.0232927
0.273342
0.0151429
1.75132
0.829335
-1.29336
-0.37678
5.33828
10.937
-3.60692
0.635857
0.427718
5.68913
-0.447268
0.740298
-0.224859
-6.46575
-0.487395
-0.00354683
-0.836042
0.263215
-1.9079
-1.19522
-1.34528
1.04645
-0.0274885
-0.117326
-2.61619
-0.249115
0.202154
-0.188542
0.277514
1.66076
-0.700094
-2.84308
1.06752
-2.97873
-1.85182
-9.17725
-222.157
-0.12723
-0.0428956
0.148784
-0.601093
-2.87436
0.473598
-0.0416397
0.448511
26.7453
2.48623
6.63468
1.43884
7.22122
0.0652301
1.8058
62.0909
-0.273573
0.80481
1.45263
0.472762
-0.703425
-0.0240085
-2.38068
0.033466
1.36922
-0.818239
-2.1294
-4.25606
-4.14821
-4.45272
-1.43225
7.72265
-0.302543
-0.72116
-1.2891
-0.224677
0.499635
-6.28817
-11.2816
0.721201
-1.0668
-1.39343
-0.51204
-18.0392
-1.3276
0.700259
0.298201
-0.112523
0.781622
0.429674
2.40017
2.75152
-0.829819
-0.173069
1.78159
-0.206095
-2.79793
3.85997
-2.64369
3.73985
-0.363589
-0.363093
-10.2596
-0.24287
-0.810697
0.137177
-0.649163
3.84562
-0.806759
-0.357555
0.319749
-0.964678
-0.0751935
0.164291
-2.03033
-0.602003
-0.60088
20.1251
86.9871
2.3732
1.12
-0.24421
-1.25433
-0.0361064
1.967
11.9706
-0.385748
-0.646658
-6.06499
-0.544268
-0.428759
-0.0607144
-2.42838
1.30531
402.657
8.46914
1.42283
1.13866
0.383253
0.100491
2.27098
0.772044
2.21886
0.152364
-129.766
-0.740756
-3.05155
-0.251212
0.641862
-0.250724
-0.311152
-5.29946
0.0454436
-0.228021
2.57974
6.19607
-1.15019
-0.323462
-0.963595
-1.16664
-9.6069
-42.0613
1.0092
-0.549595
6.27787
-7.69698
-1.09268
-0.289763
0.508861
-2.31666
9.25254
-0.132876
5.92359
0.491563
-0.219606
-0.705667
-4.25139
7.87402
3.56559
-3.04677
-0.276
0.427266
0.180342
-3.92864
-6.15569
-1.53939
1.59594
-2.49659
-0.669924
0.439153
0.519186
-0.456382
8.35505
0.0539662
-0.00872302
-1.9347
1.32753
1.60591
0.433756
-0.0777864
0.21155
0.723881
-0.626353
-4.54767
0.118857
0.348819
5.07766
3.21462
25.683
-0.576233
0.482943
-2.62368
-1.91708
1.22141
1.05394
-19.0929
0.183948
0.295253
-2.18606
-2.10872
-1.38456
6.05194
-0.94261
0.662577
0.338506
0.987831
-1.68365
-9.64635
-19.7409
-1.7064
-1.45723
0.691385
-0.166713
-2.85882
1.20993
-0.442404
2.54937
8.06183
-0.588791
6.63789
-0.199335
0.422251
-0.63205
0.548263
0.842484
1.74707
0.534777
2.8928
0.645521
0.104205
5.92356
1.8711
-0.804309
22.679
0.083504
-1.69582
-0.645509
4.04175
2.77716
0.323207
-0.367757
4.93844
-2.47872
-1.28763
7.01495
0.00861953
2.98796
-597.277
0.268435
3.65746
-2.48778
-25.2685
2.22805
-0.507172
-3.72529
2.45342
0.441548
-1.42162
-1.99354
0.874318
-1.75167
-3.33932
-4.15941
-0.50727
0.348216
1.40214
-2.52924
-0.877704
-1.16359
0.991435
-0.243485
1.20026
-0.313333
1.23814
1.28884
-1.76438
1.4702
-0.693754
3.73989
0.699103
2.74988
-0.530011
0.592185
0.180847
-1.23766
-3.52249
-0.527558
-0.358052
0.605346
1.94373
1.26941
1.08583
0.96605
-0.152671
-0.833053
-4.00241
-0.963002
2.01775
0.516519
-0.486714
0.523268
-0.493836
-0.0609518
0.749112
0.0106511
0.457372
-4.12873
-2.09678
1.66224
9.09529
0.330462
-21.615
0.652808
0.505827
-0.901895
-1.42023
-0.698313
0.00125944
0.18169
-0.0916915
0.774145
6.20963
-2.22252
-1.50703
0.826733
-3.05732
-0.143287
-1.21647
-9.45936
0.911778
0.365739
0.985012
-1.49915
2.86399
-0.865985
0.346919
0.688948
1.23868
-0.309259
-4.62705
-1.58855
2.03196
2.19927
-0.986847
-1.75339
0.76118
-1.92722
5.54893
22.4678
-1.46025
-0.183304
-1.30274
0.699524
4.75753
-0.338479
0.686788
-0.356592
-0.185796
-5.04433
5.42895
2.33749
-0.0489978
1.20795
-3.88865
3.54988
-6.94167
-3.2986
1.57328
1.245
0.197356
3.9883
-0.718243
-0.317397
-0.238928
-1.23187
-2.0745
-1.93882
0.281882
-0.285768
0.726166
-0.875392
-0.324481
-0.417734
-0.342947
-37.7215
0.274457
-0.80336
-0.0440376
0.758622
-0.0217801
-0.115727
-2.42771
-1.32824
-0.722331
0.0648003
-1.42253
2.26975
-1.01573
0.916079
-0.772196
-26.1474
-0.237795
-1.90857
0.70483
0.359382
-0.224819
-0.215504
-2.07345
-0.43188
0.168588
0.500986
-0.15364
1.2554
-18.6396
1.18833
1.8964
-0.296734
0.217877
-0.664834
-0.799871
0.279614
0.720352
2.60894
1.07044
4.38009
-1.36418
0.145172
0.135183
0.54037
-0.54748
-0.606505
-3.2507
0.040255
0.26494
1.14335
1.99184
-4.09376
0.42941
0.57752
-0.61434
-0.0238389
1.78213
0.200025
2.07955
-5.91659
4.22414
6.55395
8.61963
0.69834
0.426862
31.9715
1.31886
-1.22522
-1.28754
-0.600453
-6.94845
-1.38398
-2.20858
0.0622451
7.32573
-11.0343
0.919608
-8.62445
0.649849
8.5215
-2.95611
-0.312664
0.177108
-2.70529
-0.375844
3.75776
-2.47917
-12.2257
0.0476787
0.0734058
0.293431
-0.4034
-0.718798
1.5291
0.207621
-0.603256
3.47574
-1.07223
-0.325807
-8.85913
0.00376532
0.666533
3.40263
0.702979
2.19998
-1.17792
0.419576
-0.647329
0.425222
-0.873448
0.565924
-0.407813
11.6584
0.665526
-0.778233
-0.064342
2.06159
-13.3245
0.20753
1527.17
6.58864
0.792293
-2.06262
0.030808
0.758279
1.02174
1.03637
-1.04748
0.223539
0.0936073
-1.79468
-2.42025
0.403523
-0.169624
0.699227
1.89901
0.844613
0.0307271
-0.473405
-0.322402
-120.805
4.46496
0.337382
0.0630812
1.70459
-0.52705
-0.242425
-0.113603
-13.3414
-3.41791
0.0378136
-2.21821
-0.0512781
668.654
1.17905
1.98271
-2.44776
2.86171
-0.294947
-1.16706
-5.95606
1.47025
0.78004
-0.593953
1.05188
-3.02681
-0.509102
-0.544257
-0.644777
-9.40863
1.79021
-0.560943
0.0591026
0.0554122
0.219211
-0.389805
8.86974
0.884644
-1.31995
0.631279
-19.4218
2.65326
-2.99014
5.92736
0.324123
-1.88727
-0.00227835
-0.79815
-0.942677
-1.25013
14.2766
-8.60528
3.83697
-2.31197
0.848534
-0.379626
1.24254
-44.1488
-1.79681
3.86158
-0.893817
-1.2572
-0.818915
2.04214
2.75084
-2.36769
-2.98057
0.469405
-0.53582
0.677155
1.36927
3.39723
10.3056
-2.78993
-6.18855
-16.6677
7.02671
1.16832
-0.429912
-0.0659189
7.03187
1.75433
13.2497
0.163317
47.7285
-8.32415
-15.0584
4.72246
0.790732
-0.904948
-0.348991
0.00759976
2.34417
12.7371
0.825478
-0.0978107
-5.53404
-1.21574
-0.0241362
-0.363236
-0.350815
-4.65123
0.927746
1.41351
-2.49063
0.0944584
-2.77351
2.00488
-4.5578
-0.409843
0.00643061
-0.192597
0.577931
3.02073
-3.13287
0.798283
-3.00628
-0.972103
1.48697
-0.239992
-0.0575162
-1.91456
2.80321
-0.166825
0.921995
-0.062999
0.960957
-6.63305
0.70302
-4.63946
2.69242
-0.450573
-0.738762
-1.18195
1.72059
-0.277716
-1.73362
-0.659178
0.585012
3.19347
-0.186265
0.430954
-2.15676
-1.57588
-0.829501
-0.234281
4.90972
0.0527799
-2.25703
2.25457
1.48413
-8.15453
1.23115
0.0460976
-1.26937
1.73775
-2.65914
1.37949
0.878923
0.340489
-0.323176
0.953755
-0.137973
-0.0103792
0.34016
-0.68763
2.03908
-0.688938
-0.0434629
0.175016
-0.291291
-1.24129
-7.12501
1.97672
-8.28513
0.536704
-0.493705
-5.37577
-0.356097
2.85435
12.6682
-1.73962
0.594801
-0.603854
-1.66824
-4.77859
0.213637
-0.335178
1.04957
-0.855418
-1.28724
0.83944
-4.9802
-2.15887
13.4548
-3.07615
0.0857361
-1.58624
0.938211
-0.786839
2.15771
-1.51817
2.79118
-0.924489
-0.87258
6.96726
-0.997712
0.0969777
3.78852
-15.6927
0.267541
-27.9103
-0.374713
-6.01638
-17.3388
1.21766
1.5996
0.368639
1.19767
0.283385
0.784693
17.0173
-3.09485
0.722547
-1.58113
39.3098
73.1466
-3.62628
0.199972
0.0841677
-1.62177
0.546686
-0.291642
-2.10461
-8.28168
0.061831
-0.0287218
5.05576
-0.324006
0.67167
4.35699
-6.44977
6.70125
-0.534926
-2.59678
-4.52453
-4.03138
-0.666071
11.4571
-1.48814
0.782707
-2.53172
-0.188612
-0.45381
0.987529
-1.29959
2.38032
-5.08933
-0.192779
-0.331183
0.932348
1.29721
-4.46376
-0.122737
3.29067
-3.71252
-0.998486
-1.54015
2.66177
-1.0813
-0.30977
-1.3071
-1.24586
-17.0894
-1.95267
-0.556659
1.47526
-1.218
0.162172
-0.447164
-1.88791
-3.09927
-1.13394
-0.81471
-4.92655
-1.40867
-0.168521
0.890164
3.11981
8.22958
1.00347
-1.05945
2.33808
-0.062883
-0.520612
-0.0783792
-3.7478
-1.50033
0.0729927
4.29548
0.0997503
1.04462
-11.4872
-0.544368
-5.69646
0.0374086
-2.20327
-1.71751
0.40967
-8.35899
5.17752
-0.1091
-0.395582
-0.0168831
-0.544399
-1.73138
0.265011
-10.6088
-4.09275
-4.77766
-0.282297
-0.487039
3.03351
-2.49661
-6.9628
0.00857053
-1.21006
0.246744
-24.8617
0.391861
1.95875
0.673785
0.988158
-0.29319
0.123202
12.1132
-0.613234
-0.806949
-0.667906
0.410851
3.60032
6.75404
0.699122
-1.81885
14.1063
0.11916
-5.92968
-0.7278
-13.625
0.0839271
1.48793
-0.0498338
-0.728208
-1.33506
-2.00219
0.181601
1.63726
0.847378
0.0254644
2.24928
-1.02997
0.320789
-6.63628
-3.38894
-2.12433
1.87257
2.92827
0.0119856
-0.285457
0.846729
-8.09907
-11.8833
-17.9994
0.485156
0.269522
-1.35913
4.7081
-2.10933
-0.879552
-1.32249
-0.146648
1.27034
-0.0698262
1.01495
-1.76297
-0.87498
-12.3316
-11.3382
-0.265157
0.584784
-0.103787
1.13275
-4.10213
8.66415
0.709434
-0.515986
1.48409
-0.340743
0.578961
0.0802185
-1.50379
2.52612
0.618515
1.1361
-0.361878
-0.251835
35.8964
-1.5643
-1.78727
0.303398
-10.7264
-0.849134
-1.82091
-0.145937
0.693663
0.152294
-3.92104
0.0891096
-2.94433
-1.40126
-2.99989
0.291386
0.925972
9.0032
-5.52167
0.516538
-1.87248
-1.70637
1.12068
-0.250403
-85.9637
-0.217595
4.75452
-19.3959
-0.872418
-2.38322
-0.194715
1.19134
-1.71728
-0.493647
-0.36829
0.125648
-2.30691
-0.755631
-1.17463
-0.325479
-0.563108
5.64665
-0.734058
-1.22808
0.596618
0.737704
-1.74762
-3.10217
16.3677
6.281
116.583
0.267341
1.39999
0.00328161
-1.45752
-0.561667
0.182097
35.5319
-1.65479
4.96111
-0.826223
1.49414
0.25464
0.00014777
0.881308
1.08342
-1.84304
-0.0440099
-0.295776
-1.52867
-3.08147
0.0330363
-8.49742
0.218913
5.04056
2.10357
-0.218024
0.339281
0.719737
0.567927
0.679781
1.60365
-0.685109
2.10006
-0.178102
2.08778
-1.4937
-2.16563
-2.40674
1.57703
1.1121
0.98227
1.54895
4.75604
-1.03315
0.31399
-0.165909
-0.843921
2.55105
-7.58405
-0.185319
0.846373
0.260913
17.7293
-2.04887
-0.876985
0.859485
0.463375
-0.826188
-4.36186
-2.08963
0.0958299
-0.266408
-2.0131
0.0687506
-1.05829
-0.418504
1.06697
-0.105206
-0.231413
0.310383
1.2497
4.16952
0.794374
1.40315
-1.39253
1.80979
-0.82319
2.43018
1.48436
0.430939
0.35642
2.49959
-3.48861
-1.6525
5.04393
-13.603
0.216989
-3.09484
2.53124
-3.88598
-3.08689
0.398096
-0.226685
-7.07452
4.24451
0.467377
5.5071
0.361262
-0.841728
1.09002
0.639655
-2.03227
1.13832
0.829496
0.707503
-10.9503
0.395032
1.68606
-0.958467
0.780332
-0.359318
-1.05696
9.60297
-1.06298
0.275631
5.02542
-0.82837
-0.131184
1.01961
-10.2479
12.1031
0.628128
0.157977
-0.127487
-0.889599
-2.03012
0.428904
0.178881
0.101555
-0.839763
-0.960779
-7.68468
2.17858
-0.0855114
4.13678
5.50579
-1.73242
9.24763
0.510441
4.6625
5.73697
-0.0687222
0.150232
-0.427976
-1.12696
0.346454
-0.917031
2.53444
11.992
-0.529684
3.31299
0.233534
0.00443718
-30.6863
-0.747336
-0.962617
-0.337705
-0.10388
-8.42307
-2.77215
2.20446
0.166495
-0.32216
0.0529251
-0.832798
-0.2222
-2.30489
-1.06487
18.3345
4.0041
-0.0535929
1.51045
1.266
13.0632
0.0201447
-0.560561
0.941217
-1.20004
1.87499
0.800754
0.292577
-0.358148
1.25698
0.344363
7.93908
-2.47822
1.07753
0.309955
0.0717238
-0.384096
-94.7157
-2.51362
-10.3666
-1.54798
-782.52
-14.0778
0.102848
3.45922
0.00313894
-0.625201
0.426916
-1.16694
-1.46895
2.20336
2.29939
0.63712
1.40525
0.335996
0.813002
-0.172971
1.50739
1.1849
0.506976
0.16569
-0.696241
3.36773
-0.224509
-0.162338
1.7387
0.494803
0.331458
4.04837
-0.259384
-1.09093
-1.8678
3.876
-1.0017
-3.04835
-6.26259
2.56158
0.157902
1.43505
5.8343
-1.63524
0.249813
0.303772
-0.0420502
2.80016
0.459419
0.74606
-1.74783
-0.528488
6.03753
6.22535
1.87845
-0.622173
0.0320268
0.698939
-5.34101
-0.0559663
-0.152349
-0.00542605
-0.385485
7.64012
3.13358
-128.51
-0.130643
0.377236
-2.02268
-0.380996
-1.69686
-0.0552139
0.812668
-0.535164
1.29083
-1.88516
-0.322576
-0.852689
1.80191
13.7391
-0.390222
0.201015
253.083
1.74052
-1.28088
1.07134
17.4493
4.07445
0.802452
-0.751456
-1.29903
3.57011
2.7721
0.20853
-55.1745
0.283698
18.0631
1.68208
-0.784783
-1.38257
-0.12999
0.373536
2.13974
-7.9312
-1.19507
0.1691
10.3927
7.32592
2.24255
-1.44968
-3.31922
1.31461
-0.950864
-0.87502
1.2335
0.518384
3.83006
-2.27046
-0.951578
-0.111475
0.0522305
-7.09889
-0.948072
-1.51038
-0.42936
-1.93418
1.98415
-0.661884
-0.726766
0.46803
3.00424
-0.661573
1.94272
0.225797
1.09386
-12.8981
0.851261
-1.8795
-29.2108
1.75778
-0.203144
2.15647
1.34721
-2.04297
-0.235814
0.131942
0.222044
-6.98551
0.667696
-1.04977
0.870801
-0.118025
1.6855
1.97431
-5.1387
-0.35749
5.75275
4.84518
2.50006
0.885507
0.011937
6.30616
5.0298
-0.790467
0.54394
-4.00213
-0.104397
-0.6019
-1.04326
-0.161328
1.21716
5.81029
-1.84227
1.75909
-5.57032
-1.53694
-2.5897
-3.85714
-0.819938
1.15579
0.296063
2.02229
2.49418
-0.526305
-0.393187
1.93189
8.50977
-2.43196
0.85292
-0.955571
0.0537126
-0.638373
1.01834
-1.47536
0.906393
-0.693827
-0.0883517
-20.4764
0.2768
0.903526
0.114359
0.365923
3.46287
1.47293
-13.2813
-1.82681
1.41639
-0.0124911
1.6802
3.73524
-1.22402
-2.32442
-5.30679
0.884623
-1.77249
-0.754062
-0.603272
0.409031
0.98552
4.66201
1.75468
0.585983
-9.44158
1.75203
-0.6437
0.468578
-0.299952
0.0157015
0.847977
3.33972
-0.84478
4.46386
-0.158504
0.992781
0.591868
0.591372
-0.977527
4.3699
0.847456
0.163924
-1.19637
-0.0888339
6.85159
0.911979
-1.80108
-0.80295
7.6454
0.31701
-0.76949
-1.88821
1.27191
-0.923999
-0.235182
-2.10396
-0.179151
-0.490496
0.930675
1.63248
0.187322
-1.60412
-0.891804
1.71675
-0.235879
1.91088
-1.36377
0.177219
-261.668
2.03727
0.246789
-6.91663
0.812366
-0.497743
0.483356
0.255732
1.33343
0.953356
3.82527
-11.2164
-2.26327
0.966494
-0.259116
0.443682
-1.61234
-3.70423
-5.35501
-0.152525
-0.631622
-0.701654
0.426683
0.381317
-0.172668
3.12427
0.382747
0.939809
1.88339
-0.211633
1.39275
-1.00907
-2.09776
4.34712
0.28223
2.41712
3.29449
-2.8938
-0.290056
0.301183
-0.544083
-0.236304
-0.988375
-4.3805
0.552457
0.80429
-1.05108
1.56447
28.8642
-1.44778
4.78814
1.97052
1.17854
0.589603
-4.76038
2.51883
0.952063
12.5072
-0.693667
0.243442
0.581389
-1.24057
1.66084
-2.01414
1.12732
0.523143
-0.952747
-0.146093
1.3074
-1.61983
-0.252177
-90.4781
-0.557643
123.151
-0.00274854
0.480628
2.13331
-0.622132
-1.14332
-9.11815
-2.1633
1.0298
-0.272673
-1.88893
-1.01542
0.657034
-0.883569
1.23442
3.72345
-6.49095
-1.45215
1.15446
1.59712
1.64602
-0.399268
-4.17573
-0.427926
1.90326
-1.40822
0.610099
-1.51985
1.153
5.54013
0.524972
-5.64119
5.9697
2.74857
-6.55049
2.04759
1.00654
-9.9061
-1.02192
0.0880506
-1.7968
0.372739
3.50609
-0.854465
-0.0171284
2.03025
-3.30563
6.91379
0.60378
-1.99967
4.84371
10.7977
-0.481091
0.575552
-0.915156
0.427996
-0.112073
-8.85321
0.37341
1.89262
0.350862
-11.2283
-2.80761
0.156936
0.356013
2.03966
0.685794
-1.15399
-1.74772
-2.68397
-0.640736
2.26694
0.216392
-0.800413
-0.18063
0.510986
0.166266
0.0849993
18.741
-2.01253
1.6898
16.9117
-2.54576
-5.98951
-0.100728
0.533229
2.71219
-1.34127
-0.227196
1.11536
-2.52227
-5.72708
27.92
-0.201652
557.65
-2.45528
-0.48456
-4.06508
-1.04654
0.121415
0.436345
6.86229
-0.267589
-0.19628
0.300763
-0.248615
0.636925
0.00081589
-7.48031
0.709372
-0.690089
2.63539
21.2819
0.0883371
2.45959
-0.147591
0.510375
-0.941824
-0.503756
0.292474
-1.34417
-0.494302
3.94328
5.29444
1.5453
0.65722
-0.553641
-1.83554
-0.0819487
0.457534
0.449159
-1.21367
2.05449
-5.79153
1.17653
-65.8532
97.9343
-0.870049
1.19489
0.383616
-1.60577
1.22866
-0.747129
0.102214
2.27436
1.07916
-0.828051
-0.0709537
12.7707
0.364367
-0.561176
-0.704749
0.695132
2.31787
-0.247221
-2.2168
3.8446
-2.94346
0.33239
1.82731
-0.146927
1.83827
0.372448
-96.7279
-1.53629
-2.59961
0.769151
0.372038
-0.228269
0.785037
2.68866
1.98033
-2.88555
0.485618
-0.921603
0.829734
0.859443
7.28447
3.27118
0.334784
1.23392
5.08476
-3.98101
0.875954
-0.556737
-2.8131
-99.9759
-0.105416
-1.17877
2.39395
-0.56086
-0.525673
-0.14438
-10.7475
0.775118
-2.74077
-1.08739
-12.0762
-3.82407
-0.0738632
-1.68726
2.69682
-2.09699
3.80333
-0.0636225
-0.995406
-6.71242
-0.412031
-1.19064
-1.21346
0.855878
2.67919
1.02349
-0.0582214
2.0711
15.0901
-0.155124
-0.308742
0.503022
-0.137034
-1.76539
-0.466391
0.0791221
0.38303
-1.37832
-0.399427
-14.0569
-0.91223
0.392367
-50.2551
-1.03323
0.379894
-0.965493
0.462765
1.03642
-0.0984352
1.2783
3.04671
0.262244
-0.891314
1.47293
-1.6478
-1.44929
-0.692521
-0.236159
1.27712
0.919602
-0.347837
1.60798
0.275421
-0.390199
-0.756373
2.9455
-1.59202
4.83324
-0.0830763
-86.2062
0.40893
-0.285098
0.256235
0.272183
1.10471
0.122145
-0.299452
-1.28233
12.8005
5.50992
4.42441
0.439776
-4.2915
2.92845
-1.42886
0.257018
-0.391698
0.443837
0.672298
-1.09307
-0.423354
0.250029
-4.14232
-0.069222
0.322265
-4.84999
46.811
-1.36162
-2.72584
-0.0520009
-1.54558
-0.616003
0.274643
4.44939
-0.78918
-4.9395
-0.744031
0.21056
0.224807
2.64557
-4.58092
-0.0852194
0.763377
-0.0843109
2.05158
0.547467
446.38
1.16874
-11.5685
1.56556
10.4536
0.217253
2.2904
-10.3628
0.838283
0.515154
-0.470604
-41.6177
2.32488
-0.370922
-2.67293
-3.03061
0.134716
-0.311702
1.38159
-23.1045
-0.787133
0.689514
178.132
0.252323
0.343581
-4.25626
-1.8556
-0.0422335
-0.120409
-0.177011
-10.1161
-0.968205
-0.558373
-0.00845415
4.50114
0.415094
1.74304
-0.254416
-0.326517
0.604519
0.384802
11.3117
-1.30348
-9.57766
5.41857
-1.25833
-0.336724
-0.898708
0.125829
-0.763722
-0.979436
-1.14113
1.03424
2.11854
-0.444383
-0.0742721
-0.407249
0.214369
0.0866992
1.65973
-2.90676
1.25092
-0.0527476
48.6016
0.108724
3.97825
1.21519
64.37
-1.97847
-1.91492
-4.30296
-0.90526
-0.0792185
-0.365025
-1.09042
-3.17105
2.68
0.634773
0.856405
-0.348135
-0.00794206
4.22857
-2.34421
0.708895
-0.172975
-1.10749
1.71009
-0.0719606
-0.19884
1.10276
1.76893
-0.116
10.178
-0.37585
-1.52269
0.974161
0.158093
-0.755448
3.18113
0.26951
0.531097
-0.143937
0.715298
5.04525
-0.705612
-2.24412
5.21894
0.324574
-0.2313
-3.00084
0.142504
-0.698591
-2.6212
2.93848
3.21524
-0.936513
-0.0150078
-0.310644
-1.54473
-0.713859
-0.445584
-2.07836
2.46179
-0.556005
0.731738
-9.05734
0.313185
0.0104002
-0.849554
-0.630177
0.936867
-0.881688
1.72568
0.436659
-3.97022
0.887662
-6.68602
-18.784
-0.748718
3.49683
1.20048
-23.0517
0.697777
1.45797
1.39457
-0.279764
0.915562
-0.965864
17.109
-4.22988
0.503149
-0.623754
-0.398796
1.68111
-1.63626
0.363463
0.97569
-0.542839
3.21332
2.39584
-0.526486
-0.112828
-2.82321
0.404717
0.976452
-0.628635
0.435004
-2.33344
0.727502
-4.30091
-1.74763
-1.68899
0.621462
1.31221
0.218385
0.00772019
-1.66945
167.786
-3.20947
0.580398
-0.288713
-1.29652
-3.23435
1.50945
-0.543755
1.58625
-7.63289
-0.53538
0.751512
-0.303579
1.15811
-0.214561
1.53777
0.186981
-1.02954
-3.09039
-0.108025
2.0268
4.29861
-0.325151
-8.44086
0.983948
-3.03906
0.299495
-1.79796
-1.77924
0.996119
-36.8114
3.43237
4.83862
-0.473234
6.19859
-0.743604
-0.0727486
-2.97018
-0.298245
-0.296822
1.49485
-0.929432
-1.23908
-0.306149
0.524058
-0.0990912
5.99979
5.93311
-1.00016
0.625874
-0.108926
-1.00459
5.76008
-4.34398
1.43049
-0.397159
-2.18292
-0.950066
36.0654
-0.41687
-1.68273
-0.223877
0.404076
-0.358048
-0.779963
0.588494
-2.01705
8.99653
5.95155
-3.42642
-1.45488
-0.263372
0.339396
-2.33803
0.0911879
1.56362
-0.0966202
-1.28279
-1.4075
1.68434
-0.416709
-0.671975
7.97896
-0.646165
1.24734
-0.164138
0.216763
0.363793
0.0359411
4.29999
3.09044
0.453509
-2.05505
1.21927
0.644972
3.18614
0.0497166
0.862029
-0.308463
0.477184
0.258244
-0.629399
1.50143
1.46538
-0.155515
0.696586
-1.11687
-2.84888
1.90486
-1.32181
-2.32884
0.70982
2.85633
-0.607967
0.530794
23.1004
-4.04038
-1.643
-1.61913
22.5669
3.85889
-2.69115
-0.453133
-1.48106
-143.466
1.75566
-0.870615
-0.706159
-0.955808
9.37998
2.92282
0.910195
-0.321138
-0.736503
-0.960538
-139.008
-1.03886
0.366657
0.605669
-2.59478
2.19109
-0.850507
0.662755
0.0631443
1.49456
2.65999
-8.11225
3.7253
2.47324
0.548917
3.84887
16.7141
0.69767
-0.58654
1.3975
8.18297
0.916835
-76.0122
107.176
0.463029
-2.82245
0.305588
0.614746
-5.05329
-0.914798
-2.77468
-5.79675
-5.2581
-2.63129
0.52441
-1.43227
0.518228
4.0226
0.515562
9.14095
2.68244
1.25681
-0.13762
0.715682
6.59916
-1.48498
-0.0748091
-0.853695
-0.758565
-0.605159
-2.14077
-0.0150287
-1.38872
1.03541
2.42738
-1.37836
0.942203
0.843814
2.76534
50.1035
0.655198
0.817008
-0.46864
-0.398656
0.812214
2.27468
-0.83169
0.101849
-0.43835
0.936537
-1.28513
2.70291
-0.193593
0.698111
1.50976
0.979691
-1.68472
-0.16534
0.602455
-0.235918
-0.20403
0.0341738
0.457243
-0.543236
1.68913
0.470543
1.09185
1.40691
1.74291
10.4664
1.29615
0.516027
-0.558544
-3.14814
2.50423
0.0373707
-0.107947
1.27657
0.112082
1.53346
-0.790984
-1.45163
2.47122
0.515095
-3.37377
-0.821363
-0.466381
1.51362
-0.670077
0.208458
2.59337
3.50873
1.99363
-2.00573
0.397445
-1.02861
-0.666127
10.3218
0.339794
62.886
-2.11262
0.522797
-0.0392652
0.486992
-0.633437
1.15553
0.260234
1.28694
-0.909001
0.589807
8.03002
0.0555925
0.132353
0.30393
-0.506147
8.75053
-2.54352
1.46044
0.994442
0.445389
0.795609
7.5578
0.436792
1.79098
-1.18375
1.29236
-0.368087
-11.6152
1.3332
13.2052
-0.0807259
-0.330567
-0.00274717
-4.85877
-0.741296
-0.0593367
0.782667
0.463899
-14.3733
0.586885
1.44702
0.521841
9.48434
0.0650137
-0.605007
-1.06667
-4.65323
-1.1103
0.083348
0.892939
0.799768
-50.9936
-1.56241
-1.30375
1.11562
-0.94949
-5.97442
1.69657
2.38648
-2.80681
4.09806
0.586417
0.477115
-1.93506
-1.75391
-60.6364
-1.65119
0.570692
-1.91211
-0.0280908
0.497952
1.21287
0.19363
1.41906
-4.26582
9.80458
-4.17727
0.519403
1.60991
-0.692328
7.267
-23.8253
-5.81213
1.03241
-4.35114
9.66157
-3.11837
0.144114
0.937531
3.51026
0.300959
-1.12388
-8.30279
-1.91095
10.4847
4.05481
-1.61859
-4.66104
-0.429649
-0.920089
-0.322784
0.503536
1.84169
0.0973965
-1.30794
1.44804
-12.6502
-4.6807
-1.11443
-4.04206
-0.246605
8.22871
0.290489
0.590094
0.080494
-4.78912
-1.13143
0.255158
-0.279336
-2.29587
-1.51669
1.01941
1.30777
0.784296
0.496607
0.299072
1.65709
-0.342034
-4.34193
0.0577448
1.127
-3.8876
3.876
0.0722545
2.83434
-1.44399
-35.2795
0.312849
0.0232199
-0.655053
-0.695253
-0.211822
1.67656
0.921073
0.72388
0.745548
-0.0932335
-0.94919
22.3403
2.40288
-0.0320098
-2.16717
-1.04192
-4.71175
-0.357669
-33.9023
-0.158366
-0.186405
3.66859
0.0534462
-0.351806
1.87842
-1.85176
2.75922
0.405364
-1.04901
12.5396
-0.721319
0.249608
2.10321
-1.68401
0.462563
-0.431073
1.48811
0.438132
0.53339
-0.265078
-0.0934682
2.19894
0.855019
-0.28166
1.28718
0.36159
-0.0960537
0.955418
0.924676
0.807288
2.25242
-0.715351
-0.243983
-8.3889
0.997987
0.136743
-2.33189
1.29723
-3.73154
1.68017
1.27194
-0.367014
-0.0637748
-3.98479
-0.105084
-12.4287
-4.24437
0.398268
3.7937
0.734207
2.10871
3.15651
5.45335
-0.680051
-2.05382
0.900823
0.989754
-7.34994
-0.447102
1.60207
1.04844
-1.17557
4.35192
159.505
0.568465
1.38532
0.737119
-0.0617539
-1.33138
0.112528
0.222735
-2.14801
-0.685116
1.44052
-0.0765575
-0.731724
-6.25634
3.46281
-13.7332
3.27857
0.219422
1.21292
0.291291
0.322662
-0.167072
0.11265
0.15408
7.00358
0.344041
-0.773867
1.77334
0.0893179
0.514655
-0.8639
0.898231
-12.3235
0.173941
-2.76147
-0.79712
-0.0834346
-10.7558
-0.330903
-0.793301
-2.13798
-0.32006
0.795912
-0.870531
2.02689
-2.06673
0.425251
-6.15778
-2.11987
-1.99763
-0.154852
-1.74818
0.986667
-0.54762
0.369607
0.757824
-4.17816
3.1196
-0.278711
-1.67331
-0.107951
0.796512
-0.53402
-1.03547
-1.31468
1.23966
0.992732
0.428895
-0.332489
-1.54998
0.421703
1199.04
-1.58521
0.652864
-0.872707
-2.46433
0.726307
1.59642
-0.959646
-3.38189
0.407131
0.0347794
4.8007
-0.00226357
-0.0227988
-1.95359
0.382785
4.71862
5.39809
-5.17986
-1.64827
-0.741228
0.438034
0.962263
-2.58569
-0.387471
5.95014
-7.14249
-1.83522
0.0400859
3.36667
1.7041
2.29901
1.41316
-1.46969
-9.40966
2.51982
-7.58185
-4.57117
-6.11484
0.416622
-2.09175
-0.868576
0.342028
0.844973
2.54041
-4.85981
-0.575795
0.565611
1.0677
0.854576
-6.61657
-2.26658
0.0842893
1.77478
0.0924408
-1.19724
3.51073
-0.725968
-3.30533
1.52236
-0.251633
-1.68143
-2.49006
0.705131
0.739879
-16.5377
-0.407891
0.00496516
0.0172972
3.27514
-1.75272
-0.401031
4.01147
-8.27493
7.19231
5.11073
-0.421522
0.721273
-0.569417
-11.7837
0.581753
-2.13625
3.08391
28.0201
-1.85451
0.05281
-0.983368
2.11157
0.408494
1.8731
1.21183
0.157953
-0.043527
-1.13658
0.533607
-0.369233
-0.823264
-1.58804
0.199582
-0.961366
-3.2281
3.57757
-12.0839
0.0915367
-4.20069
-0.90497
-1.06547
-1.84626
0.368564
-0.396529
0.945954
3.63152
-0.086296
0.0367954
2.49052
-1.51485
-1.76884
0.463631
5.35197
0.278324
1.14667
-0.287504
0.270669
0.084844
-0.237066
11.6949
8.9238
-2.61974
-0.124864
0.918504
0.886702
4.65886
0.0556346
-4.01285
-0.472397
1.72078
5.03194
1.78839
3.09316
-1.25903
-0.0489801
2.68963
-0.921871
1.80836
-0.655993
-0.658342
-1.71558
-0.99131
-1.25437
1.04612
0.462778
0.358033
1.43632
2.93439
-3.03767
0.111105
0.366087
-0.814346
-0.0319732
0.428038
-0.542119
3.18352
-0.224796
0.945788
5.52307
-5.29519
-1.60663
-0.438688
0.632005
-13.7023
3.54279
-0.842283
-1.59958
-172.041
0.863646
-3.40325
-0.622581
0.989042
1.99729
2.25053
-0.114407
-0.741386
-0.785712
0.588643
-0.661709
0.729597
-3.55632
-1.69023
1.3665
2.44888
3.33906
-1.13883
4.43792
0.313597
9.92074
1.86678
0.283539
0.144898
-0.89565
-0.37886
-8.9551
0.265852
-10.661
21.1248
1.60557
1.62214
0.169319
-0.179482
1.29421
0.574305
11.1719
-6.89779
3.00002
-2.08006
-0.505524
3.42263
-0.126034
1.10749
1.0852
0.509432
-2.80912
-1.08962
-0.540545
-36537.7
0.938579
1.62357
-1.46152
-8.4968
14.7322
-4.23069
-1.921
4.53426
-0.215286
-0.425565
17.5064
9.25433
2.18169
-2.59314
1.02212
-10.9485
1.87757
-1.66026
-0.128335
4.29669
-4.50876
-0.580623
-0.815965
0.163501
-0.626904
1.54783
0.300662
1.28945
1.0872
-0.286829
5.25004
-0.311465
0.168606
-0.120292
0.27893
0.387
-0.816685
-1.79972
0.696474
-2.33679
-0.0498921
-31.6946
-2.87165
-0.369
-4.15067
18.5122
-0.153545
-0.781882
1.62795
1.37273
2.02125
0.381817
0.664495
2.31421
-0.131167
-1.49876
-2.85511
1.24867
1.61994
-2.05023
4.64923
20.3161
0.777456
-4.42073
-2.44791
-0.188419
4.00152
1.31101
0.464929
-2.746
21.3995
-0.567542
-0.78149
-0.500608
60.802
3.08788
-0.669852
-0.0446647
5.40794
-0.0716008
-0.952355
0.512007
0.468106
-0.0328554
8.43252
0.0484212
-2.30366
-1.18608
0.679734
-0.774458
-3.05978
1.1776
0.0639859
0.505756
-18.302
-23.1618
-6.8106
-0.244635
-0.165386
-0.397842
-1.42309
2.27934
-0.204982
-1.5343
-5.38049
4.43704
-0.3278
6.66636
0.25671
1.44669
1.23123
6.74426
0.0836482
-0.939551
1.7229
-0.26467
-0.197563
-0.224819
-0.270036
1.65001
-1.29424
1.12308
3.48391
-1.37608
0.00400891
-0.562679
2.46775
-1.63545
-34.2998
-0.62609
3.40866
-0.454736
1.31592
-0.233212
0.0422582
-0.478393
1.80794
4.25437
-0.133137
-2.67768
-1.30841
70.3565
1.89483
-1.28455
0.441687
-2.03772
1.08577
-0.83667
1.24289
-1.61092
-3.92294
0.52707
-0.073621
-0.137216
-0.187651
-11.6996
1.88279
-0.919483
0.262656
2.46578
1.31745
-555.671
0.369197
-0.32184
-0.46008
-0.911698
-0.531915
-4.95717
-2.59086
2.69867
2.37374
-0.0117509
-0.352643
-1.87074
-0.0217703
4.80802
2.06088
-1.0236
-0.27221
-0.061352
-0.997114
48.5541
0.225608
-1.35373
4.72629
-0.339261
47.6943
-2.39689
-1.12188
0.78421
-4.64714
-2.27453
-0.795036
1.11029
3.56771
0.0567832
1.76413
-0.942837
0.80925
-5.66727
2.20769
-4.1921
0.118971
0.0716501
-0.207729
-0.53086
0.965871
2.18848
1.5848
0.807718
0.43101
0.179666
1.62239
10.6421
-0.662552
-0.116899
-0.361103
10.8659
0.233977
0.298493
0.78846
-0.0317311
0.704707
26.3603
-0.325569
-1.06563
-1.9517
1.50335
-9.35998
-0.657955
-1.15697
-0.359718
0.261404
-0.877595
0.0266572
0.385845
1.59801
6.12334
-1.02149
-1.39507
-0.376141
-6.13031
-0.522502
-0.116148
-3.25937
3.50239
-0.428784
-1.11154
0.0935799
-3.43024
0.837002
-1.30375
10.9829
-0.231136
-1.82287
0.974278
1.49643
18.2164
0.536252
2.07007
-1.27369
2.10025
-7.99231
-0.584694
-0.493663
-1.80855
-1.07428
0.387618
-28.1442
0.521089
3.98156
5.94568
0.113956
-0.175528
3.70154
2.3832
1.75487
0.847745
1.69632
1.57632
-0.574272
0.0106067
0.742061
-5.67892
-0.356313
-0.805652
0.676638
-1.35778
2.83861
-0.666945
-0.285287
0.00648624
4.0065
-0.521259
0.0554633
7.29635
-0.511561
-1.0352
-1.54358
-0.753839
0.171855
-1.19044
-4.35857
-0.254213
0.382568
1.37878
-10.4875
-0.722397
0.400889
-0.0436509
0.214826
6.64921
-0.0802299
1.79776
-0.813093
-2.96332
-0.329699
38.2898
1.04056
4.77708
-0.688061
-0.0779251
1.54251
0.560984
-1.35955
11.8712
-1.56573
35.6827
11.1666
-3.94554
-3.92535
-0.0779105
0.502782
-2.49759
-1.53386
3.23717
2.07378
0.285845
11.1753
21.7887
0.452799
0.455493
-40.9546
0.515254
7.93872
0.304866
-0.00859678
2.25686
0.871615
1.56047
6.15505
1.86764
-0.34298
-1.18608
2.50138
3.42926
9.41446
19.1659
-2.75614
-2.59774
-14.1775
17.5419
0.958685
-3.22559
-0.735517
-4.21627
0.461331
2.42828
0.0598801
0.659452
-2.41953
-0.576984
0.0943547
-6.10521
-9.43098
2.05805
-0.385587
-0.728663
-2.9419
5.40039
43.8922
-0.0899972
-2.71119
0.104794
-1.72865
-4.84879
-0.355882
1.67152
0.181218
0.480502
-3.51801
-0.0364108
1.21529
-0.894251
2.8673
-0.901815
0.331439
23.2406
-0.501371
7.55278
-0.00668716
7.82089
-1.52891
-1.03722
-0.649121
1.57616
-4.05007
0.546543
0.636817
520.492
-0.298789
-43.4329
-0.97331
4.50171
3.75824
0.0886136
-0.420568
-0.0489464
-0.492355
0.451212
0.794702
4.69319
-0.33606
4.7282
2.73897
0.48347
1.45678
0.75467
-0.837403
-2.08066
-1.11619
-5.34501
-0.337615
-0.168551
-1.08651
6.7215
-0.811581
-3.51714
-8.18081
0.25861
-0.572029
0.017451
-1.8166
-2.74238
1.61069
-1.00488
22.6963
0.387628
17.9415
-1.54838
-0.0696223
-2.59289
0.590119
-0.458283
-0.210974
-2.65565
3.08414
-0.315373
-2.14567
0.378119
-0.858662
0.0639323
-0.858353
0.683857
-0.546389
-3.60679
-0.748288
0.514919
0.400094
-0.564134
-0.936514
2.56254
4.90294
1.68508
0.413636
0.0416424
8.27867
-0.288244
2.37772
12.4392
-2.35496
8.17972
-0.297615
-0.683481
0.389242
-7.29252
-0.361995
-13.1758
-1.35569
-1.18186
9.61298
-229.961
-0.0228333
0.00820996
2.49544
-0.385482
-1.46853
1.34547
-0.108509
0.18439
1.13604
0.703046
-1.8809
0.13046
-0.336841
-1.41264
1.09441
-0.0901326
-0.0201521
-2.2762
0.433303
0.888296
4.08996
1.52107
-0.410342
0.0101014
-2.84278
-1.00879
2.08782
-0.0225718
0.997607
-0.9772
-0.586181
0.960968
-0.595038
0.554637
7.80403
-1.9808
-0.922081
0.573786
-3.07666
-0.174353
1.42004
7.14563
0.472743
0.475798
-1.17377
-0.887265
-0.23646
-0.968903
-5.20999
-1.14279
0.389792
7.24566
-2.75972
-3.80976
2.90546
1.03576
-15.8564
-1.94194
1.28319
2.29912
-0.326646
-1.40467
5.76048
0.228428
0.0316241
-1.14283
2.96209
-1.3847
1.17387
-1.22559
-0.919138
1.90953
0.449372
-1.95382
0.0481335
0.796377
1.00954
9.28523
0.664851
0.894681
-1.42726
-1.4068
11.4256
-1.95251
0.716003
0.762022
-0.41836
1.47624
0.17733
-4.28278
-4.09751
1.17931
-0.104847
0.632601
-1.6311
-24.3813
7.14481
0.973178
-1.61219
2.74711
1.81023
-0.263848
-0.00344805
-2.0993
-6.33634
-2.52821
-0.473641
1.41069
0.27954
-0.00927992
8.41337
-2.65532
0.583929
-2.05918
0.237505
0.191866
-0.415151
-0.347978
-1.21178
0.0296827
0.649962
-0.575255
0.389758
0.468748
33.0689
0.388619
0.456699
-0.296652
-3.87954
-0.111879
0.684119
-0.107741
-11.152
0.342635
-0.578732
0.852135
2.96734
0.528302
0.88035
-0.125575
-18.6082
6.00314
0.667714
2.36543
-0.12738
0.517889
-0.378293
-1.68001
-1.04628
0.132156
4.40334
-0.71793
1.89316
1.29144
0.307312
0.645637
1.0717
-1.10136
0.938343
0.406791
-0.0211358
-18.8374
3.04103
-1.29761
0.294306
-1.08593
-0.111205
-2.0741
-0.0901701
1.16544
-2.93008
-0.801683
-0.0198611
-1.21632
4.80408
-1.70599
-0.234505
-0.0587537
0.163853
1.00335
0.0866676
1.4183
0.503721
-0.249911
0.15666
-8.87393
15.3904
-3.32568
0.0609571
-1.13113
49.9116
-0.848519
-4.98638
-1.16255
-0.673179
0.45861
0.702515
-0.0164471
-0.0242307
-0.476723
-4.79723
-0.813441
-1.43212
2.15334
-18.2896
1.39237
0.464988
-0.502234
-8.89291
-3.45544
5.87721
0.176307
0.786315
1.61575
2.66962
3.06348
-0.496016
-2.78141
0.829129
5.61552
0.268018
-4.28281
-0.413993
-0.205192
-4.80274
-0.823035
23.6026
-0.297039
-1.20334
0.842448
5.77561
-5.6143
-0.701368
-0.0647405
0.128755
3.07758
-25.6595
3.56694
0.822255
0.507069
-375.199
-8.08844
1.19291
-1.26727
-0.391595
-0.211118
0.538119
-1.44277
0.733285
0.341391
-49.5869
-1.85201
0.185938
150.15
-1.53068
0.988057
4.7818
1.91824
-0.0547994
-0.119758
1.11253
-0.0128427
0.166909
-1.19196
1.09715
-45.9337
-2.34176
2.31864
2.50788
-1.1635
0.568573
-1.09303
1.32003
1.78026
0.767009
1.97108
-2.36138
-0.12343
-14.2937
0.876406
0.200004
0.572207
2.08198
7.57225
2.58692
2.62918
-4.9338
3.4423
2.282
0.233497
-0.380408
-66.3648
-0.76363
0.712412
2.75952
-1.4565
0.744128
-8.16018
0.208482
1.24268
0.173103
-1.99655
-0.368072
-2.24559
1.05562
-2.76968
-0.186978
1.22963
-0.133472
0.223198
-2.38722
-4.4754
5.02366
-0.0913783
2.05141
1.03614
-0.469041
-4.93288
0.252713
1.0709
0.213661
-0.536476
0.220217
-0.765381
-0.498012
5.16088
-1.0332
1.1909
45.9078
1.21402
-7.45423
-0.220153
-0.466225
-0.1029
-0.456252
-0.884523
4.1823
-0.669125
0.452085
0.607234
-0.161377
0.433906
-0.105173
-0.69651
-2.52688
-9.4541
-0.058291
1.00718
-0.361524
0.0216051
1.37502
1.80339
-3.33405
-1.85155
-0.38059
-0.210214
-2.42953
-6.27946
-36.607
0.298369
-0.298274
0.993992
-16.3867
0.861705
-1.78443
0.286918
-2.93313
-0.26054
0.36297
1.4291
-0.103867
0.543417
-2.53547
-0.31173
0.348226
0.682753
0.599269
1.02541
22.6856
3.39031
-0.860276
29.7946
-0.382789
-0.932278
0.966418
0.506019
-0.0878367
-1.34484
-3.09655
-0.21339
0.286106
1.78323
-0.283951
-0.309854
3.51775
-1.49932
0.131456
-0.915352
1.55891
-0.205007
13.2902
0.50753
0.255377
0.8986
-0.394425
-0.0502406
2.65806
1.26748
-0.702453
-0.91152
1.2076
-14.8386
-0.214145
1.40888
71.2378
-0.988262
0.475695
-0.43932
0.618814
2.00617
-1.7294
2.05452
0.755769
-0.621557
0.774737
-221.474
7.54381
-0.815447
0.199442
0.493069
0.952703
-1.40336
-3.23914
-1.09156
-0.863489
16.5638
-0.953973
-2.17906
1.17146
168.218
-0.470537
-8.14324
0.391649
0.487635
0.923444
1.8199
-0.679245
-0.541584
0.106058
-1.14518
-1.64082
1.32043
0.286094
-0.45705
6.78335
-0.388056
79.5125
-1.51271
0.962921
2.79456
4.93777
0.37569
0.648403
0.566147
-1.66709
4.36925
0.30443
-1.2949
2.57268
-0.0257792
-1.00384
-18.2581
6.27711
-1.95878
0.186903
0.049796
-0.771438
-1.4835
-2.9875
0.104278
-1.61935
-1.13598
-1.63635
1.19068
-1.31726
1.34955
0.385584
0.919604
-0.387196
0.0994658
0.416572
-0.900418
0.309597
-0.52359
1.60572
-1.28807
1.85026
4.83854
2.79597
7.5391
-0.855681
-0.872221
-0.148818
-0.493626
1.17887
-0.577706
-0.242945
0.218819
-0.748497
0.771556
-18.1622
1.24818
-3.19215
1.21617
-4.66447
0.366634
5.77335
-0.41115
0.639927
-4.46436
4.1814
0.498012
0.38291
-0.116838
0.295584
-4.98225
-9.44955
0.925166
1.26481
-1.34795
-0.155229
0.620281
-0.510399
0.992494
1.84326
-0.551039
-0.131564
0.544842
0.81228
-1.17229
-1.56573
0.518083
-8.53068
0.44831
-0.420638
-4.42753
-3.40254
-0.0507368
0.388022
-1.06877
-1.58635
-1.13114
-1.93711
-0.187914
-18.9793
-3.59253
-5.27375
-0.462042
-2.83906
-3.48488
1.08168
-1.09967
-1.60558
0.293233
-0.905099
-0.193546
-0.267743
0.59514
-0.577096
4.78141
0.225269
-3.11218
-0.550348
-0.790931
1.3856
-0.560324
12.6251
-2.53521
0.478219
-0.558594
-0.662197
-0.158014
0.290761
-0.405016
1.32061
-3.68364
-1.56593
-0.935041
3.18311
-4.26823
3.19585
1.1739
-3.07713
0.792081
-0.387708
-0.483537
0.598562
-1.01416
-2.76979
-0.127992
0.143742
-0.698778
-0.74488
-2.23993
1.13763
-1.35021
0.382013
2.73378
1.04228
3.77768
0.66431
0.21648
-0.670099
0.991382
-1.1606
-3.69047
1.35482
0.505311
0.613534
-20.769
-2.2672
-0.613251
-1.42364
0.598442
-0.92954
-1.08886
0.113296
-0.886846
1.12809
1.91259
1.48582
1.75187
-2.00335
0.37349
2.29864
-0.572102
-58.157
3.00181
-0.164177
-0.153423
-2.85685
-0.0500118
-0.948095
-2.01176
-0.732215
0.174382
-84.4243
-0.529788
0.528778
1.21332
0.568113
2.78442
0.49837
-0.883193
-0.0431902
4.42755
-0.0473422
0.153222
1.59023
0.809492
0.35482
-3.02476
-8.87949
-0.430238
-0.452317
1.4813
-0.114892
-23.3245
1.02245
-0.714198
-0.610285
6.70655
-1.20267
-2.78841
-0.417659
0.714358
-0.452492
2.62337
0.537039
-0.458009
-2.09799
-3.11645
-0.784459
1.6355
-44.9677
0.411096
4.86482
0.59027
-35.8988
-2.47392
-1.12915
-1.27105
1.7395
2.70105
-0.595992
-1.06891
-9.30768
14.4094
-1.79874
0.847334
1.51802
0.10106
0.9579
-0.126427
-0.154122
-3.21925
0.128309
1.66718
0.388396
-5.13748
0.129292
-33.8769
-8.17881
2.00841
0.0199862
-0.241654
0.0250305
0.81498
0.201501
513.994
0.468188
-2.90168
1.0678
-5.91938
-0.700396
1.87176
-0.981174
-0.578063
0.153007
1.57829
0.939529
0.0374168
-0.511366
32.5395
0.391858
-0.22129
0.6339
0.198857
0.463924
0.553687
0.789964
-0.483462
-0.376809
-0.507942
0.397482
-1.0128
0.656572
-2.08758
1.73423
0.362352
0.862672
0.649053
-0.0792925
1.91354
-0.220851
-2.8706
-0.410517
1.11957
0.492298
-3.36443
50.9981
0.291367
4.83471
-3.01935
-5.26834
-0.870347
-0.371658
-0.00597403
0.138306
22.0371
14.3343
-0.0722704
1.92837
-0.0882175
1.15496
-0.14893
-1.47717
1.65109
-0.113336
-1.90534
0.478259
2.15633
-34.5734
-0.301125
6.11584
1.3447
-16.8981
0.0892909
2.78084
-1.86693
-0.143146
-3.68804
-0.242404
25.494
0.837449
-1.88374
0.106941
-0.533828
-1.21919
0.318909
-0.858978
0.983281
-5.61779
2.77349
1.90487
7.01709
-1.55997
10.6559
-1.5173
-0.0223291
-1.57943
-0.00347601
4.46242
3.05403
-0.181621
-0.226693
-1.49137
-0.251216
-0.249316
-1.05739
-0.140842
0.632434
311.835
0.0753686
1.79646
-6.5725
13.9785
2.16243
-0.427656
5.2818
3.05043
-1.67504
1.71639
-12.7502
-1.09069
-0.283526
1.741
-7.76456
0.391423
-0.356742
14.6599
-2.58511
-0.558298
-0.541224
-22.3365
1.26624
2.02919
-0.44326
-1.05253
3.12034
-0.285218
-24.1969
-6.99939
-35.1297
0.509065
-4.48601
-1.31229
-0.737983
-0.141798
0.174207
-0.122115
1.65256
1.06139
-0.512692
7.42011
0.364754
-1.21913
2.49125
-0.0200558
-0.398105
-0.761309
-10.9194
0.998294
-21.1227
0.105127
-2.08896
3.09634
0.0108065
0.331802
-2.13041
1.82178
-2.23318
0.191994
-0.214663
-4.20623
2.54707
-0.141286
0.479566
-15.2531
-33.5257
3.12197
-1.31568
-0.503329
0.228554
-1.41723
0.0660084
-0.309824
0.446427
-0.0728093
-201.061
-1.46852
-0.0410382
2.73781
0.0287559
-2.74344
0.228464
0.0770013
-2.9127
-0.769533
10.1712
3.45451
-0.637618
1.37675
1.92351
-5.03067
-2.7371
-1.66526
-0.588654
-0.548265
-1.953
-4.71579
-2.22573
-0.145102
0.0826578
1.09669
-0.500759
6.83473
0.35356
-2.46177
1.44439
-1.54649
-2.22398
0.912758
1.17089
-1.12841
1.96176
-0.365945
-0.254624
-3.85206
4.039
4.06271
0.807827
-0.142498
-0.117335
0.816155
1.20705
-2.89176
0.17573
-1.4956
0.220958
-0.961041
2.56379
9.28828
-0.336862
-0.280242
0.295342
0.276242
1.78718
-0.657875
-0.0589645
2.11834
-0.647305
-0.646087
-0.14178
-0.119533
4.63456
2.23103
-0.818857
1.24053
-1.3826
-1.79039
0.298892
0.793836
1.25207
0.377235
0.159737
0.117855
2.35048
0.56744
-8.20488
0.0386351
0.312537
0.612246
2.44349
0.166284
-8.02785
-0.00194523
3.83112
1.18013
-0.331765
-0.607379
3.20021
0.788924
0.315123
-28.3526
0.767948
0.356924
-1.78374
6.1082
-4.64085
0.0114678
1.73133
0.674015
-5.7346
-0.657561
0.502596
-1.66131
-0.889887
0.510775
-40.2761
1.12843
-1.55001
-2.09955
5.2029
0.535677
0.534127
0.236031
-6.5651
0.104675
1.4447
-4.27832
-2.58836
-0.789922
-20.0104
-0.0889741
0.489892
2.34262
-12.9998
-1.93454
-5.34103
0.219031
0.0691379
1.40956
-0.459633
-1.54831
-0.849505
-0.758089
1.258
13.1267
-1.28464
2.37987
1.24742
-0.126458
-4.05802
-0.288923
-31.475
9.10765
-0.338376
2.11606
2.69956
0.0269882
-4.51561
0.834248
33.5256
-0.161538
-0.431085
2.97552
2.02518
1.3142
0.375024
-0.65857
2.65532
-0.089805
0.232645
2.05294
0.606797
2.94385
-0.212058
0.375284
-0.337495
-0.237262
-0.0107971
-0.939045
-0.0313607
-0.600022
6.35841
-2.44347
1.10811
1.60821
-0.1091
1.43793
-0.686364
0.882309
-1378.02
-1.81191
-0.0619161
8.56708
-0.725799
-2.32722
3.6764
0.119278
0.524822
-0.44873
-0.133203
17.0136
-0.740196
0.141454
-50.7038
0.980208
-0.145127
-0.275924
1.06144
-1.9161
6.78434
-2.57116
5.62773
0.589897
-1.12363
-5.08675
-1.13892
-3.44505
-9.68337
3.32982
0.432005
1.89156
-38.8847
1.06484
-0.381331
1.49037
-0.375409
2.97907
-0.927144
2.30309
0.531727
0.717661
-3.77221
-0.53053
-0.871011
-0.0770777
-0.613855
0.146639
-0.0707324
-1.61984
2.33028
-0.868495
6.31139
0.106511
5.09389
-1.13867
-0.880086
-26.876
-2.32803
-2.10246
-0.750108
-0.512174
-0.0620107
-154.962
2.02758
-2.81844
-0.985204
-0.661354
-0.583849
-1.08399
0.00294872
1.0721
6.27238
-1.18628
0.701517
-0.117633
-0.626599
0.676472
-28.7447
0.1333
4.65612
-0.0841608
2.06345
-0.733544
0.00352597
3.14161
-4.07352
-1.3523
-4.25464
-0.532759
-0.045361
1.2887
0.0846281
2.25057
1.74204
-0.433395
5.01773
4.32902
1.09888
-0.11522
1.58399
0.0199926
2.22639
-0.176981
-3.67134
-1.76839
-0.427178
0.787154
0.892121
-0.677155
4.6914
1.72803
-0.19999
-0.747431
-0.102058
1.17801
6.80694
0.229677
13.3009
4.52861
85.6105
-2.17364
0.99072
-0.76818
2.5702
6.62068
-1.80903
1.29285
1.08742
1.6717
-0.0294396
8.30698
-5.81128
16.9599
21.8219
0.22638
-0.760608
3.17142
4.37777
0.0937161
1.24486
2.4046
-0.841351
0.573931
-2.09536
2.55022
-0.493835
2.26622
0.569213
-3.04953
2.70152
4.35439
1.52941
2.63993
-0.36135
-0.242655
-1.16611
-0.382523
0.443983
-0.183237
-0.221816
-0.21642
7.36476
2.72559
-0.159594
0.188892
-0.612474
-0.510258
-0.665277
0.794639
2.29595
-0.244134
-33.2161
1.09152
1.47937
-1.51979
17.5639
-0.840372
20.4956
-0.111318
-1.39782
-89.1344
5.69016
-15.2962
-0.717436
-0.29493
0.144317
1.35079
-3.98237
0.0867588
-4.39122
-8.61026
5.51477
1.24424
1.10883
-0.826301
-4.32446
-0.204383
0.0640271
-10.5986
-1.31573
1.05366
0.435443
-0.546271
-2.91521
0.495489
0.612729
-1.3147
-35.077
-1.06567
-1.0527
-6.45284
8.20034
0.597933
-0.0091681
0.44894
-1.36623
-8.73503
1.49843
1.0432
1.11666
-0.882225
-4.59183
1.09822
-1.88812
0.549913
-2.40407
3.82613
-6.65925
1.69017
-1.57429
-0.787739
-1.30485
-0.935041
-1.71709
-0.357118
0.0114749
0.30393
0.487442
-2.90066
-3.0021
0.170508
-0.0642473
-0.141909
0.767936
-1.61452
1.94278
4.39563
0.922369
0.799639
0.0338763
-1.64106
-1.85886
4.31806
-0.857236
0.656383
0.0516737
0.541588
-1.23549
0.85436
0.646539
-0.144854
0.399749
14.5936
1.64865
-2.3265
0.657818
-9.46221
-0.458672
-0.124402
13.1254
0.268303
0.764873
-1.1403
-0.23772
-0.610422
-5.46965
5.53819
-1.23686
-1.43863
-1.67606
-0.141873
3.27952
-0.696443
-4.28884
-1.47046
-0.810626
21.2873
0.262256
0.513812
-0.110723
-1.8425
0.361738
-0.887038
1.22422
-4.53347
-0.681022
-1.76131
2.76248
0.283854
0.30739
-3.48223
0.210026
-0.391013
-5.82211
2.75571
-1.3063
39.836
3.58868
-1.74043
3.8893
0.742706
29.7984
-0.79801
4.87847
-8.09529
-1.38986
0.071521
3.22892
-13.1468
0.383648
-1.19299
0.997561
-1.11673
3.66097
2.55876
-3.07317
-0.441349
0.923433
1.18195
1.23275
2.14943
-4.5312
1.2605
0.0969328
-1.76404
-0.966575
2.05131
-0.0386767
-0.508061
-0.430617
-45.6437
-0.859544
1.58876
-2.18859
-0.635073
-0.0709245
3.35761
-0.00391414
0.399873
1.09392
0.824297
-1.11021
-0.206853
1.0759
-1.33295
0.85375
-1.63222
-1.75764
1.42665
0.124651
0.442579
0.824414
-7.84051
-1.90524
0.310685
1.24717
0.877698
0.630428
-2.6723
1.73215
2.22419
1.41953
2.19442
35.1838
-0.196257
-0.0715112
0.242525
-0.396177
-0.67539
-2.73781
1.84673
0.889394
0.924063
-0.328663
-17.7649
-0.163237
0.0665167
-1.2652
1.67087
-0.789792
0.0308344
-1.09014
-0.726312
-14.3811
-3.63682
-2.57959
0.0197711
-38.652
2.44157
-1.95563
-2.01603
-23.0743
-0.520317
-0.917424
-0.370153
1.86382
0.989027
-0.561971
2.33384
-0.520834
-1.58206
-2.44312
-3.69218
42.5725
1.30518
-1.46602
1.9744
0.298368
-0.467395
0.0308649
-0.801426
-0.600651
0.510041
-6.28887
1.1132
0.653672
1.18666
0.336888
0.212046
-0.44978
-1.04761
-0.107883
0.556968
-1.73487
-0.900529
-0.226146
-1.61281
0.992987
1.59458
0.924362
1.02098
-0.829486
-0.534392
2.08145
-0.405168
-2.87227
-1.61846
-2.45295
0.352337
0.517276
0.241184
0.66494
-0.342042
0.444864
-0.672311
-0.346795
1.00703
-0.892987
1.0749
2.9857
10.013
-1.57777
0.431024
0.141123
-0.268887
0.87685
0.703902
-0.135689
1.03567
0.528982
-0.717153
2.45585
0.257833
0.804878
5.11862
-2.33767
-2.01593
-0.166201
3.24366
-0.113959
-1.09533
5.88109
-0.0051874
4.94864
0.700941
0.668037
4.33738
-0.745855
-1.71746
-1.00103
-1.10584
1.78494
-2.0585
0.675455
-7.50148
-0.0347813
-0.692581
0.980025
0.417604
0.47913
1.52855
-2.23991
-1.64636
2.87996
-0.0671345
-1.39067
-1.13872
-4.12951
-0.774005
3.55391
-0.940364
-0.101222
0.25548
-5.12484
-0.247099
0.662105
0.00798855
-0.650388
-0.840811
-68.8149
0.4559
4.2725
-0.371152
0.10045
-0.112282
2.05853
0.147962
-0.0171772
-2.03757
-0.160153
-30.2506
-2.83753
0.0663902
-1.58
1.30467
0.828032
1.68127
-0.279432
11.9054
-81.0816
0.0113109
0.773854
-1.77108
0.126103
1.04474
0.574795
0.00757539
0.199914
-0.53861
-1.768
1.25939
18.0668
0.462044
0.360105
0.929248
1.49727
-0.000829773
0.701845
0.907804
-0.444894
-0.669951
-0.271905
0.072371
-0.00155275
-0.0293246
3.63206
0.441963
5.19613
1.95454
2.08645
0.598834
3.682
4.39957
-0.732024
1.44694
-0.744438
-0.141728
-18.1947
34.4225
-8.11396
2.40373
-2.63471
1.79027
-0.726985
0.556119
-2.77758
1.82625
0.922966
-5.21128
-1.58849
7.42109
0.281745
-0.214913
-0.137776
-1.18659
-1.86609
4.04589
1.85042
0.178093
-0.831322
-1.11602
0.768925
-1.90117
0.722136
-2.42551
0.591032
0.88923
3.10392
0.53804
0.930505
-0.391831
-5.62773
2.9678
-0.926782
-0.0843956
1.03376
-14.4809
2.14188
2.1291
0.141284
-2.15992
-6.79796
-1.03175
5.5084
-1.12816
2.09924
-4.60861
1.4466
0.147073
1.19141
-17.3088
-0.77236
0.754693
-0.594067
1.11191
-3.08416
-1.21874
0.303767
0.80478
1.59663
0.816541
-0.204425
-0.774629
0.232283
2.00495
0.959988
-1.10034
-2.91786
-22.8489
0.716543
0.768529
11.2419
-4.7285
-0.416122
1.88497
1.20548
0.0747548
4.89918
1.20779
0.293311
-0.373984
-2.61976
-11.2248
-0.467716
-1.82626
-1.14024
0.826398
1.95368
-0.00608348
2.07687
0.335724
0.344027
-0.578895
23.5407
-0.586366
0.72274
0.581818
-0.0284621
-0.159482
0.855332
0.769393
-1.66515
-3.29251
1.25
-0.286348
0.439586
41.0624
2.06978
-0.436507
-0.404359
0.678326
7.93721
0.814211
-0.114903
0.670592
44.7931
-1.12279
0.935376
-3.99537
-2.14558
5.81568
1.60906
0.140453
-9.66587
-0.42051
-3.45423
-0.811411
-2.58489
-7.55888
1.1897
-0.962886
-2.53011
4.92978
-0.384632
-0.493574
-0.675246
1.2505
0.879958
0.877423
-1.8577
-8.73589
-1.0071
-1.96527
0.939653
-0.0247231
0.848734
-2.12222
-0.581058
0.114188
0.0103653
0.971271
1.28012
-0.294238
0.282182
-0.225842
-0.216222
-0.95303
-0.502579
0.292922
-0.365713
-0.24718
0.535725
-1.6283
0.848201
1.37417
0.426081
19.6908
1.29488
4.12392
-1.66422
0.458049
-0.970867
0.111086
0.805658
-0.165153
3.02015
-0.243392
-2.21036
0.625622
0.208447
-3.27546
-1.31929
-0.639679
9.3213
-2.47973
0.573222
2.27312
-3.25349
-0.931026
-0.0359352
1.46046
0.505641
-0.534492
-0.226168
-0.797512
4.07594
1.16885
-0.776156
3.08048
0.0323576
-17.8897
-1.26827
0.728341
-0.518737
0.216335
1.9445
-0.172133
-0.91289
1.0714
0.448175
3.19117
0.406005
-0.199007
-0.377223
-0.782052
0.0763018
3.02276
-0.427485
-0.640201
0.423629
-2.27994
2.30026
-0.199273
-0.192346
-0.705683
0.936229
1.17244
1.0928
-1.4563
0.220441
3.77733
0.947976
1.5924
-0.0320986
-2.32452
-4.40129
-0.484121
0.42863
-1.59351
-3.10207
-2.34731
0.330152
3.68101
1.09719
0.416911
0.409762
-0.319393
0.0914649
-28.6444
1.25592
-1.21261
0.742556
0.478744
-0.661596
0.408381
1.59096
0.177493
0.391456
0.0142101
0.633933
-0.0430776
-0.20183
0.84772
-0.519839
-0.0759466
-1.06453
1.6694
-1.34696
-4.08458
-0.117722
-1.28272
1.42547
-0.686792
1.80958
2.04376
0.521174
-2.27311
-1.26078
-0.342221
1.64657
-3.5667
0.302561
3.47509
-2.56876
-1.02527
0.00740885
1.78381
3.22558
0.472494
-1.51149
3.82868
-1.72238
0.53152
-0.299071
-2.79272
2.30712
-0.722702
0.786516
1.0927
0.63544
0.904347
8.85104
2.47754
-0.108065
3.66628
-0.23269
-0.572665
-1.41114
0.792387
-0.970294
-0.107854
1.70039
-6.07983
0.885971
-2.66246
-11.5462
-0.49695
-3.2977
-2.1124
1.93314
1.59872
0.458535
4.5221
-1.40522
-0.956691
-1.73352
0.115488
0.891212
-0.296772
-3.97471
-2.52667
0.0852999
-0.281612
0.536544
12.7854
-1.98344
-0.365131
-1.54205
5.74285
0.299572
-0.417775
0.017925
-8.37202
-1.54367
0.894176
-0.392606
-1.76288
-2.12928
-0.434234
1.37959
-0.291647
-0.370826
2.70156
0.955272
0.191856
0.415963
0.829249
-3.91172
-0.442753
0.105356
0.401082
1.7281
0.432982
-0.103688
-0.453568
0.109724
5.16931
-1.43895
0.144605
1.52144
6.89962
-0.256244
-0.918759
-0.857614
-4.43005
0.1226
-0.99478
0.852985
-0.479162
-0.111015
6.5455
0.0950767
39.9805
0.362329
-0.623842
-0.300724
-0.409971
1.19951
-0.129949
0.473274
-0.094674
-0.702674
0.248797
3.83132
-0.324839
0.280111
-0.141254
-0.656897
-2.24654
5.65133
-0.915452
-0.707036
-1.31757
-0.398808
7.77821
-1.17219
-0.195002
-0.285728
-0.574217
0.486971
0.62024
-0.0823448
-0.780637
-0.423304
-1.60633
1.01905
2.46173
-0.667704
-0.494616
-0.653925
0.732042
0.85431
0.742608
17.2838
-0.0283053
-1.77211
1.66655
1.58628
-0.0282597
2.01264
-5.02015
-0.571114
-0.132182
-2.13998
-1.36123
-1.95901
0.826947
0.550403
-3.53708
-0.648389
-2.25479
-0.892924
0.323125
-4.20475
1.23614
-0.0502456
0.374642
2.11112
0.749794
-0.459163
0.376507
1.21536
0.763136
-0.914486
1.22887
0.105102
1.54115
-0.130837
-0.172451
0.456304
0.291258
-9.9296
1.49775
1.95191
-1.12837
1.20329
-12.2351
2.43424
-2.08252
0.980103
-0.679961
-0.231824
2.41498
-0.206657
-14.0275
3.02465
6.11448
1.10189
0.131611
0.41466
-7.11297
6.75532
0.464431
-1.00509
0.13934
0.0267583
32.3862
-0.495306
-6.88862
0.716979
0.669333
-0.11878
0.693885
0.20093
0.00169805
-0.114495
1.35032
4.10231
-1.29234
0.456079
-1.01714
-0.563294
-1.38301
-9.16326
1.83554
12.0808
-0.0451034
0.527376
-3.54883
0.20301
2.41112
-0.763871
3.71153
-7.57495
-0.869311
1.28671
5.00949
-0.994229
32.4956
9.85838
-14.7497
0.0198438
-1.29261
4.7492
-0.49066
1.40726
-2.51356
-1.11827
0.643255
-1.77252
-25.1415
0.434014
0.605504
0.732488
-0.0937675
1.04986
0.611912
1.71355
1.89557
0.100131
-0.530313
-0.909388
0.163716
-2.50607
0.972707
0.277326
-2.22161
-0.544506
4.96331
-0.914208
-0.069174
1.51211
-0.0780075
8.87924
-2.1645
0.93842
0.905462
-2.90632
-0.479613
0.916176
-0.0639985
-1.17841
-2.026
0.728612
0.180207
-1.01277
-1.80176
-2.09076
0.457487
-0.74926
0.0670403
-1.72992
0.298156
-2.43451
-3.16684
0.369926
0.341918
-5.56645
0.271597
-2.21577
-0.499889
0.983612
-1.10353
-2.59255
-2.18461
0.19452
-0.740138
-0.0546955
-0.128785
-0.285696
-5.23404
2.62923
2.59347
2.13235
-1.26346
0.633553
3.28982
0.602888
-0.00526914
1.16668
2.29265
1.52043
1.56885
1.27998
22.4428
0.494639
0.624224
1.04404
-1.34593
-0.673017
-0.57505
2.63645
-0.745518
-0.884257
-0.0322011
-4.97733
-0.395229
0.0604267
6.02949
37.2789
2.77045
0.397522
-1.53185
0.54466
-38.0974
0.016564
0.292684
-0.602016
-3.8507
-0.672003
-0.37963
1.82051
-0.723592
0.300659
0.336418
9.28708
0.350388
0.968198
-0.853669
-5.5543
-1.1801
0.436723
-0.565941
5.72723
1.51356
2.21352
-6.50737
-0.56673
-0.136635
0.459687
1.58715
-0.581985
-2.27207
-0.166519
5.55394
-0.349896
-0.32079
-0.178267
-6.16262
30.4838
-0.778094
0.0106638
-0.141576
1.87697
-0.0499297
8.4346
-16.1202
-8.66509
0.476836
-2.30542
-0.669769
-0.527559
-23.5291
0.309058
0.703413
-0.674551
-1.14861
5.97105
-1.487
-1.76192
0.0877758
1.16202
-11.0594
-2.19698
-1.08012
0.745203
-0.166724
5.4689
-3.31643
-0.301007
1.0044
-2.4264
0.738177
-11.3632
-28.0745
0.913871
-0.22016
-0.240497
0.975887
1.58343
0.425667
0.0583214
-1.63403
-0.061489
-0.113151
-2.20997
-119.978
9.61874
-2.63089
1.42198
-0.0926209
-1.34819
0.815452
-1.27633
-0.238682
-2.05693
-25.5366
-2.85974
0.680689
-0.0592589
5.09095
1.92029
6.16697
2.86503
-0.600242
4.4278
0.43273
1.69442
-0.617816
6.02593
1.18178
-4.02135
0.119375
-0.00646178
2.18608
2.30083
2.10627
-0.622834
4.63416
-2.99911
-1.7579
0.433998
-2.62233
-0.526793
-0.148803
-0.554491
-0.319673
1.30961
-0.216439
0.0671092
-4.35991
-1.51701
-32.4977
-0.19108
-0.454472
-1.58654
-2.0514
1.39864
-0.767304
1.71091
-1.12089
0.177793
1.57521
-2.14471
-1.05877
-1.15649
0.19918
-0.457229
-0.178622
0.729698
-1.91686
-0.948706
-0.212642
2.0541
-0.926599
0.0690172
0.717868
-0.192604
-21.0769
0.0921943
1.35523
-3.1167
-0.634105
0.12837
26.1765
1.15796
2.8974
-1.58871
0.783975
1.09969
1.29652
1.58011
-8.49731
-0.522708
-3.35583
0.517198
-0.257978
0.275102
3.25066
0.137803
0.30434
-0.0581316
-0.314355
-0.586802
3.96138
4.10013
-4.68762
-4.07681
-1.25518
-0.0533903
0.499472
0.884208
68.1547
-1.60829
3.01286
2.1165
0.114927
0.302854
-2.01168
-0.0997047
-0.870509
0.969763
0.676832
0.756913
-0.229811
0.0297975
-5.23001
-11.632
-1.18032
1.46542
-1.48864
12.0233
-1.27477
-1.32586
0.431982
0.0493759
-0.105644
-1.89513
-0.080518
-0.389992
-0.349329
-1.72849
5.11147
0.688845
1.1179
-5.00709
289.439
-0.341386
-1.82928
-0.21321
1.01355
-0.226439
-0.226838
-0.981066
0.192176
0.0632933
2.6656
-6.22862
4.59157
0.928825
0.418673
-0.564759
0.821263
0.427534
0.526833
-25.5131
71.6017
0.31497
-0.110538
-0.364761
14.9577
1.57405
-0.388312
-3.29007
0.659833
-0.806307
4.07282
-1.87857
0.790091
0.595073
-0.39385
-2.64706
0.638927
-1.45132
-0.590374
-0.250627
-0.302537
-2.05832
-2.23471
0.590007
-6.43435
20.6827
-3.76294
-0.189905
3.09467
-49.6102
-0.430539
-0.190046
-1.116
0.828781
-0.723156
-8.63312
-0.695475
0.332239
-3.70091
-4.82426
3.86531
7.29974
-1.60323
-0.0564369
-0.285888
2.2195
-2.32611
1.08263
0.293394
1.55639
-0.682545
0.425451
0.971965
-3.00348
1.13382
4.03618
10.5916
-0.363019
0.0559169
1.04448
2.68434
7.2329
0.276303
-2.79091
-0.778545
-0.161506
0.321454
-2.23072
-17.834
-1.72154
-1.57257
5.95076
-0.498754
-7.47207
-1.28438
-2.43964
0.0490936
0.710716
-0.198096
20.8475
-0.323743
0.635847
-0.307511
1.15114
-0.336474
1.4451
0.172885
0.960114
4.7
-1.4645
-55.5989
-0.614705
8.84662
-2.63609
-0.423846
0.702366
1.74429
-1.39153
-2.2305
-1.64171
1.69383
-0.0496273
-0.669337
-0.0198718
-1.38521
-0.131321
0.971203
-0.804913
0.414451
0.874041
-1.97795
0.853509
-0.318615
4.48182
-9.74846
-0.332779
-4.16587
-0.588934
-0.092288
-3.01188
2.95656
-1.64187
-20.7392
-0.732186
4.1191
-0.335713
-0.125835
1.02999
-0.384728
0.695184
-0.621802
-0.509103
-0.253812
4.67942
-0.306456
-0.254369
-5.86258
-1.29617
0.768948
0.975698
-0.645292
1.05697
-3.42476
1.82941
-0.28373
0.388962
-0.0834576
-1.7008
0.159465
0.326699
3.99611
0.314648
-4.44386
-0.309075
4.47178
-10.074
17.8865
0.00623194
-4.55288
-0.559483
8.79846
3.71801
-0.808785
0.843602
0.305932
-1.9338
-0.504191
1.17575
-6.49219
0.621015
-0.133628
1.90917
1.4448
0.0719969
-2769.57
41.9953
0.259168
-13.5437
-0.245663
-0.765917
4.53064
-4.53876
1.94404
0.518984
15.504
-0.701681
0.398111
-0.822004
2.44235
-0.468509
-1.28608
9.46399
1.86149
-1.40824
-6.50622
72.9098
-0.740748
-0.634884
2.60148
2.8661
-1.09545
0.027379
-3.18117
-0.440121
-0.964623
0.493665
0.0587546
1.63323
-2.7539
0.218083
1.63865
3.8948
-0.840608
-2.1928
1.14991
-0.223561
-1.16925
-3.19602
-1.52041
-1.74463
0.381977
-0.830399
0.0245599
1.20084
-6.39215
-0.239689
0.0461301
-0.620894
3.13827
-0.872618
-0.11712
-0.622527
0.872598
1.21501
0.121539
4.48198
-0.916509
0.605088
0.898622
2.12558
-10.945
-13.7585
-1.05887
0.22321
-0.119813
-0.357167
-0.103738
2.58156
16.0954
1.6954
-1.53824
1.05719
3.56043
4.62065
1.55369
-0.337434
-0.955378
-4.44767
-2.29456
0.433573
-1.48743
40.7131
-1.06305
-1.94394
0.151576
3.78984
-0.695722
9.7202
0.918237
-3.41526
0.516828
-2.33157
-0.544706
-0.0339933
0.246702
0.571289
-0.0913362
-19.6969
3.01207
-47.965
0.412028
2.80435
3.16459
-0.516712
-0.124613
-0.359723
-9.40601
0.12853
-0.674245
-0.0205254
-3.29699
-1.28132
7.71738
1.09283
2.30347
-0.426782
-1.43567
-0.409947
0.235802
1.28297
1.86758
1.82619
0.231169
0.672791
0.736431
-0.118858
-1.64013
0.264026
2.88686
-2.57482
2.01788
0.714371
-1.0364
1.14826
2.30066
-3.10157
1.26861
-0.0859481
-1.13989
0.654531
0.501781
1.68502
2.07305
0.0341521
-0.532707
-0.53988
-1.79234
-0.706908
3.62986
-0.68939
0.566763
0.457969
0.0372179
-2.63981
-1.21812
-0.230069
-1.01965
5.29193
0.27947
-1.41528
1.46392
-1.62897
-1.58019
-0.984364
2.20013
-0.122767
2.02957
-8.87262
-0.0917468
-1.51765
-2.09596
0.726922
0.284371
2.95082
-0.593996
8.88692
3.3905
-0.613747
-0.154312
0.26818
2.7277
0.67311
3.44838
-5.78828
3.04006
-0.439843
1.16723
-1.05889
-5.21989
0.246523
-0.170697
1.19939
-0.818232
-58.6008
-0.365653
-1.89557
2.69659
-4.72751
-0.85823
-1.8416
2.31068
-0.856756
4.69467
-9.101
-27.1455
-1.83726
0.915374
-0.8126
-13.8046
-2.66806
-0.260897
0.954336
-1.93232
-0.0636452
1.58302
1.06298
-0.787426
-0.624881
0.431461
-0.603905
-0.289585
-4.25697
-3.10863
1.73889
-0.60901
-1.19185
-0.588894
1.52138
12.3777
-0.709954
-0.0459284
0.0999999
-0.285518
2.18417
-0.306314
4.74422
1.32086
0.754489
-1.31641
0.305413
0.441907
2.06383
-1.03618
-0.6006
-19.1811
-0.546967
1.72932
1.06679
1.15867
0.236844
3.59945
-0.142722
2.30209
1.05184
5.10135
2.17512
-0.330903
0.989596
-8.99208
0.624964
1.49796
-0.154054
2.38916
1.54342
2.54507
-0.666572
12.505
-12.3759
-3.64031
-0.08986
-0.187335
1.41135
2.06899
-0.473708
10.7783
1.0025
0.138989
0.962573
-3.30597
4.01201
0.21656
3.63442
5.48907
0.538662
-13.6984
0.0905763
0.81513
0.543714
-1.23435
0.122173
-0.267265
0.918378
1.82589
2.62912
0.112921
-2.93268
0.457812
-0.670989
2.2636
0.636587
-0.761954
-0.636395
3.02778
7.5905
-0.597318
0.478291
-0.130888
-1.83285
0.257033
0.235154
-0.961965
2.10074
0.779024
0.0757127
-0.383045
-2.26905
0.339161
-0.841237
-4.44975
-0.877432
0.743896
-0.836837
-0.134136
2.5813
3.14329
-2.88262
6.14058
-0.0120218
0.996757
1.42318
2.77525
5.22573
0.160918
5.02924
-1.0934
-1.52738
0.525017
-1.78176
2.59693
27.1553
2.23972
-2.93943
29.5809
-1.61173
2.37131
4.88902
-1.52546
1.2086
0.176961
-0.143453
0.397004
5.22802
-8.09936
-0.582406
-1.89808
0.622978
-2.69536
-0.92871
0.0143672
-0.794792
-1.38803
1.42684
3.70425
-0.571772
-4.38555
-0.295194
0.213555
0.628919
2.36019
0.515151
-0.47426
0.0962169
-0.547144
-0.60026
-2.77341
-0.0767542
-0.183113
4.20474
9.16292
0.744535
0.174263
-0.296744
-0.325213
-2.87706
-0.843405
1.84676
-1.27382
-0.11553
-0.0939939
-0.0210238
0.987871
0.839835
-0.839184
1.38416
30.5856
-0.29604
-3.05341
0.176246
-0.433939
-0.78775
-3.65362
0.602337
-2.02697
-0.31569
-1.37887
0.831209
-0.501391
-1.06726
-3.80406
-0.913822
-0.690987
10.0352
0.660408
-2.59771
0.0618719
0.13754
0.858735
-0.340287
0.340826
0.432709
-2.69716
0.719006
0.190872
-0.189666
-3.62618
-24.1981
0.327857
1.0521
22.3314
-0.890379
0.408399
-0.270302
-0.477183
-0.24886
-0.273378
0.895237
0.995977
-0.0836674
0.331985
-1.98478
0.79809
-1.06269
-1.28121
-0.764382
0.408057
-0.136902
0.980724
0.258714
-2.5803
-0.393536
-0.292526
-1.2429
1.80207
0.329468
5.97666
-0.272426
-0.359473
0.697433
-0.488975
9.18228
0.776841
1.85291
-1.6408
1.5924
-3.11763
-7.98943
0.54948
1.83176
4.04921
13.0186
-3.27722
-0.285356
0.413266
-0.423989
-0.875868
0.74322
-1.87269
-3.75437
-0.552421
-1.30701
2.71498
7.4165
0.362032
-1.94521
-7.33837
2.18988
1.58614
-0.000590569
-0.975311
0.257748
0.189605
-1.02844
1.27749
0.149482
-0.680872
-10.0814
0.624988
3.61093
0.884046
0.459376
-0.286515
1.68739
-2.91423
0.890433
-0.52529
0.355456
1.18753
9.06918
0.432151
-0.372905
-0.584854
-0.957556
-10.301
0.251256
4.3626
-1.69119
-0.716894
0.391507
-11.9965
0.203666
31.2586
1.08581
-1.59439
-4.33373
-7.27337
-2.04263
1.17665
1.02582
-0.57911
285.922
-14.3485
0.727903
-1.31461
1.90754
-0.141285
-2.11991
-1.16054
-0.113604
189.106
-0.796429
-0.24201
-2.91063
0.288412
-2.10623
5.10288
-29.4904
0.608639
-4.6741
-2.01236
-0.762689
1.40472
-2.59189
3.47385
-1.33012
1.24305
5.02138
0.637991
1.12244
1.37573
-0.335581
0.201517
-3.04479
-0.552054
3.38476
-0.565397
0.134263
-0.0265226
-4.87383
4.10891
0.953557
-1.51556
0.336331
-0.360302
-0.654317
-12.783
1.88419
29.6234
-42.4391
1.69671
-0.756407
-0.251228
-0.137668
1.7372
0.569654
0.978461
-2.76457
7.09688
0.0124489
2.03868
-0.310001
0.182984
-2.78558
0.655981
-0.961355
-4.299
-0.138044
0.508747
-1.24664
0.340201
0.718387
-1.20987
0.13584
-0.0227307
-0.727031
1.29732
-0.00190906
-0.0582489
0.237221
4.19189
3.99587
5.15984
0.356392
-1.3106
-1.82883
-2.35527
1.0216
1.04872
0.661637
0.250188
-4.02108
-0.812078
-0.389502
0.60372
0.204673
7.30567
0.238039
-0.0104781
-0.409665
-0.931753
0.932812
-0.240878
0.0421003
-0.398443
-0.130721
-1.23307
1.19594
-1.79836
4.70855
0.146506
-0.933735
-0.286656
-0.540982
-0.256123
-1.15832
0.246486
1.30003
0.230115
-0.788847
1.68492
-8.11824
-11.259
-8.25588
2.72057
0.238266
0.614363
8.74363
10.1345
-0.44756
0.633175
0.220167
-1.09137
0.32475
10.3044
-0.962713
-0.264315
0.713422
0.0291565
-7.46715
-0.452924
5.17454
-0.733894
1.53817
-0.359775
1.57529
12.9584
-0.29997
0.71749
-0.450266
-0.260638
-0.195822
-24.7422
-0.789752
-2.45042
0.800113
-2.11949
-5.4032
3.24547
-0.3437
-0.597452
-0.414357
-0.353875
-1.76932
-0.718847
0.533995
-0.682078
-1.74558
-0.667533
0.359108
-4.21658
0.535657
-0.591618
-8.02788
0.695728
-0.557361
1.13802
2.31613
-1.41684
1.56825
1.2869
1.47608
-1.36212
-1.0206
0.0974588
-0.554423
8.49308
12.0932
0.0174378
0.0565267
-0.866276
-0.90371
-0.0119823
-0.0466849
-0.157367
-0.614841
-0.605155
-0.933905
-1.4415
0.0488309
3.33607
-0.26395
-0.968406
0.258483
-0.454155
0.0789554
-0.0305455
0.82394
-0.395797
0.957972
1.36422
-0.598403
-1.11022
2.30857
7.74959
0.304028
-0.157686
0.344564
9.01782
-0.547612
-2.33447
0.148049
-1.44802
-4.2999
-1.36133
0.281224
-1.56519
0.55832
-22.4979
-16.2557
0.303547
1.96733
3.41298
3.3878
-3.43507
1.66995
0.889458
-1.69551
-2.70805
-2.31519
-0.439938
0.693313
-2.03998
-0.649674
-0.416842
1.17206
0.68782
4.5457
3.84839
-0.0178747
-47.9166
-1.41844
-0.426464
-1.42555
-2.77991
1.32629
-5.40874
-0.596501
-41.3157
3.38837
-0.585779
-1.73918
-0.681928
1.13767
-1.74195
-2.20469
-3.74869
0.397032
-4.79148
-1.5507
-0.22121
-0.298777
2.65048
-0.348872
-1.02072
0.491121
-5.7944
0.667047
-2.50064
0.305885
-0.0349085
1.8083
1.22191
-3.98345
0.856632
-1.96468
-7.13957
0.498215
1.92884
-54.2846
-0.656895
3.66489
-0.254455
1.99964
2.57974
0.0143529
1.08474
0.629749
5.67596
0.117869
0.799667
-1.48686
1.09179
-2.458
0.461916
0.12418
-1.41278
-1.26425
2.19724
-3.91803
-0.793835
0.893054
-0.83165
0.824695
-3.95894
1.26959
0.167077
0.929909
0.264696
4.89224
-1.00645
0.828331
3.40683
-1.46558
2.89608
-0.477597
0.657847
-6.3303
0.338882
3.54615
0.648999
0.82332
-0.444313
-8.94433
0.512161
-0.0897974
-1.10274
0.0746354
-57.6116
0.601997
1.83375
-0.0811585
5.01313
-1.7533
0.479313
0.293146
3.15926
0.266341
0.810324
-0.444433
0.258087
4.61881
-8.21077
-1.22485
-1.25538
0.0276967
-3.03888
-0.979367
10.3858
0.631732
1.08417
5.53273
-10.9984
-1.3391
-0.594539
-2.45954
0.798512
-0.0924721
0.000272462
0.953823
0.488161
1.41572
-0.0722813
1.59873
-1.2229
0.290328
2.05087
-0.453054
1.2854
-1.00716
1.11199
0.370416
-1.35547
-1.93826
-3.61976
-0.372395
0.680631
-2.66684
8.88995
0.215141
-130.857
30.7265
-2.77188
-4.46811
-0.0438975
-2.5697
0.942239
-1.03404
-0.757133
0.081124
-0.146072
-0.925411
-0.10215
-10.1375
3.13407
1.04641
-1.30997
-0.263829
-1.525
0.520892
-0.579476
0.51283
2.02319
-2.5329
-12.7465
2.05148
0.529395
-0.248517
0.151816
0.00926489
9.39887
0.262581
-61.1919
0.512386
-3.35929
-0.310868
3.6871
0.213128
11.5328
-0.168645
-0.274492
-1.5411
0.115074
-2.83571
0.0862812
-1.53182
-0.319006
-1.60044
-1.2772
-3.23522
1.89686
1.65118
-0.0955773
0.235213
-3.48527
0.866397
-1.20758
0.82024
1.16472
-0.560056
0.141734
2.49404
2.19432
0.273192
1.7313
-0.895382
-0.393647
-1.96594
-1.31421
-26.2896
-0.282724
-0.0615701
-53.7612
-0.28448
-0.0753954
12.6425
-0.260249
4.05508
10.5741
0.00544626
-0.621852
-2.46875
-1.31504
1.1547
1.04804
-0.332982
0.677671
2.29766
-0.214813
1.30661
1.66826
-0.337051
0.154516
0.512491
2.61976
-0.497765
3.58171
-6.16704
-0.486382
3.94464
-2.81623
0.498784
0.756106
-0.91971
2.18732
1.57807
0.252637
1.15763
-1.24461
-0.82673
9.64061
1.5792
1.37183
0.905302
0.537239
-0.0275514
-1.34228
-1.26544
0.137495
1.05281
0.302272
3.84174
3.00714
1.17206
-1.37894
0.344177
0.0610314
-22.9816
0.509605
-14.7144
0.388825
1.13308
-33.1058
-0.834387
0.070666
-1.13325
0.266586
-0.974997
-2.91606
0.280994
-1.64864
17.9978
-6.50237
-0.290885
-0.631418
-0.798975
-3.66292
0.189761
-1.03533
-0.549273
-2.04725
1.3684
0.953266
15.7719
1.32745
-1.25184
-0.306422
-2.96973
-12.4542
-0.311467
-0.423744
-0.593092
-1.22856
0.861346
-0.416894
2.21832
0.648371
2.10034
1.15432
-5.40217
5.52187
4.01263
-63.9321
-0.0192825
-8.6426
-2.75645
0.499777
-31.5653
0.830152
0.503991
-0.679138
-0.0498089
-0.34694
4.91126
-1.53238
0.182353
0.800134
-0.0902959
0.834712
-0.33688
-1.69926
-0.908767
0.671097
-1.76239
0.786681
1.77969
-0.976859
0.160581
-2.06231
1.23133
-0.612097
-0.181582
0.806329
-0.38454
-0.612957
5.00757
0.861447
-2.17678
-0.0304993
4.22926
23.6733
-1.37152
-8.75272
-0.414678
-0.457287
-1.60513
9.99312
1.88599
-1.74408
0.299993
0.00338769
2.84482
0.650563
0.554018
0.605799
-0.718074
-4.27457
0.579251
0.73444
-2.18399
-0.2585
1.69779
-9.15764
-0.610186
4.51562
0.580472
-0.216185
0.180844
-70.1435
1.13106
-11.3327
0.062218
11.8208
-0.63621
9.63156
1.29614
2.36756
0.922253
-1.26491
-19.0511
-1.45735
0.101366
1.32269
-14.8854
2.74386
0.767853
1.08752
-7.46257
0.0140743
-0.814676
-0.13552
1.18383
-1.42754
0.659082
3.60788
4.61916
-645.372
0.906484
0.146019
-7.25137
-0.174972
-0.403507
-2.37788
-1.05251
-0.110368
1.36855
4.52688
-1.36287
-0.279609
0.210377
4.61887
-0.280656
-2.78105
-2.49087
0.474217
0.630337
-1.07518
0.839351
-2.5018
4.02339
-1.04148
-0.569564
0.499569
1.77539
-1.67277
0.363109
1.14758
0.892835
0.0643942
2.49743
-0.700002
-0.189829
9.06237
0.1754
0.0809275
-1.11453
-0.121159
3.61766
-0.611481
1.25053
0.462193
-12.0238
-0.125772
0.0467049
0.298521
-0.0841393
0.100013
3.19011
0.267782
56.6123
-1.29429
4.622
-4.32141
-0.847567
-3.91941
-0.150896
0.11598
-1.54901
3.47817
3.76658
1.0483
-0.310299
2.21416
-1.09102
-0.0542208
-3.92613
-0.663962
0.797306
0.451607
-5.5958
0.720613
-38.6993
1.00855
0.573991
0.482946
-0.739556
1.08813
0.232418
0.0120573
-0.452071
-0.842176
1.55963
0.145192
-1.31325
0.976329
2.23107
-1.0207
7.56665
-2.78998
0.251098
-0.0780472
1.69971
0.464102
-1.87591
-1.6744
15.1344
-1.85059
6.29533
6.31552
3.88303
0.488786
-0.256299
0.49981
-2.09518
-0.714227
3.24576
-4.24987
-0.00029938
0.00178934
-0.197401
0.845321
