0
0.0463381
0.0379788
0.0334746
0.0259311
0.0213501
0.0182208
0.0157924
0.0155744
0.0146595
0.0134017
0.0124948
0.0114962
0.0106521
0.0100606
0.00991954
0.00932417
0.00889531
0.00841457
0.008299
0.00795949
0.00763052
0.00733614
0.00703511
0.00683692
0.00657556
0.00640214
0.00618093
0.00599457
0.00579135
0.00565359
0.00554407
0.00553623
0.00560763
0.00547199
0.00532493
0.00528224
0.0051483
0.00501497
0.00495924
0.0048381
0.00472181
0.00461097
0.00455578
0.00445741
0.00436517
0.00428434
0.00419685
0.00411626
0.00404667
0.0039695
0.00392692
0.00387284
0.00385337
0.00379767
0.00373638
0.00370761
0.00367909
0.00363382
0.00357725
0.00365093
0.00368513
0.00362617
0.00357699
0.00353661
0.00348267
0.00354668
0.0034972
0.00347014
0.00360314
0.00355866
0.0035089
0.00346755
0.00353417
0.0034868
0.00346965
0.0034674
0.00346261
0.00344122
0.00339997
0.00342994
0.00340408
0.00337282
0.00333299
0.00334381
0.00330475
0.00326843
0.00326578
0.00323504
0.00320521
0.00327647
0.00327154
0.00324817
0.00321345
0.0032054
0.00317311
0.00314229
0.00311871
0.00309729
0.00306686
