0.456646
0.507377
0.478616
0.498007
0.497227
0.494185
0.496512
0.495764
0.502613
0.507097
0.505109
0.507595
0.507307
0.507691
0.505959
0.50907
0.509381
0.508001
0.508066
0.505783
0.504745
0.503933
0.503108
0.503493
0.504582
0.504869
0.505836
0.506204
0.506799
0.506769
0.505995
0.505111
0.506438
0.504821
0.504271
0.50399
0.505023
0.504751
0.504681
0.503839
0.503947
0.503997
0.504042
0.50336
0.503167
0.50294
0.502603
0.502449
0.502668
0.502334
0.502485
0.501963
0.50236
0.501722
0.501382
0.501149
0.501672
0.501156
0.500796
0.500974
0.499997
0.50082
0.500811
0.501047
0.501371
0.501349
0.502249
0.502102
0.502507
0.503639
0.503855
0.503859
0.504079
0.503188
0.503208
0.503655
0.503108
0.503631
0.504025
0.504142
0.504841
0.505171
0.504911
0.504849
0.50427
0.50425
0.504138
0.503662
0.503461
0.503661
0.502831
0.502382
0.502102
0.502091
0.501683
0.501592
0.501705
0.501472
0.501219
0.501284
