1.09914
1.09618
1.09103
1.08348
1.07324
1.05997
1.04319
1.0224
0.997043
0.966642
0.930892
0.889808
0.843864
0.794144
0.742394
0.690966
0.64253
0.599708
0.56458
0.538377
0.521366
0.512941
0.511868
0.516545
0.52525
0.536335
0.548338
0.560072
0.570672
0.579604
0.586644
0.591858
0.595501
0.597944
0.599546
0.600582
0.601153
0.601209
0.600533
0.598805
0.595698
0.590965
0.584536
0.576543
0.567354
0.557528
0.547725
0.538599
0.530745
0.524621
0.520552
0.51871
0.519085
0.521506
0.525646
0.531057
0.537216
0.543561
0.549545
0.554674
0.558569
0.561025
0.562043
0.561801
0.560607
0.558863
0.556967
0.555281
0.554101
0.553686
0.554257
0.555957
0.558802
0.562618
0.567063
0.571718
0.57615
0.580055
0.583276
0.585809
0.587787
0.589422
0.590938
0.592527
0.594299
0.59628
0.598399
0.600516
0.602455
0.604011
0.605004
0.605281
0.604758
0.603444
0.601457
0.599031
0.596471
0.594092
0.59216
0.590831
1.09694
1.08987
1.07878
1.06362
1.0446
1.02243
0.998301
0.973671
0.949716
0.926851
0.90472
0.882726
0.860662
0.839001
0.818859
0.801716
0.789017
0.781666
0.779587
0.781547
0.785448
0.789126
0.791086
0.790925
0.78922
0.787252
0.786532
0.788418
0.793738
0.802644
0.814655
0.8288
0.843731
0.857857
0.8696
0.877712
0.881616
0.881628
0.878878
0.874878
0.870873
0.86752
0.864942
0.863117
0.862196
0.862553
0.864702
0.869115
0.876005
0.885186
0.896046
0.907647
0.918924
0.928893
0.936769
0.942063
0.944641
0.94464
0.942403
0.93834
0.932785
0.925922
0.917819
0.908484
0.898066
0.886973
0.875916
0.865823
0.857542
0.851547
0.847707
0.845413
0.843912
0.842628
0.841245
0.839635
0.837705
0.835382
0.832849
0.830766
0.830315
0.832852
0.839338
0.849823
0.86334
0.878278
0.892907
0.905861
0.916352
0.924147
0.929327
0.932119
0.93266
0.930948
0.926955
0.920742
0.9125
0.90246
0.890819
0.877725
1.08371
1.06238
1.03906
1.01546
0.993142
0.973491
0.957888
0.947539
0.942979
0.943664
0.948176
0.95492
0.962773
0.971286
0.980504
0.990571
1.00144
1.01273
1.02386
1.03405
1.04234
1.04754
1.04835
1.04354
1.03231
1.01469
0.99194
0.96662
0.942248
0.922421
0.909714
0.905177
0.908466
0.918335
0.933048
0.950587
0.969051
0.986896
1.00301
1.01665
1.02733
1.03479
1.03905
1.04043
1.03954
1.03711
1.03395
1.03082
1.02834
1.02685
1.02637
1.02666
1.02743
1.02849
1.02983
1.03152
1.03352
1.03551
1.03689
1.0369
1.03483
1.03022
1.02314
1.0142
1.00479
0.997064
0.993546
0.996177
1.00526
1.01911
1.03469
1.04876
1.05879
1.0635
1.0629
1.05794
1.04993
1.04002
1.02906
1.01796
1.008
1.00094
0.99833
1.00057
1.00642
1.01343
1.01899
1.02144
1.02072
1.01844
1.01702
1.01826
1.02199
1.02624
1.02879
1.02859
1.026
1.02208
1.01782
1.01402
1.09672
1.09471
1.09557
1.09991
1.10733
1.11649
1.12569
1.13358
1.13947
1.14339
1.14582
1.14707
1.14705
1.14519
1.14058
1.13244
1.12028
1.10402
1.08404
1.06131
1.03763
1.01587
0.999531
0.991679
0.993642
1.00453
1.02168
1.0417
1.06143
1.07851
1.09152
1.09986
1.10345
1.10261
1.09803
1.09076
1.08201
1.0726
1.06268
1.05205
1.04089
1.03029
1.02207
1.01804
1.01928
1.02576
1.03626
1.04869
1.0609
1.07139
1.0796
1.08572
1.0903
1.09387
1.09662
1.09831
1.09839
1.0963
1.09174
1.08498
1.07681
1.06829
1.06064
1.0551
1.05269
1.05355
1.05665
1.06017
1.06238
1.06227
1.0598
1.05569
1.05116
1.04751
1.04592
1.04706
1.0511
1.05763
1.06588
1.07494
1.08396
1.09221
1.0991
1.10423
1.10734
1.10819
1.10655
1.10249
1.09679
1.09118
1.0876
1.08661
1.08653
1.08456
1.07869
1.0688
1.05635
1.04366
1.03295
1.02571
1.09607
1.09393
1.0926
1.09004
1.08442
1.07499
1.06242
1.04843
1.03489
1.02325
1.01433
1.00883
1.00781
1.0125
1.02366
1.04047
1.0604
1.08002
1.09625
1.10729
1.11282
1.11362
1.11121
1.10737
1.10354
1.1004
1.09772
1.09483
1.09138
1.08797
1.08573
1.08529
1.086
1.08612
1.0838
1.07806
1.06904
1.0578
1.0458
1.03424
1.02376
1.01443
1.00624
0.99961
0.995417
0.994638
0.997671
1.00397
1.01242
1.02243
1.03474
1.05074
1.07038
1.0912
1.10953
1.12258
1.1295
1.13116
1.12951
1.12703
1.12609
1.12844
1.1346
1.14363
1.15323
1.16052
1.16303
1.15971
1.15147
1.14096
1.13143
1.12525
1.12298
1.12367
1.1257
1.12761
1.1285
1.12809
1.1267
1.12494
1.12345
1.12262
1.12254
1.12317
1.12471
1.12754
1.132
1.13818
1.14581
1.15447
1.16366
1.17274
1.18102
1.18779
1.19249
1.19475
1.19434
1.19117
1.18541
1.17757
1.09198
1.08507
1.08192
1.0839
1.09141
1.10366
1.11886
1.1347
1.14907
1.16058
1.16866
1.17327
1.17443
1.17201
1.16595
1.15654
1.14453
1.13066
1.11528
1.0985
1.08107
1.06473
1.05166
1.04308
1.03865
1.03692
1.03626
1.03562
1.03461
1.03349
1.03266
1.03224
1.03175
1.03008
1.02593
1.01858
1.00864
0.998272
0.990355
0.987212
0.989625
0.996714
1.0066
1.01724
1.02707
1.03533
1.04205
1.04784
1.05348
1.05952
1.06598
1.07245
1.07836
1.08342
1.08778
1.09198
1.09661
1.10204
1.10822
1.11482
1.12149
1.12806
1.13455
1.14098
1.14724
1.15292
1.15736
1.15978
1.15969
1.15717
1.15312
1.14873
1.14483
1.14126
1.13717
1.13167
1.12453
1.11632
1.1081
1.10059
1.09364
1.08613
1.07688
1.06566
1.05383
1.04387
1.03835
1.03849
1.04339
1.0505
1.05714
1.06186
1.06472
1.06681
1.06941
1.07349
1.07931
1.08646
1.09399
1.10068
1.10329
1.10483
1.10454
1.10351
1.10325
1.10482
1.10786
1.11043
1.11029
1.10624
1.09839
1.08767
1.07511
1.0613
1.04618
1.0292
1.01012
0.990679
0.975939
0.971566
0.978159
0.990443
1.00261
1.01203
1.01872
1.02349
1.02696
1.02976
1.03301
1.03805
1.0454
1.05392
1.06146
1.06629
1.06794
1.06702
1.06471
1.06218
1.06017
1.05893
1.05849
1.05907
1.06124
1.06584
1.07356
1.0846
1.09836
1.11361
1.12882
1.14251
1.15343
1.16074
1.16404
1.16338
1.15921
1.15213
1.14277
1.1317
1.11943
1.10637
1.09297
1.07994
1.0684
1.05971
1.05479
1.05349
1.05432
1.05503
1.05354
1.04864
1.04031
1.0295
1.01768
1.00645
0.997078
0.990314
0.986223
0.984312
0.983859
0.984314
0.985476
0.987577
0.991216
0.997244
1.00649
1.01933
1.03529
1.05299
1.07046
1.08562
1.09658
1.10177
1.10021
1.09176
1.07749
1.05982
1.04207
1.02741
1.01744
1.01162
1.09537
1.08922
1.08118
1.07169
1.06208
1.05413
1.04969
1.05016
1.05606
1.06684
1.08099
1.09671
1.11252
1.12766
1.142
1.15547
1.16775
1.17852
1.18768
1.19534
1.20157
1.20623
1.20919
1.2108
1.21203
1.21388
1.21643
1.21888
1.22028
1.22032
1.21921
1.21737
1.21514
1.21268
1.21004
1.20712
1.20369
1.19927
1.19344
1.1862
1.17832
1.17106
1.16514
1.15996
1.15406
1.14646
1.13763
1.12906
1.12232
1.11848
1.11813
1.12122
1.1269
1.13364
1.13994
1.14483
1.14794
1.14943
1.14965
1.14902
1.14777
1.14571
1.14229
1.13673
1.12848
1.11776
1.1057
1.09407
1.08459
1.07821
1.07489
1.07381
1.07376
1.07362
1.07261
1.07064
1.06837
1.0669
1.06717
1.06945
1.07325
1.07764
1.08177
1.08514
1.08762
1.08916
1.08953
1.08828
1.08514
1.08041
1.07505
1.07022
1.06665
1.06439
1.06324
1.06334
1.06543
1.07054
1.07938
1.0919
1.11331
1.12943
1.14549
1.16015
1.17234
1.18125
1.18629
1.18723
1.18432
1.17816
1.16945
1.15866
1.14609
1.13212
1.11767
1.10417
1.09322
1.08606
1.083
1.08322
1.08512
1.087
1.08771
1.08699
1.08521
1.08298
1.08087
1.07939
1.07899
1.07993
1.0819
1.08384
1.08439
1.08285
1.07984
1.07703
1.07599
1.07698
1.07888
1.08
1.07914
1.07595
1.07088
1.06488
1.05915
1.05474
1.05222
1.05174
1.05328
1.05715
1.06392
1.07435
1.08878
1.10639
1.12492
1.14119
1.15219
1.15586
1.15126
1.13862
1.11933
1.09605
1.07241
1.0521
1.03774
1.02999
1.02755
1.02796
1.02891
1.02895
1.02746
1.02416
1.0187
1.01076
1.00076
0.990457
0.982782
0.980411
0.984263
0.993302
1.00571
1.02004
1.03555
1.05191
1.06881
1.08585
1.10269
1.11911
1.13487
1.14955
1.16245
1.17301
1.18119
1.18743
1.19224
1.1956
1.19691
1.19548
1.19144
1.18614
1.09621
1.09594
1.0999
1.10645
1.11279
1.11613
1.11463
1.10769
1.0959
1.08079
1.06417
1.04746
1.03126
1.01536
0.999514
0.9843
0.971559
0.963533
0.961502
0.965169
0.97312
0.983648
0.995275
1.00698
1.01838
1.02996
1.04306
1.05891
1.07718
1.09542
1.11004
1.11797
1.11752
1.10856
1.09235
1.07136
1.049
1.0291
1.01529
1.01036
1.01564
1.03039
1.05187
1.07606
1.09907
1.11798
1.13088
1.1364
1.13357
1.1223
1.10395
1.08093
1.05506
1.02712
0.99864
0.973636
0.957433
0.953443
0.960956
0.976153
0.99491
1.01476
1.03469
1.05395
1.07137
1.08559
1.09558
1.10104
1.10252
1.10114
1.09815
1.0945
1.09066
1.08703
1.08437
1.08384
1.08635
1.09178
1.09898
1.10634
1.11253
1.11679
1.11886
1.11872
1.11644
1.11214
1.10599
1.09823
1.08923
1.0795
1.06981
1.06106
1.054
1.04894
1.04545
1.04276
1.04052
1.03919
1.03951
1.04122
1.10004
1.09761
1.0925
1.08604
1.07979
1.07443
1.06959
1.0647
1.06005
1.05722
1.0585
1.06546
1.07782
1.09352
1.10965
1.12357
1.13358
1.13908
1.14019
1.13719
1.1301
1.11854
1.10209
1.08081
1.05578
1.02935
1.00467
0.985036
0.973102
0.970364
0.976986
0.991781
1.01225
1.03508
1.05713
1.07644
1.09244
1.10552
1.11605
1.12391
1.12861
1.13009
1.12911
1.12728
1.12636
1.12751
1.13085
1.1356
1.14084
1.14614
1.15156
1.15717
1.1625
1.16651
1.16793
1.16587
1.16024
1.15172
1.14162
1.13147
1.1226
1.11567
1.11025
1.10497
1.09843
1.09005
1.08044
1.07093
1.06275
1.05642
1.05173
1.04826
1.04609
1.04592
1.04867
1.05482
1.06401
1.07503
1.08625
1.09598
1.10293
1.10641
1.10664
1.1047
1.10244
1.1018
1.10394
1.10856
1.11413
1.1188
1.12137
1.12184
1.12118
1.12058
1.12052
1.12049
1.11928
1.11583
1.10999
1.10278
