0.793271
0.770445
0.732688
0.681657
0.619519
0.549364
0.475208
0.401784
0.33416
0.277106
0.234349
0.207901
0.197782
0.202139
0.217749
0.240718
0.267118
0.293482
0.317096
0.336085
0.349423
0.356856
0.358745
0.355925
0.349591
0.341138
0.332052
0.323805
0.31776
0.315109
0.316769
0.323349
0.335017
0.351471
0.371895
0.394992
0.419177
0.44268
0.46384
0.48125
0.493911
0.501256
0.50324
0.500229
0.492994
0.482585
0.470148
0.456828
0.44365
0.431347
0.420387
0.410982
0.403159
0.396833
0.3919
0.388327
0.386129
0.385406
0.386283
0.388823
0.39297
0.398528
0.405119
0.412228
0.419248
0.425622
0.430934
0.43495
0.437589
0.438917
0.439073
0.438192
0.436445
0.433981
0.430959
0.427526
0.423889
0.420237
0.416732
0.413583
0.410977
0.409026
0.407868
0.407572
0.408184
0.409589
0.41149
0.41337
0.414607
0.41455
0.412668
0.408665
0.402604
0.394912
0.386299
0.377722
0.37013
0.364314
0.360779
0.359647
0.796499
0.785289
0.766505
0.740869
0.709498
0.673735
0.635209
0.595743
0.557438
0.522643
0.493879
0.473493
0.463225
0.463831
0.47484
0.494575
0.520561
0.550019
0.580382
0.609585
0.636245
0.659555
0.679019
0.694299
0.705136
0.711355
0.712959
0.710209
0.703784
0.694766
0.684528
0.674416
0.665567
0.658537
0.653517
0.650705
0.650379
0.652583
0.656601
0.660854
0.663683
0.664094
0.661965
0.657728
0.651954
0.645089
0.637457
0.629374
0.621203
0.613353
0.606164
0.599784
0.594332
0.590214
0.588268
0.589593
0.595024
0.604675
0.617591
0.631886
0.645254
0.655638
0.661623
0.662656
0.659115
0.652124
0.643323
0.634447
0.626824
0.621177
0.617629
0.616011
0.616186
0.618207
0.622263
0.628462
0.636609
0.646277
0.656889
0.66777
0.678245
0.687629
0.695306
0.700794
0.703807
0.704249
0.70207
0.697183
0.689505
0.679145
0.666604
0.653024
0.639999
0.629178
0.621823
0.618501
0.618961
0.622119
0.626428
0.63025
0.798715
0.790808
0.777367
0.761021
0.744902
0.731854
0.723709
0.721044
0.723377
0.729421
0.737315
0.744743
0.749415
0.749634
0.744734
0.735091
0.721874
0.706562
0.690709
0.675855
0.663601
0.655582
0.653266
0.657571
0.668474
0.68482
0.704483
0.724796
0.743131
0.757351
0.765957
0.768173
0.763898
0.753603
0.738452
0.720249
0.701395
0.684561
0.67212
0.665436
0.664443
0.667797
0.673499
0.679588
0.684718
0.688392
0.690713
0.692013
0.692527
0.692363
0.691738
0.691194
0.691673
0.694188
0.699354
0.707052
0.71639
0.726088
0.734852
0.741837
0.74685
0.750234
0.752734
0.755307
0.758804
0.763826
0.770418
0.77795
0.785407
0.79193
0.797121
0.800921
0.803418
0.804445
0.803551
0.800064
0.793356
0.783246
0.770105
0.75482
0.738672
0.723039
0.709233
0.698477
0.69175
0.689602
0.69176
0.697057
0.7036
0.70944
0.713182
0.714262
0.712899
0.709697
0.705329
0.700507
0.695879
0.692259
0.690591
0.691807
0.802663
0.806733
0.811336
0.815485
0.818082
0.818182
0.815194
0.808871
0.799268
0.786833
0.772484
0.757587
0.743753
0.7324
0.724171
0.718573
0.714307
0.710156
0.705705
0.701571
0.698931
0.699069
0.703026
0.71145
0.724402
0.741291
0.760954
0.781962
0.803104
0.823619
0.842929
0.860257
0.874483
0.884351
0.888946
0.887983
0.881825
0.871363
0.857743
0.842156
0.825566
0.808744
0.792346
0.777126
0.764018
0.753945
0.74756
0.745011
0.745897
0.749617
0.755712
0.76405
0.77423
0.784967
0.794063
0.799053
0.798223
0.791369
0.780036
0.766898
0.754881
0.746187
0.741776
0.741304
0.743734
0.747907
0.753087
0.759085
0.766168
0.774755
0.785202
0.797615
0.811634
0.826391
0.840564
0.852526
0.860836
0.864643
0.863836
0.858741
0.84968
0.836829
0.820369
0.801034
0.780477
0.761105
0.745606
0.736013
0.733035
0.735876
0.742663
0.75107
0.758872
0.764263
0.766366
0.765348
0.762178
0.758473
0.755969
0.756112
0.802325
0.807917
0.816492
0.827416
0.839571
0.851664
0.862469
0.871148
0.877323
0.881067
0.882884
0.883517
0.88379
0.884314
0.885176
0.885853
0.885309
0.882485
0.876746
0.868072
0.857019
0.844372
0.830873
0.8172
0.803875
0.791488
0.780668
0.771815
0.764817
0.758943
0.753031
0.745882
0.736797
0.725901
0.714054
0.702638
0.693074
0.686464
0.683392
0.683999
0.688207
0.695792
0.706454
0.719759
0.735245
0.752334
0.770494
0.789202
0.807911
0.825893
0.842146
0.85548
0.864843
0.869598
0.869531
0.864703
0.855329
0.842038
0.8262
0.810284
0.797438
0.790524
0.791
0.798268
0.809804
0.822063
0.831409
0.834978
0.831315
0.820639
0.80478
0.786813
0.770349
0.758592
0.753631
0.755944
0.764513
0.777218
0.791654
0.805675
0.817864
0.827661
0.835168
0.840948
0.845534
0.849006
0.850945
0.850606
0.8473
0.840867
0.831868
0.821521
0.811339
0.802723
0.796565
0.793027
0.791801
0.792545
0.795152
0.799783
0.80517
0.812735
0.821329
0.82986
0.837222
0.842289
0.843862
0.840832
0.832423
0.818622
0.80048
0.780101
0.760255
0.743686
0.732342
0.72677
0.726143
0.729159
0.734925
0.743107
0.753549
0.765728
0.778622
0.790983
0.80171
0.810281
0.81684
0.821992
0.826614
0.831338
0.836464
0.841866
0.846935
0.850791
0.852591
0.851638
0.847531
0.840474
0.831192
0.820861
0.810693
0.801715
0.794693
0.790171
0.788613
0.790447
0.795825
0.80421
0.814299
0.82449
0.833554
0.840859
0.846431
0.850433
0.852854
0.853327
0.851253
0.846117
0.837707
0.826257
0.812358
0.796749
0.780404
0.764802
0.752239
0.745379
0.745934
0.753427
0.765393
0.778881
0.791568
0.802009
0.809293
0.81272
0.81177
0.806271
0.796566
0.783578
0.768981
0.754829
0.743189
0.735644
0.73296
0.735157
0.741605
0.751212
0.762817
0.77552
0.788854
0.802759
0.81726
0.832144
0.846581
0.859261
0.868873
0.874618
0.876514
0.875283
0.871823
0.866768
0.794079
0.788486
0.78429
0.782153
0.782601
0.785734
0.791059
0.797608
0.804271
0.810116
0.814636
0.817636
0.819253
0.819682
0.818964
0.816895
0.813058
0.806926
0.798161
0.786866
0.7736
0.759473
0.745809
0.733841
0.724366
0.717508
0.712677
0.709009
0.705845
0.703089
0.701183
0.701128
0.704421
0.712919
0.727795
0.748383
0.77186
0.794582
0.813771
0.828161
0.837619
0.842505
0.843112
0.839467
0.831453
0.819021
0.802723
0.783892
0.764595
0.747272
0.734036
0.726189
0.723915
0.726357
0.732161
0.739982
0.748802
0.757972
0.767068
0.775691
0.783158
0.788386
0.790033
0.786955
0.77886
0.766793
0.753228
0.741247
0.733359
0.730498
0.731877
0.735888
0.7413
0.74784
0.755999
0.766352
0.779012
0.793459
0.808518
0.822719
0.834634
0.84312
0.84738
0.846887
0.841396
0.831178
0.817041
0.800303
0.782548
0.765542
0.751232
0.741569
0.738021
0.741198
0.750759
0.765695
0.784478
0.805099
0.825117
0.841923
0.80858
0.812328
0.808994
0.798575
0.782034
0.761031
0.737789
0.714851
0.694827
0.680116
0.672476
0.672581
0.679783
0.692277
0.707625
0.72345
0.737874
0.74947
0.757163
0.760291
0.75874
0.753035
0.744512
0.735087
0.72686
0.721759
0.721107
0.725476
0.734564
0.747309
0.762167
0.777374
0.791191
0.801976
0.80838
0.809467
0.80483
0.794816
0.78073
0.764816
0.750027
0.7392
0.734185
0.73515
0.740549
0.747855
0.754604
0.759201
0.761179
0.760803
0.758445
0.753985
0.747079
0.737905
0.727817
0.719162
0.714348
0.714822
0.720701
0.730955
0.743722
0.756749
0.76784
0.775373
0.778592
0.777561
0.773026
0.766112
0.758215
0.750935
0.746272
0.746443
0.753123
0.76604
0.782337
0.797503
0.807216
0.808916
0.802218
0.788441
0.769894
0.74917
0.728632
0.710434
0.696585
0.689107
0.689927
0.700279
0.719871
0.746415
0.775977
0.804066
0.826767
0.841661
0.848075
0.846591
0.838288
0.82395
0.803892
0.778498
0.771013
0.736725
0.703646
0.675845
0.656914
0.649065
0.652704
0.666475
0.687707
0.713108
0.739384
0.763826
0.784596
0.800723
0.812015
0.8188
0.82164
0.820941
0.816735
0.808734
0.796702
0.780939
0.762699
0.744194
0.728176
0.717291
0.713295
0.716543
0.726014
0.739774
0.755789
0.772464
0.788944
0.804802
0.819699
0.832903
0.843117
0.848619
0.84786
0.8404
0.827466
0.811964
0.797617
0.787614
0.783347
0.784302
0.788842
0.795017
0.800792
0.804115
0.803096
0.796356
0.783366
0.764593
0.741427
0.716071
0.691408
0.670675
0.656786
0.651639
0.655695
0.667942
0.686312
0.708304
0.731645
0.7546
0.775997
0.794957
0.810601
0.822009
0.828245
0.828618
0.822941
0.811841
0.796865
0.780231
0.76417
0.750071
0.737992
0.727029
0.716136
0.705117
0.694841
0.687051
0.683702
0.686332
0.695539
0.711008
0.731583
0.755453
0.780357
0.80396
0.824179
0.839379
0.84851
0.851084
0.847427
0.838772
0.827105
0.814706
0.789288
0.779679
0.772045
0.765402
0.758628
0.751091
0.742821
0.734583
0.727796
0.724261
0.725553
0.732215
0.743116
0.755679
0.766927
0.774514
0.777215
0.774985
0.768621
0.759426
0.748892
0.738451
0.729236
0.721977
0.71704
0.714513
0.714294
0.716136
0.719706
0.724556
0.730142
0.735923
0.741323
0.745716
0.748453
0.749067
0.747611
0.744843
0.742204
0.741278
0.743356
0.749151
0.758721
0.771429
0.78603
0.800743
0.813595
0.822844
0.827297
0.826394
0.82036
0.809944
0.796273
0.780669
0.76444
0.748894
0.735208
0.72438
0.717126
0.713645
0.713666
0.716523
0.721438
0.727645
0.734494
0.741328
0.747411
0.751981
0.754479
0.754861
0.753849
0.752786
0.753204
0.756325
0.762849
0.772652
0.784887
0.798203
0.8111
0.822363
0.831308
0.837688
0.841569
0.842992
0.841807
0.837674
0.830266
0.819501
0.805748
0.790005
0.773776
0.758837
0.746721
0.738361
0.733716
0.731799
0.730935
0.729169
0.724785
0.716697
0.786022
0.765573
0.742646
0.721285
0.705704
0.698887
0.701486
0.71177
0.726529
0.742274
0.756082
0.76592
0.770821
0.77109
0.768404
0.765411
0.764743
0.768025
0.775438
0.7862
0.799265
0.813753
0.829135
0.844979
0.860593
0.874819
0.886234
0.893515
0.895814
0.892767
0.884396
0.870898
0.852748
0.830944
0.807339
0.784406
0.764868
0.750923
0.743686
0.742838
0.746939
0.754064
0.762685
0.77211
0.782355
0.793693
0.806077
0.81889
0.831073
0.841566
0.849621
0.85507
0.858401
0.8606
0.86277
0.865542
0.868789
0.871748
0.873367
0.872824
0.869946
0.865072
0.858809
0.851627
0.843589
0.834347
0.823594
0.811546
0.799083
0.787593
0.778417
0.772456
0.769848
0.770106
0.772369
0.775691
0.779106
0.781623
0.782294
0.780398
0.775666
0.768427
0.759405
0.749562
0.739828
0.730986
0.723491
0.717431
0.71265
0.708731
0.705379
0.702679
0.701196
0.701852
0.705514
0.712661
0.723114
0.736094
0.750553
0.765613
