1.2
1.20001
1.20002
1.20003
1.20005
1.20007
1.2001
1.20013
1.20017
1.20021
1.20025
1.2003
1.20035
1.20041
1.20047
1.20054
1.20061
1.20068
1.20076
1.20085
1.20094
1.20103
1.20113
1.20123
1.20134
1.20146
1.20158
1.20171
1.20184
1.20198
1.20212
1.20227
1.20243
1.20259
1.20276
1.20293
1.20311
1.2033
1.2035
1.2037
1.20391
1.20413
1.20435
1.20458
1.20483
1.20508
1.20534
1.20561
1.20589
1.20617
1.20647
1.20678
1.20711
1.20744
1.20778
1.20814
1.20851
1.2089
1.2093
1.20971
1.21014
1.21059
1.21105
1.21153
1.21203
1.21255
1.2131
1.21366
1.21424
1.21485
1.21549
1.21615
1.21684
1.21756
1.21832
1.2191
1.21992
1.22078
1.22168
1.22262
1.2236
1.22463
1.22571
1.22684
1.22802
1.22926
1.23057
1.23194
1.23337
1.23487
1.23645
1.2381
1.23982
1.24163
1.24351
1.24546
1.24748
1.24956
1.2517
1.25386
1.20191
1.20401
1.20604
1.20793
1.20963
1.21104
1.21205
1.21255
1.21242
1.21156
1.20992
1.20756
1.20465
1.20157
1.19881
1.19693
1.19641
1.19749
1.20016
1.20411
1.20887
1.21386
1.21855
1.22247
1.22538
1.22726
1.22835
1.22918
1.23037
1.23253
1.23599
1.24069
1.24621
1.25192
1.2572
1.26155
1.26468
1.2665
1.26707
1.26659
1.26535
1.26366
1.26181
1.26003
1.25844
1.25706
1.25587
1.2548
1.25376
1.25267
1.25141
1.24994
1.24836
1.24692
1.24606
1.24625
1.24784
1.25092
1.25534
1.26075
1.26669
1.2727
1.27834
1.2833
1.28732
1.29027
1.29214
1.293
1.29299
1.29232
1.29125
1.29006
1.28901
1.28834
1.28823
1.28875
1.28989
1.29157
1.29363
1.29588
1.29815
1.30027
1.30212
1.30364
1.30481
1.30567
1.3063
1.30678
1.3072
1.30759
1.30799
1.30837
1.30871
1.309
1.30924
1.30946
1.3097
1.30999
1.31037
1.31083
1.20047
1.20107
1.20171
1.2024
1.20314
1.20395
1.20485
1.20588
1.20704
1.20833
1.20975
1.21126
1.21283
1.2144
1.21592
1.21736
1.21865
1.21975
1.22062
1.22122
1.22151
1.22147
1.2211
1.22041
1.21945
1.21829
1.21705
1.21586
1.21485
1.21413
1.21372
1.21357
1.21356
1.21352
1.21326
1.2126
1.21144
1.20976
1.20763
1.20526
1.20302
1.20132
1.20065
1.20135
1.20355
1.20711
1.21162
1.21653
1.22125
1.22521
1.22797
1.22916
1.22857
1.22616
1.22222
1.21748
1.21309
1.2103
1.21003
1.21241
1.21681
1.22218
1.22754
1.23211
1.23537
1.23699
1.23679
1.23467
1.23065
1.22488
1.2177
1.20969
1.20166
1.19455
1.18931
1.18666
1.18692
1.18993
1.19509
1.20153
1.20835
1.21484
1.22053
1.22522
1.22891
1.23172
1.23381
1.23534
1.23644
1.2372
1.23769
1.23797
1.23807
1.23803
1.23789
1.2377
1.23749
1.2373
1.23716
1.23709
1.20004
1.20019
1.20045
1.2008
1.20121
1.20164
1.20201
1.20226
1.20228
1.20196
1.20116
1.19974
1.19756
1.19453
1.19064
1.18604
1.18107
1.17631
1.17238
1.16986
1.16899
1.16963
1.17134
1.1736
1.17596
1.17814
1.18001
1.18153
1.18273
1.18363
1.18425
1.1846
1.18467
1.18447
1.18402
1.18335
1.1825
1.18154
1.18057
1.17969
1.17903
1.17872
1.17887
1.17952
1.18067
1.1822
1.18396
1.18576
1.18743
1.18884
1.18989
1.19055
1.1908
1.19064
1.19009
1.18919
1.18797
1.18648
1.18477
1.18292
1.18101
1.17911
1.1773
1.17566
1.17426
1.17315
1.17238
1.17196
1.17192
1.17227
1.17301
1.1741
1.17553
1.17725
1.17917
1.18123
1.18331
1.18528
1.18702
1.18835
1.18912
1.18917
1.18834
1.18651
1.18363
1.17978
1.17517
1.17018
1.16536
1.16127
1.15838
1.15695
1.15701
1.1584
1.16087
1.16408
1.1677
1.17141
1.17496
1.1782
1.20253
1.205
1.20717
1.20908
1.21071
1.212
1.21285
1.21311
1.21267
1.21147
1.20956
1.20707
1.2043
1.20157
1.19923
1.19749
1.19642
1.19593
1.19588
1.19614
1.19659
1.19716
1.19776
1.19829
1.19867
1.19882
1.1987
1.19831
1.19767
1.19683
1.19584
1.19477
1.19372
1.19276
1.19201
1.19154
1.19144
1.19174
1.19245
1.1935
1.19484
1.19635
1.19794
1.19951
1.20101
1.20237
1.20358
1.20462
1.20549
1.2062
1.20677
1.20721
1.20753
1.20775
1.20787
1.20791
1.20786
1.20773
1.2075
1.20717
1.20673
1.20616
1.20545
1.20459
1.20357
1.20242
1.20114
1.1998
1.19845
1.19719
1.1961
1.19525
1.19469
1.19444
1.19449
1.19478
1.19524
1.19583
1.19649
1.19718
1.19787
1.19856
1.19923
1.19987
1.20049
1.20105
1.20155
1.20194
1.20221
1.2023
1.2022
1.20187
1.20129
1.20049
1.19948
1.19832
1.19708
1.19584
1.19468
1.19366
1.19929
1.19872
1.19837
1.19824
1.19824
1.19833
1.19839
1.19838
1.19823
1.19794
1.19753
1.19704
1.1965
1.19598
1.19551
1.19516
1.19497
1.19495
1.19507
1.19525
1.1954
1.19545
1.19538
1.19524
1.19517
1.19533
1.19589
1.197
1.19872
1.20101
1.20373
1.20664
1.20948
1.21199
1.21394
1.21518
1.21563
1.21527
1.21413
1.21231
1.20997
1.20731
1.20461
1.20212
1.20009
1.19871
1.19808
1.19826
1.1992
1.20083
1.20302
1.20558
1.20831
1.21097
1.21334
1.21519
1.21635
1.21666
1.21602
1.2144
1.21187
1.20861
1.20499
1.20151
1.19872
1.19709
1.19684
1.19789
1.19991
1.20244
1.20507
1.20752
1.20961
1.21126
1.21242
1.2131
1.21331
1.21312
1.21263
1.212
1.21133
1.2107
1.21003
1.2092
1.20806
1.20659
1.2049
1.20322
1.20181
1.20081
1.20022
1.19991
1.19969
1.19946
1.19916
1.1988
1.19839
1.19792
1.1974
1.19684
1.19946
1.19899
1.1987
1.19854
1.19835
1.19797
1.19729
1.19637
1.19546
1.19492
1.19506
1.19595
1.19742
1.19912
1.20064
1.20171
1.2022
1.20215
1.20169
1.20104
1.20041
1.19999
1.19987
1.20012
1.2007
1.20154
1.20255
1.20362
1.20466
1.20559
1.20634
1.20686
1.20711
1.20707
1.20676
1.2062
1.20548
1.20469
1.20398
1.20346
1.20325
1.2034
1.2039
1.20468
1.20558
1.20645
1.20712
1.20744
1.2073
1.20662
1.20537
1.20358
1.2013
1.19861
1.19561
1.19234
1.18887
1.18525
1.18165
1.17845
1.17617
1.17538
1.17644
1.17929
1.18347
1.18828
1.19306
1.1973
1.20074
1.20326
1.20486
1.20563
1.20565
1.20502
1.20384
1.20218
1.20012
1.19771
1.19501
1.19204
1.18886
1.18556
1.18227
1.17915
1.17642
1.17431
1.17297
1.17252
1.17295
1.17418
1.17602
1.17829
1.18077
1.18329
1.18572
1.18797
1.19001
1.19186
1.19353
1.19509
1.20128
1.20267
1.20401
1.20529
1.20647
1.20749
1.20827
1.20872
1.20877
1.20832
1.20733
1.20575
1.20361
1.20099
1.19801
1.19489
1.19182
1.18901
1.18657
1.18452
1.18284
1.18146
1.18043
1.17991
1.18013
1.1813
1.18343
1.18629
1.18945
1.19249
1.19505
1.19695
1.19817
1.19877
1.19889
1.19867
1.19827
1.1978
1.19737
1.19704
1.19686
1.19686
1.19703
1.19734
1.19777
1.19827
1.19878
1.19925
1.19963
1.19988
1.19998
1.19989
1.19959
1.1991
1.1984
1.19752
1.19647
1.19528
1.19399
1.19264
1.19127
1.18992
1.18865
1.18749
1.18646
1.1856
1.18494
1.18448
1.18426
1.18428
1.18457
1.18514
1.18597
1.18706
1.18836
1.18983
1.19141
1.19301
1.19458
1.19603
1.19732
1.19839
1.19918
1.19967
1.19984
1.19966
1.19916
1.19837
1.19736
1.19625
1.19518
1.19433
1.19384
1.19382
1.19428
1.19516
1.1963
1.19753
1.19863
1.19944
1.20025
1.20003
1.19921
1.19775
1.19562
1.19281
1.18932
1.18518
1.18054
1.17566
1.17107
1.16755
1.16594
1.1669
1.17047
1.176
1.18242
1.18864
1.19386
1.19764
1.19985
1.20055
1.19992
1.19822
1.19581
1.19308
1.19052
1.18857
1.18756
1.18764
1.1887
1.19049
1.19267
1.19492
1.197
1.19876
1.20014
1.20114
1.20181
1.20223
1.20249
1.20269
1.20291
1.20319
1.2035
1.20376
1.20386
1.20365
1.203
1.20182
1.20011
1.19796
1.19559
1.19332
1.19151
1.1905
1.19053
1.19166
1.19376
1.19658
1.19981
1.20313
1.20628
1.20908
1.21139
1.21313
1.21426
1.21474
1.21456
1.21372
1.21221
1.21006
1.20734
1.20414
1.20065
1.19712
1.19386
1.19122
1.18951
1.18895
1.1896
1.19137
1.19405
1.19734
1.20093
1.20453
1.20792
1.21093
1.21349
1.21555
1.21715
1.21832
1.21914
1.21967
1.21998
1.22011
1.22011
1.21999
1.21976
1.2194
1.19952
1.19885
1.198
1.19695
1.19563
1.19397
1.19188
1.1892
1.18575
1.18137
1.17599
1.16991
1.16402
1.15983
1.159
1.16245
1.16965
1.17898
1.18859
1.1972
1.20426
1.20972
1.2138
1.2168
1.21898
1.22058
1.22177
1.22267
1.22337
1.22392
1.22437
1.22473
1.22501
1.22521
1.22531
1.2253
1.22516
1.22486
1.22438
1.22368
1.22272
1.22149
1.21998
1.21822
1.21627
1.2143
1.21246
1.21095
1.20987
1.20923
1.20891
1.20869
1.20838
1.20783
1.20704
1.2061
1.20518
1.20446
1.20413
1.20432
1.2051
1.20647
1.20836
1.21064
1.21312
1.2156
1.21791
1.21991
1.22159
1.22301
1.22433
1.22574
1.22743
1.22951
1.23196
1.23469
1.23755
1.24036
1.24298
1.24531
1.24726
1.24879
1.24986
1.25044
1.25051
1.25002
1.24894
1.24722
1.24482
1.24173
1.23797
1.23362
1.22882
1.22379
1.21881
1.21418
1.21019
1.2071
1.20518
1.20462
1.20087
1.20308
1.20622
1.20977
1.21321
1.21614
1.21836
1.21984
1.22068
1.22104
1.22111
1.22104
1.22093
1.22081
1.22062
1.22028
1.21967
1.21868
1.21722
1.21524
1.21273
1.20974
1.20636
1.20274
1.19908
1.19562
1.19258
1.19019
1.18857
1.18778
1.18776
1.18836
1.18939
1.19068
1.19207
1.19348
1.19489
1.19629
1.19771
1.19918
1.20068
1.20221
1.20372
1.20516
1.20646
1.20755
1.20835
1.20879
1.20881
1.20834
1.20735
1.20586
1.20395
1.20181
1.19971
1.198
1.197
1.19693
1.19781
1.19947
1.2016
1.20387
1.20601
1.20783
1.20925
1.21027
1.21092
1.21127
1.21139
1.21133
1.21113
1.21083
1.21043
1.20996
1.20942
1.20882
1.20818
1.20754
1.20693
1.20638
1.20593
1.2056
1.20538
1.20527
1.20524
1.20526
1.20526
1.20519
1.20494
1.20437
1.2033
1.20148
1.1986
1.19433
1.18839
1.18085
1.17237
1.16451
1.15938
1.15861
1.20362
1.21031
1.21782
1.22468
1.23025
1.23446
1.23753
1.23965
1.24092
1.24129
1.24062
1.23878
1.23577
1.23187
1.22778
1.22455
1.2233
1.22465
1.22836
1.23347
1.23878
1.24331
1.24656
1.24835
1.24881
1.24814
1.24665
1.24465
1.24244
1.24035
1.23862
1.23747
1.237
1.2372
1.23797
1.23914
1.24047
1.24176
1.24282
1.24353
1.24383
1.24372
1.24326
1.24255
1.24169
1.24083
1.24006
1.2395
1.23919
1.23916
1.2394
1.23983
1.24039
1.24097
1.24148
1.24183
1.24194
1.24176
1.24129
1.24055
1.23963
1.23866
1.23782
1.23727
1.23716
1.23757
1.23851
1.23989
1.24157
1.24337
1.24509
1.24658
1.24768
1.2483
1.24839
1.24799
1.24725
1.24644
1.24596
1.24622
1.24753
1.24998
1.2534
1.2574
1.26151
1.26534
1.26861
1.2712
1.27307
1.27427
1.27485
1.27487
1.27427
1.27291
1.27049
1.26656
1.26058
1.25211
1.24102
1.22783
1.18738
1.17467
1.16498
1.1594
1.15843
1.16191
1.16891
1.17786
1.18713
1.1956
1.2028
1.2087
1.21351
1.21749
1.22086
1.22377
1.22632
1.22857
1.23053
1.23221
1.23364
1.23483
1.23579
1.23656
1.23713
1.23754
1.23778
1.23788
1.23786
1.23772
1.23749
1.23718
1.23683
1.23643
1.23601
1.23558
1.23515
1.23473
1.23432
1.23393
1.23356
1.2332
1.23286
1.23253
1.23222
1.23192
1.23164
1.23137
1.23112
1.23089
1.23068
1.23051
1.23037
1.23026
1.2302
1.23016
1.23014
1.23012
1.23007
1.22997
1.22979
1.22949
1.22904
1.22843
1.22764
1.22668
1.22553
1.2242
1.22269
1.221
1.21911
1.21707
1.21493
1.21282
1.21093
1.20951
1.20883
1.20913
1.21057
1.21314
1.2167
1.22098
1.22566
1.2304
1.23493
1.23904
1.2426
1.24556
1.24787
1.24955
1.25063
1.25114
1.25112
1.25064
1.24972
1.24843
1.24679
1.24484
1.24262
1.24015
1.19759
1.19485
1.19221
1.18986
1.18805
1.18704
1.18708
1.18832
1.19078
1.19429
1.1985
1.20298
1.2073
1.21111
1.21417
1.21638
1.21773
1.21828
1.21816
1.21752
1.21655
1.21546
1.21444
1.21366
1.2132
1.2131
1.21332
1.21375
1.2143
1.21484
1.21525
1.21544
1.21529
1.21466
1.21341
1.21138
1.20847
1.20471
1.20036
1.19597
1.19226
1.1899
1.18915
1.18982
1.19133
1.19311
1.19476
1.19612
1.19724
1.19823
1.19923
1.20033
1.20159
1.20301
1.20456
1.20621
1.20786
1.20944
1.21089
1.21218
1.21327
1.21419
1.21494
1.21556
1.21607
1.21649
1.21684
1.21712
1.21736
1.21756
1.21773
1.21785
1.21789
1.21782
1.21759
1.21716
1.21648
1.21554
1.21432
1.21286
1.21122
1.20948
1.20773
1.20609
1.20468
1.20359
1.2029
1.20263
1.20276
1.20325
1.204
1.20492
1.20592
1.2069
1.20782
1.20864
1.20936
1.20999
1.21056
1.2111
1.20046
1.20095
1.20139
1.20171
1.20185
1.20172
1.20124
1.20032
1.19891
1.19701
1.19468
1.19208
1.18945
1.18714
1.18545
1.18461
1.18462
1.18526
1.18609
1.18655
1.18608
1.18424
1.18087
1.17623
1.17113
1.16689
1.16485
1.16572
1.16919
1.17415
1.17929
1.18364
1.18671
1.18845
1.18902
1.18873
1.18791
1.18686
1.18584
1.18498
1.18433
1.18384
1.18343
1.18304
1.18267
1.18241
1.18243
1.18288
1.18382
1.18522
1.18696
1.18881
1.19058
1.19209
1.19323
1.194
1.19446
1.19473
1.19496
1.1953
1.1958
1.19643
1.19705
1.19741
1.19723
1.19627
1.19437
1.1915
1.18784
1.18377
1.17986
1.17674
1.17501
1.17498
1.1766
1.1794
1.18267
1.18567
1.1878
1.18874
1.18857
1.18768
1.18674
1.18647
1.18738
1.18957
1.19274
1.19635
1.19988
1.20295
1.20539
1.20719
1.20841
1.20917
1.20961
1.20983
1.20991
1.20994
1.20995
1.20999
1.20008
1.2002
1.20037
1.20057
1.20079
1.20104
1.2013
1.20159
1.20191
1.20229
1.20274
1.20329
1.20395
1.20473
1.20562
1.20663
1.2077
1.20879
1.20984
1.21076
1.21147
1.21186
1.21182
1.21123
1.20998
1.20797
1.20516
1.20158
1.19738
1.19285
1.18843
1.18467
1.1821
1.18107
1.18169
1.1838
1.18704
1.19101
1.19536
1.19981
1.20415
1.20826
1.21208
1.21554
1.21862
1.2213
1.22351
1.22523
1.22641
1.22702
1.22707
1.22661
1.22577
1.22471
1.22363
1.22275
1.22227
1.22232
1.22293
1.22403
1.22546
1.22703
1.22853
1.22981
1.23075
1.23129
1.23141
1.23114
1.23053
1.22967
1.22866
1.22757
1.2265
1.2255
1.2246
1.2238
1.22305
1.22232
1.22156
1.22074
1.21987
1.219
1.21817
1.21748
1.21697
1.2167
1.2167
1.21699
1.21757
1.21846
1.21962
1.22103
1.22261
1.22427
1.22586
1.22725
1.22829
1.22886
1.22893
1.22852
1.19923
1.19828
1.19744
1.1969
1.19675
1.19696
1.19745
1.1981
1.1988
1.1995
1.20016
1.20079
1.20139
1.20194
1.20244
1.20288
1.20323
1.2035
1.20368
1.20379
1.20384
1.20387
1.20389
1.20395
1.20404
1.2042
1.20444
1.20475
1.20514
1.2056
1.20611
1.20666
1.20723
1.20781
1.20839
1.20893
1.20942
1.20984
1.21016
1.21034
1.21036
1.21017
1.20974
1.20903
1.208
1.20664
1.20493
1.20288
1.20054
1.19795
1.19522
1.19246
1.1898
1.18736
1.18524
1.18352
1.18224
1.1814
1.18099
1.18103
1.18151
1.18247
1.18392
1.18587
1.18827
1.191
1.19395
1.19694
1.19985
1.20256
1.20501
1.20717
1.20904
1.21063
1.21197
1.21304
1.21385
1.2144
1.21465
1.21459
1.2142
1.21343
1.21229
1.21077
1.2089
1.20675
1.20444
1.20214
1.20006
1.19844
1.19749
1.19734
1.19803
1.19947
1.2015
1.20392
1.20651
1.20911
1.21159
1.21386
1.20175
1.2034
1.20468
1.20556
1.20596
1.20582
1.20505
1.20357
1.20132
1.19828
1.19451
1.19019
1.18559
1.18111
1.17724
1.17441
1.17295
1.17301
1.17454
1.1773
1.18094
1.18506
1.18926
1.19317
1.1965
1.19903
1.20062
1.2012
1.20078
1.19941
1.19719
1.19428
1.19091
1.18735
1.18393
1.18094
1.17866
1.17726
1.1768
1.17724
1.17844
1.18024
1.18249
1.18504
1.1878
1.19068
1.19359
1.19645
1.19918
1.20171
1.20397
1.20589
1.20745
1.20863
1.20942
1.20984
1.20992
1.2097
1.20921
1.20847
1.20751
1.20633
1.20492
1.20327
1.20137
1.19923
1.19688
1.19441
1.19193
1.18956
1.18742
1.18558
1.18407
1.18287
1.18193
1.1812
1.1806
1.1801
1.17969
1.17938
1.1792
1.17912
1.17906
1.17889
1.17845
1.17759
1.17621
1.17434
1.17216
1.17004
1.16843
1.16776
1.16823
1.16977
1.17209
1.17481
1.17754
1.18
1.18197
1.1833
1.20037
1.19997
1.19867
1.1965
1.19361
1.19034
1.1872
1.1848
1.18365
1.18397
1.1856
1.18812
1.19097
1.19371
1.19602
1.19774
1.19877
1.19908
1.19864
1.19743
1.19542
1.19259
1.189
1.18476
1.18014
1.17559
1.1717
1.16915
1.16852
1.17012
1.17386
1.17924
1.18555
1.192
1.19795
1.203
1.20694
1.20972
1.21138
1.212
1.21163
1.21032
1.2081
1.205
1.20109
1.19651
1.19153
1.18655
1.18203
1.17839
1.17595
1.17483
1.17504
1.17654
1.17922
1.18285
1.18713
1.19166
1.19609
1.20015
1.2037
1.20667
1.20905
1.21086
1.21214
1.21291
1.21321
1.21308
1.21258
1.21176
1.21068
1.2094
1.20801
1.20659
1.20522
1.204
1.20302
1.20233
1.20196
1.20185
1.2019
1.20196
1.20183
1.20135
1.20038
1.19883
1.19668
1.19395
1.19073
1.1872
1.18361
1.18026
1.17752
1.17574
1.17515
1.17587
1.17782
1.18079
1.18445
1.18843
1.20347
1.20699
1.20995
1.21231
1.2141
1.21545
1.21651
1.21745
1.21834
1.21919
1.21988
1.22025
1.22011
1.21933
1.21785
1.21581
1.21351
1.21139
1.20993
1.20948
1.21011
1.2116
1.21354
1.2155
1.21715
1.21828
1.21883
1.21885
1.21841
1.21761
1.21655
1.21531
1.21397
1.21258
1.21118
1.20981
1.20852
1.20735
1.20637
1.20565
1.20527
1.20531
1.20581
1.20679
1.20821
1.21001
1.21211
1.2144
1.21679
1.2192
1.22155
1.22378
1.22581
1.2276
1.2291
1.23028
1.2311
1.23153
1.23156
1.23114
1.23026
1.22886
1.22692
1.22437
1.22118
1.21732
1.21279
1.20765
1.20206
1.19633
1.19092
1.18642
1.18352
1.18282
1.18463
1.18885
1.19494
1.20205
1.20935
1.21611
1.2219
1.22648
1.2298
1.2319
1.23287
1.23279
1.23173
1.22976
1.22695
1.2234
1.21935
1.21516
1.21134
1.20843
1.20686
1.20677
1.20795
1.20996
1.21228
1.21447
1.20154
1.20277
1.20354
1.20391
1.20402
1.20397
1.20382
1.20359
1.20326
1.20273
1.20191
1.20071
1.19908
1.19706
1.19477
1.1924
1.1902
1.18836
1.18699
1.18602
1.18527
1.18448
1.18336
1.18175
1.17963
1.17722
1.17493
1.17328
1.17276
1.17357
1.17561
1.17846
1.18162
1.18463
1.18718
1.18914
1.1905
1.19131
1.19164
1.19157
1.19115
1.19044
1.1895
1.18841
1.18727
1.18617
1.18518
1.18433
1.18362
1.18295
1.18224
1.18139
1.18035
1.17914
1.17793
1.17695
1.17652
1.17692
1.17828
1.18053
1.18343
1.18659
1.18964
1.19227
1.1943
1.19562
1.19626
1.19629
1.19585
1.19511
1.19425
1.19348
1.19296
1.19283
1.19316
1.19396
1.19519
1.19675
1.19855
1.20048
1.20244
1.20434
1.20612
1.20772
1.20908
1.21016
1.21094
1.21139
1.21151
1.21132
1.21086
1.2102
1.20943
1.20866
1.20798
1.20743
1.20704
1.20674
1.20645
1.20602
1.1993
1.19817
1.1966
1.19459
1.1922
1.18959
1.18701
1.18478
1.18325
1.18272
1.18336
1.1852
1.18809
1.19176
1.19592
1.20022
1.20437
1.20812
1.2113
1.21377
1.2155
1.21647
1.21675
1.21643
1.21565
1.21458
1.21339
1.21229
1.21148
1.21111
1.21132
1.21213
1.21351
1.2153
1.2173
1.21925
1.22091
1.22204
1.22247
1.22207
1.22078
1.21861
1.21564
1.21202
1.20792
1.20358
1.19917
1.19487
1.19084
1.18719
1.18406
1.18153
1.17958
1.17812
1.17702
1.17619
1.17571
1.1758
1.17673
1.17868
1.18164
1.18537
1.18946
1.1935
1.1971
1.20004
1.20231
1.20412
1.20582
1.2078
1.2104
1.21373
1.21769
1.22205
1.2265
1.23076
1.23464
1.23803
1.24083
1.24301
1.24448
1.24518
1.24496
1.24368
1.24114
1.23714
1.23149
1.22408
1.21497
1.20447
1.19328
1.18254
1.17378
1.16854
1.16792
1.17201
1.17985
1.18984
1.2003
1.20988
