0
1.42659
0.928565
0.705608
0.546828
0.517958
0.441837
0.388518
0.343401
0.310119
0.292379
0.26778
0.246688
0.233835
0.218213
0.208221
0.199117
0.189463
0.182206
0.173721
0.165298
0.188464
0.180521
0.17709
0.178055
0.175709
0.169437
0.164252
0.164058
0.164406
0.162755
0.157611
0.152784
0.149026
0.145518
0.142132
0.138728
0.144183
0.141454
0.141472
0.137981
0.139619
0.139829
0.136788
0.133836
0.131014
0.128216
0.126176
0.123583
0.12189
0.121422
0.11922
0.116951
0.115107
0.113054
0.115324
0.113412
0.111454
0.116135
0.114611
0.112796
0.110984
0.10922
0.108239
0.107094
0.107627
0.10659
0.105018
0.103705
0.102317
0.101518
0.100316
0.0989358
0.0984783
0.0971612
0.0958954
0.0946786
0.093561
0.092447
0.0926763
0.0916267
0.0911643
0.0904025
0.092269
0.0914263
0.0920945
0.0910353
0.0900151
0.0890087
0.0880168
0.0879918
0.0873102
0.090114
0.0916411
0.0906895
0.0906484
0.0907945
0.0899623
0.0899281
0.0891256
