           1   0.0488732   0.0488732           0
           2   0.0487472   0.0488102 6.29759e-05
           3    0.049039   0.0488865 8.45002e-05
           4   0.0490226   0.0489205 6.87604e-05
           5   0.0489558   0.0489276 5.37278e-05
           6   0.0488981   0.0489226 4.41429e-05
           7   0.0490646   0.0489429 4.24644e-05
           8   0.0492056   0.0489758 4.92985e-05
           9   0.0489683   0.0489749  4.3485e-05
          10   0.0493003   0.0490075 5.07088e-05
          11   0.0492235   0.0490271  4.9896e-05
          12    0.048704   0.0490002 5.29134e-05
          13   0.0490045   0.0490005 4.86744e-05
          14   0.0490152   0.0490016  4.5076e-05
          15   0.0490737   0.0490064  4.2238e-05
          16   0.0489322   0.0490017 3.97809e-05
          17   0.0489327   0.0489977 3.75877e-05
          18   0.0493992     0.04902 4.18753e-05
          19   0.0488188   0.0490094 4.10012e-05
          20   0.0490234   0.0490101 3.89035e-05
          21   0.0488781   0.0490038 3.75348e-05
          22   0.0488204   0.0489955 3.67463e-05
          23   0.0489694   0.0489943 3.51306e-05
          24   0.0491136   0.0489993 3.40004e-05
          25   0.0491849   0.0490067 3.34461e-05
          26   0.0491137   0.0490108 3.23961e-05
          27   0.0487999    0.049003 3.21369e-05
          28   0.0490073   0.0490032 3.09682e-05
          29   0.0486992   0.0489927 3.16666e-05
          30   0.0491414   0.0489977  3.0992e-05
          31    0.049091   0.0490007 3.01264e-05
          32   0.0492099   0.0490072 2.98933e-05
          33   0.0488813   0.0490034 2.92235e-05
          34    0.049064   0.0490052  2.8407e-05
          35    0.048402   0.0489879 3.25252e-05
          36   0.0488019   0.0489828 3.20284e-05
          37    0.049235   0.0489896  3.1888e-05
          38   0.0488124   0.0489849 3.13857e-05
          39     0.04931   0.0489933  3.1686e-05
          40   0.0489508   0.0489922 3.09019e-05
          41   0.0489547   0.0489913 3.01526e-05
          42    0.049255   0.0489976 3.00885e-05
          43   0.0486727     0.04899 3.03364e-05
          44   0.0490935   0.0489924 2.97322e-05
          45   0.0490017   0.0489926 2.90647e-05
          46   0.0489534   0.0489917 2.84386e-05
          47   0.0489725   0.0489913 2.78299e-05
          48   0.0489438   0.0489903 2.72619e-05
          49   0.0489699   0.0489899  2.6703e-05
          50    0.049265   0.0489954 2.67358e-05
          51   0.0489686   0.0489949 2.62116e-05
          52    0.049138   0.0489976 2.58496e-05
          53   0.0493001   0.0490033 2.59916e-05
          54   0.0489896   0.0490031  2.5507e-05
          55   0.0485849   0.0489955 2.61677e-05
          56   0.0486438   0.0489892 2.64526e-05
          57   0.0486573   0.0489834 2.66286e-05
          58   0.0491937    0.048987 2.64154e-05
          59   0.0488613   0.0489849 2.60511e-05
          60   0.0489902    0.048985 2.56133e-05
          61   0.0489353   0.0489842 2.52031e-05
          62   0.0493363   0.0489898 2.54356e-05
          63   0.0491097   0.0489917 2.51009e-05
          64   0.0488466   0.0489895 2.48095e-05
          65   0.0488999   0.0489881 2.44637e-05
          66   0.0487683   0.0489848 2.43193e-05
          67   0.0489452   0.0489842 2.39609e-05
          68   0.0489682   0.0489839  2.3607e-05
          69   0.0489051   0.0489828 2.32904e-05
          70   0.0491843   0.0489857 2.31351e-05
          71   0.0488622   0.0489839 2.28732e-05
          72   0.0491506   0.0489862 2.26717e-05
          73   0.0490409    0.048987 2.23715e-05
          74   0.0492604   0.0489907 2.23744e-05
          75   0.0490275   0.0489912 2.20795e-05
          76   0.0491576   0.0489934 2.18968e-05
          77    0.048678   0.0489893 2.19952e-05
          78   0.0490351   0.0489899 2.17193e-05
          79   0.0494037   0.0489951 2.20731e-05
          80    0.049235   0.0489981 2.20007e-05
          81   0.0490177   0.0489983 2.17287e-05
          82   0.0489805   0.0489981 2.14632e-05
          83   0.0493926   0.0490029 2.17291e-05
          84   0.0491162   0.0490042 2.15113e-05
          85   0.0491136   0.0490055 2.12956e-05
          86   0.0489377   0.0490047 2.10613e-05
          87   0.0489861   0.0490045 2.08189e-05
          88   0.0490364   0.0490049 2.05842e-05
          89   0.0491047    0.049006 2.03824e-05
          90   0.0490582   0.0490066 2.01631e-05
          91   0.0491759   0.0490084 2.00268e-05
          92   0.0490286   0.0490087 1.98092e-05
          93   0.0489419   0.0490079 1.96082e-05
          94   0.0489251   0.0490071 1.94185e-05
          95   0.0490446   0.0490074  1.9217e-05
          96   0.0492071   0.0490095 1.91292e-05
          97   0.0489687   0.0490091 1.89357e-05
          98   0.0491416   0.0490105 1.87902e-05
          99    0.049083   0.0490112 1.86138e-05
         100   0.0493424   0.0490145 1.87221e-05
