           1   -0.416542   -0.416542           0
           2   -0.415563   -0.416052 0.000489592
           3   -0.415693   -0.415932 0.000306967
           4   -0.415669   -0.415867 0.000226815
           5   -0.413992   -0.415492  0.00041404
           6    -0.41195   -0.414901 0.000680285
           7   -0.413234   -0.414663 0.000622358
           8   -0.413955   -0.414575 0.000546193
           9   -0.415221   -0.414647 0.000487027
          10   -0.413808   -0.414563 0.000443602
          11   -0.412543   -0.414379 0.000441274
          12   -0.414771   -0.414412  0.00040415
          13   -0.412133   -0.414236 0.000411018
          14   -0.415353   -0.414316 0.000388799
          15   -0.415704   -0.414409 0.000373586
          16   -0.418778   -0.414682 0.000443497
          17   -0.416078   -0.414764 0.000424613
          18   -0.414729   -0.414762 0.000400334
          19   -0.414893   -0.414769 0.000378741
          20   -0.415648   -0.414813 0.000361981
          21   -0.415448   -0.414843  0.00034564
          22   -0.414691   -0.414836 0.000329627
          23   -0.414788   -0.414834 0.000314977
          24   -0.416766   -0.414915 0.000312121
          25   -0.413414   -0.414855 0.000305337
          26   -0.414874   -0.414855 0.000293359
          27   -0.414399   -0.414838 0.000282792
          28   -0.415615   -0.414866 0.000273914
          29    -0.41791   -0.414971 0.000284382
          30   -0.415435   -0.414987 0.000275175
          31   -0.414778    -0.41498 0.000266235
          32   -0.412424     -0.4149 0.000269872
          33    -0.41435   -0.414883 0.000262097
          34   -0.411575   -0.414786  0.00027225
          35   -0.415115   -0.414795 0.000264524
          36   -0.417342   -0.414866 0.000266627
          37   -0.412872   -0.414812 0.000264864
          38    -0.41544   -0.414829 0.000258329
          39   -0.415452   -0.414845 0.000252125
          40   -0.416122   -0.414877 0.000247807
          41   -0.410456   -0.414769 0.000264652
          42    -0.41341   -0.414736 0.000260292
          43   -0.412322    -0.41468 0.000260296
          44    -0.41301   -0.414642 0.000257129
          45   -0.414947   -0.414649 0.000251441
          46   -0.413913   -0.414633 0.000246434
          47   -0.410471   -0.414545 0.000256883
          48   -0.414939   -0.414553 0.000251608
          49   -0.415048   -0.414563 0.000246627
          50   -0.412106   -0.414514  0.00024659
          51   -0.413739   -0.414499 0.000242184
          52   -0.412253   -0.414455 0.000241374
          53   -0.413149   -0.414431 0.000238056
          54   -0.415136   -0.414444  0.00023397
          55   -0.421318   -0.414569 0.000261484
          56   -0.416008   -0.414594 0.000258056
          57   -0.414435   -0.414592 0.000253504
          58   -0.414525   -0.414591 0.000249097
          59   -0.413848   -0.414578 0.000245162
          60    -0.41386   -0.414566 0.000241338
          61   -0.414014   -0.414557 0.000237521
          62   -0.414622   -0.414558 0.000233661
          63   -0.413731   -0.414545 0.000230297
          64   -0.413371   -0.414527 0.000227411
          65   -0.415672   -0.414544 0.000224577
          66   -0.418189   -0.414599 0.000227938
          67   -0.415009   -0.414605 0.000224594
          68   -0.414905    -0.41461  0.00022131
          69   -0.413951     -0.4146 0.000218288
          70   -0.411911   -0.414562 0.000218551
          71   -0.415422   -0.414574 0.000215791
          72   -0.413191   -0.414555 0.000213638
          73   -0.413708   -0.414543 0.000211011
          74   -0.415359   -0.414554 0.000208431
          75   -0.417968     -0.4146 0.000210611
          76   -0.415797   -0.414615 0.000208418
          77   -0.415863   -0.414632  0.00020633
          78   -0.413953   -0.414623 0.000203854
          79   -0.413669   -0.414611 0.000201619
          80   -0.414756   -0.414613 0.000199091
          81   -0.412419   -0.414586 0.000198475
          82   -0.413682   -0.414575  0.00019635
          83   -0.412134   -0.414545 0.000196185
          84   -0.412447    -0.41452 0.000195438
          85    -0.41362    -0.41451 0.000193415
          86    -0.41444   -0.414509 0.000191155
          87   -0.415005   -0.414515 0.000189031
          88   -0.413342   -0.414501 0.000187345
          89   -0.418207   -0.414543 0.000189849
          90    -0.41444   -0.414542 0.000187731
          91   -0.412195   -0.414516  0.00018744
          92   -0.412049   -0.414489  0.00018732
          93   -0.413702   -0.414481 0.000185488
          94   -0.416666   -0.414504  0.00018497
          95   -0.412488   -0.414483 0.000184239
          96   -0.413315    -0.41447 0.000182715
          97   -0.414148   -0.414467 0.000180852
          98   -0.414264   -0.414465 0.000179009
          99   -0.414438   -0.414465 0.000177192
         100   -0.413446   -0.414455 0.000175707
