           0           0           0
    0.064633           0           0
    0.129266           0           0
    0.193899           0           0
    0.258532           0           0
    0.323165           0           0
    0.387798           0           0
    0.452431           0           0
    0.517064           0           0
    0.581697           0           0
     0.64633           0           0
    0.710963           0           0
    0.775596           0           0
     0.84023 0.000941428 5.21648e-05
    0.904863    0.147798 0.000524323
    0.969496     1.06288  0.00179724
     1.03413     2.04676  0.00236055
     1.09876      2.2687  0.00262166
     1.16339     2.08963  0.00246774
     1.22803      1.8322  0.00228644
     1.29266     1.61448   0.0018025
     1.35729     1.45174  0.00155334
     1.42193     1.33614  0.00132912
     1.48656     1.25106  0.00115867
     1.55119     1.18707  0.00116918
     1.61583     1.14531  0.00110788
     1.68046     1.11238  0.00106603
     1.74509     1.08988     0.00102
     1.80973     1.07448 0.000979759
     1.87436     1.06597 0.000868408
     1.93899     1.05986 0.000735415
     2.00362     1.05676  0.00075925
     2.06826       1.055  0.00066073
     2.13289     1.05219 0.000809242
     2.19752     1.04853 0.000711087
     2.26216     1.04219 0.000730296
     2.32679       1.036 0.000659151
     2.39142     1.03067  0.00067246
     2.45606     1.02571 0.000601057
     2.52069     1.02054    0.000674
     2.58532     1.01693 0.000591567
     2.64995      1.0137 0.000571879
     2.71459     1.01081 0.000599397
     2.77922     1.00803 0.000554069
     2.84385       1.006 0.000583749
     2.90849     1.00357 0.000521641
     2.97312     1.00156 0.000543671
     3.03775     1.00049 0.000543892
     3.10239    0.998138 0.000497516
     3.16702    0.998226 0.000477814
     3.23165    0.997208 0.000516581
     3.29629    0.995726  0.00046452
     3.36092    0.995003 0.000456645
     3.42555    0.994065 0.000492186
     3.49018    0.993403 0.000386019
     3.55482    0.993551 0.000403501
     3.61945    0.992662 0.000348063
     3.68408    0.992175 0.000451344
     3.74872    0.990859 0.000385104
     3.81335    0.990137 0.000401282
     3.87798    0.990184 0.000375598
     3.94262    0.989974 0.000385454
     4.00725    0.988776 0.000347852
     4.07188    0.989248 0.000341206
     4.13651    0.988377 0.000416855
     4.20115    0.988627 0.000381918
     4.26578    0.988688 0.000321068
     4.33041    0.988009 0.000343569
     4.39505    0.988245  0.00034871
     4.45968    0.987219 0.000343618
     4.52431    0.987918 0.000306827
     4.58895    0.987875 0.000301614
     4.65358     0.98708 0.000334781
     4.71821    0.987274  0.00031722
     4.78285    0.986905 0.000310702
     4.84748    0.986871 0.000306192
     4.91211    0.986229 0.000312425
     4.97674    0.986438 0.000311101
     5.04138    0.986342 0.000302637
     5.10601    0.986065 0.000306396
     5.17064    0.986705 0.000276508
     5.23528    0.986535 0.000245174
     5.29991    0.985735 0.000266972
     5.36454    0.985813 0.000288815
     5.42918    0.986426 0.000265185
     5.49381    0.986295 0.000265354
     5.55844    0.986516 0.000267785
     5.62307    0.985894  0.00026463
     5.68771    0.985935 0.000257206
     5.75234    0.986576 0.000239688
     5.81697    0.985476 0.000250884
     5.88161    0.986012 0.000250164
     5.94624    0.985853 0.000256985
     6.01087    0.986041 0.000242447
     6.07551    0.985801 0.000203533
     6.14014    0.985831 0.000236921
     6.20477    0.985842 0.000239394
      6.2694    0.985882 0.000253346
     6.33404    0.985703 0.000234958
     6.39867    0.985631 0.000252385
