100
90
81
72.9
65.61
59.049
53.1441
47.8297
43.0467
38.742
34.8678
31.3811
28.243
25.4187
22.8768
20.5891
18.5302
16.6772
15.0095
13.5085
12.1577
10.9419
9.84771
8.86294
7.97664
7.17898
6.46108
5.81497
5.23348
4.71013
4.23912
3.8152
3.43368
3.09032
2.78128
2.50316
2.25284
2.02756
1.8248
1.64232
1.47809
1.33028
1.19725
1.07753
0.969774
0.872796
0.785517
0.706965
0.636269
0.572642
0.515378
0.46384
0.417456
0.37571
0.338139
0.304325
0.273893
0.246503
0.221853
0.199668
0.179701
0.161731
0.145558
0.131002
0.117902
0.106112
0.0955005
0.0859504
0.0773554
0.0696199
0.0626579
0.0563921
0.0507529
0.0456776
0.0411098
0.0369988
0.033299
0.0299691
0.0269722
0.0242749
0.0218475
0.0196627
0.0176964
0.0159268
0.0143341
0.0129007
0.0116106
0.0104496
0.00940461
0.00846415
0.00761773
0.00685596
0.00617037
0.00555333
0.004998
0.0044982
0.00404838
0.00364354
0.00327919
0.00295127
0.00265614
0.00239053
0.00215147
0.00193633
0.00174269
0.00156842
0.00141158
0.00127042
0.00114338
0.00102904
