0
0.240807
0.144108
0.101925
0.0836052
0.0683131
0.0578396
0.0502983
0.0443607
0.0398777
0.0363792
0.033379
0.0318741
0.0295795
0.0275373
0.0258992
0.0243325
0.0229844
0.0219862
0.020876
0.0198753
0.0189505
0.0181595
0.0173868
0.0167285
0.0160988
0.0155977
0.0153108
0.0148019
0.0143254
0.0138563
0.0134581
0.0131548
0.0127902
0.0124232
0.0120907
0.011818
0.0115035
0.0112113
0.0109291
0.0106669
0.0104221
0.01026
0.0100402
0.00982013
0.00960452
0.00939905
0.00923202
0.00908327
0.0089318
0.00875545
0.00858943
0.00850718
0.00835087
0.00819764
0.00805699
0.00796602
0.00783138
0.0076988
0.00758195
0.00745919
0.00733802
0.00722135
0.00711115
0.00700359
0.0069146
0.00681069
0.00679432
0.00671979
0.00665069
0.00663349
0.00654805
0.00645866
0.00637328
0.00628954
0.00620723
0.00612637
0.00604797
0.00598848
0.00591983
0.00586363
0.00579913
0.0057326
0.00568722
0.00563183
0.00557238
0.00552763
0.00546493
0.00542987
0.00538165
0.00537006
0.00533838
0.00530342
0.00528859
0.00523951
0.00519773
0.00514397
0.00509148
0.00504031
0.00499852
