-6.59995
-6.58839
-6.58321
-6.58232
-6.58238
-6.58185
-6.58153
-6.58182
-6.58171
-6.58145
-6.58099
-6.58074
-6.58124
-6.58143
-6.5815
-6.58142
-6.58142
-6.58141
-6.58161
-6.58176
-6.58189
-6.58198
-6.58203
-6.582
-6.58207
-6.58212
-6.58224
-6.58242
-6.58239
-6.58231
-6.58233
-6.58223
-6.58209
-6.58202
-6.58202
-6.58199
-6.58184
-6.58182
-6.5818
-6.58186
-6.58187
-6.58189
-6.58196
-6.58192
-6.5819
-6.58184
-6.58184
-6.58186
-6.58186
-6.58188
-6.58195
-6.58195
-6.58189
-6.58187
-6.58183
-6.5819
-6.58195
-6.58197
-6.58201
-6.58203
-6.58204
-6.58204
-6.58204
-6.58204
-6.58203
-6.58204
-6.58199
-6.58197
-6.58194
-6.58197
-6.58201
-6.58203
-6.58203
-6.58203
-6.58203
-6.58203
-6.58202
-6.58204
-6.58208
-6.58208
-6.58205
-6.58202
-6.58204
-6.58206
-6.58211
-6.58214
-6.58213
-6.58214
-6.58217
-6.58215
-6.58211
-6.58212
-6.58218
-6.58223
-6.58224
-6.58222
-6.58226
-6.5823
-6.58234
-6.58239
