0
0.152832
0.0908954
0.064307
0.0530666
0.0433508
0.0367252
0.0319331
0.0281643
0.0253134
0.0230724
0.021164
0.0201955
0.0187376
0.0174438
0.0164101
0.0154178
0.0145662
0.0139298
0.0132237
0.0125873
0.0120015
0.0115068
0.0110171
0.0106072
0.0102121
0.00989193
0.00970494
0.00938302
0.00907936
0.00878223
0.00853847
0.00834051
0.00811433
0.00788182
0.00767303
0.00749398
0.0072944
0.00710996
0.00693053
0.0067643
0.00661029
0.0065071
0.0063674
0.0062277
0.00609143
0.00596119
0.00585835
0.00576626
0.00567089
0.00555863
0.00545361
0.00540127
0.00530184
0.00520466
0.00511411
0.00505566
0.00496998
0.00488639
0.00481404
0.00473607
0.00465915
0.00458512
0.00451541
0.00444721
0.00439143
0.00432572
0.00431777
0.00427025
0.0042263
0.00421533
0.00416223
0.00410554
0.00405136
0.00399836
0.00394607
0.00389463
0.00384462
0.00380627
0.00376323
0.00372687
0.00368717
0.0036447
0.00361863
0.00358216
0.00354387
0.00351636
0.00347662
0.00345416
0.00342501
0.00341635
0.0033985
0.00337381
0.00336246
0.00333156
0.00330503
0.00327116
0.00323819
0.00320613
0.00317808
