0.791703
0.767314
0.728154
0.675899
0.612805
0.542055
0.46775
0.394677
0.327907
0.272139
0.230955
0.206172
0.197611
0.203255
0.219781
0.243266
0.269807
0.296006
0.319227
0.337682
0.350431
0.357284
0.358657
0.355428
0.348817
0.340234
0.331165
0.323081
0.317324
0.315069
0.317199
0.324288
0.336455
0.353353
0.374108
0.397391
0.421587
0.444926
0.465771
0.482743
0.494889
0.501693
0.503153
0.49968
0.492077
0.481415
0.468837
0.455489
0.442371
0.430185
0.419376
0.410129
0.402461
0.396279
0.391483
0.388044
0.385988
0.385419
0.386462
0.389167
0.393468
0.399149
0.405816
0.412944
0.419923
0.426206
0.431396
0.435277
0.437779
0.438982
0.439028
0.438055
0.436229
0.433702
0.43063
0.427168
0.423522
0.419877
0.416398
0.413295
0.410751
0.408873
0.407799
0.407593
0.408293
0.409763
0.411688
0.413534
0.414669
0.414451
0.412366
0.408147
0.401899
0.394078
0.385423
0.376905
0.369457
0.363853
0.360558
0.359661
0.36094
0.363929
0.367992
0.372439
0.376604
0.379891
0.381818
0.382057
0.380562
0.377547
0.373524
0.369255
0.365679
0.363773
0.36441
0.368219
0.375424
0.385865
0.398979
0.413924
0.429678
0.445163
0.459372
0.471389
0.480545
0.486362
0.488573
0.487183
0.48243
0.474734
0.464735
0.453219
0.441103
0.429344
0.418886
0.410574
0.405004
0.402444
0.402628
0.404778
0.407856
0.41082
0.412937
0.413771
0.413197
0.411316
0.408281
0.40429
0.399568
0.394355
0.388957
0.383729
0.379067
0.375373
0.373016
0.372319
0.373543
0.376849
0.382218
0.389327
0.397484
0.405673
0.41277
0.417797
0.420139
0.419652
0.416702
0.412007
0.40642
0.400719
0.395437
0.390835
0.387044
0.384167
0.382447
0.382267
0.384034
0.387988
0.394085
0.402025
0.411305
0.421264
0.431238
0.440548
0.448537
0.454693
0.458558
0.459842
0.458459
0.454525
0.448369
0.440533
0.431714
0.422683
0.414275
0.407266
0.402238
0.399526
0.399138
0.4008
0.404005
0.408097
0.412424
0.416462
0.419791
0.422167
0.423476
0.423758
0.423134
0.421777
0.419953
0.417859
0.415592
0.413172
0.410511
0.407561
0.404318
0.40085
0.397315
0.393902
0.390771
0.388054
0.38586
0.384269
0.383327
0.383106
0.383683
0.385111
0.387441
0.390659
0.394604
0.398988
0.403405
0.40732
0.410209
0.41167
0.411463
0.409617
0.406415
0.402304
0.397817
0.393392
0.389376
0.385939
0.383092
0.380755
0.378874
0.377463
0.376599
0.37641
0.377001
0.378414
0.380572
0.383298
0.386401
0.389703
0.393103
0.396644
0.400466
0.404688
0.40938
0.414539
0.420116
0.426045
0.432308
0.43884
0.445507
0.452086
0.458221
0.463487
0.467488
0.469874
0.470423
0.46908
0.465907
0.461086
0.454874
0.447531
0.439288
0.430369
0.421066
0.411681
0.402575
0.394157
0.38691
0.381322
0.377841
0.376743
0.378055
0.381463
0.386319
0.391677
0.396509
0.39983
0.400935
0.399514
0.39575
0.390299
0.384209
0.378746
0.375144
0.374389
0.37704
0.383138
0.392271
0.40364
0.416174
0.428702
0.440082
0.449336
0.455699
0.458696
0.458096
0.453931
0.446431
0.436038
0.423417
0.409469
0.395259
0.381983
0.370782
0.362635
0.358198
0.357637
0.360674
0.366735
0.375033
0.384734
0.395041
0.405237
0.414662
0.422698
0.428835
0.432779
0.434483
0.43414
0.432157
0.429051
0.425351
0.421559
0.418099
0.415259
0.41321
0.412027
0.411692
0.412129
0.413262
0.414988
0.417191
0.419725
0.422375
0.424867
0.426889
0.428102
0.428291
0.427378
0.425425
0.422566
0.418944
0.414597
0.4095
0.403622
0.397018
0.389902
0.382666
0.37593
0.370415
0.36682
0.365664
0.367171
0.371215
0.377405
0.385139
0.393756
0.402612
0.411149
0.418892
0.425451
0.430495
0.43379
0.435197
0.434668
0.432273
0.428184
0.422752
0.416469
0.409941
0.403894
0.399083
0.396128
0.39541
0.396993
0.400504
0.40527
0.41048
0.415364
0.41935
0.422104
0.423606
0.424022
0.423647
0.422802
0.421751
0.420668
0.41965
0.418625
0.417391
0.415704
0.413302
0.409926
0.405481
0.400118
0.39432
0.388844
0.384699
0.382968
0.384428
0.389364
0.39742
0.407663
0.418823
0.429626
0.439049
0.446385
0.451265
0.453614
0.453509
0.451156
0.44682
0.440782
0.433313
0.424699
0.415206
0.405171
0.394976
0.385103
0.376154
0.368803
0.36374
0.361621
0.362874
0.367572
0.375333
0.385325
0.396357
0.407107
0.416352
0.423136
0.42694
0.427733
0.425901
0.422176
0.41753
0.412897
0.409024
0.406336
0.405002
0.405017
0.406354
0.408949
0.412618
0.416848
0.420756
0.423256
0.423426
0.420726
0.415136
0.407127
0.397637
0.387851
0.379075
0.372489
0.368891
0.368619
0.371571
0.377286
0.385081
0.394156
0.403755
0.413122
0.421609
0.428713
0.434132
0.437783
0.439804
0.440481
0.44022
0.439394
0.438329
0.437238
0.43629
0.435562
0.435031
0.434639
0.434215
0.433537
0.432426
0.430722
0.428385
0.425501
0.422154
0.418491
0.414718
0.411077
0.4079
0.405491
0.404125
0.403914
0.404686
0.406057
0.407463
0.408374
0.408385
0.407278
0.404981
0.401585
0.397211
0.392043
0.386347
0.380426
0.374654
0.36948
0.365373
0.362776
0.361973
0.363075
0.365953
0.370292
0.375607
0.381384
0.387101
0.392336
0.396757
0.400184
0.402611
0.404187
0.405194
0.40595
0.406759
0.407746
0.40885
0.409906
0.410706
0.411088
0.411021
0.410542
0.409755
0.40878
0.407777
0.406971
0.406668
0.407182
0.408741
0.411433
0.415066
0.419191
0.423233
0.42667
0.42926
0.431102
0.432632
0.434292
0.436349
0.43879
0.44135
0.443614
0.445097
0.445369
0.444105
0.441093
0.436384
0.430312
0.423578
0.417157
0.412061
0.408992
0.408145
0.409183
0.411365
0.413791
0.415588
0.416115
0.415018
0.412204
0.40782
0.402202
0.395882
0.389495
0.383782
0.379444
0.37704
0.37682
0.378656
0.382095
0.386547
0.39142
0.396194
0.400518
0.404179
0.407131
0.409447
0.411284
0.412865
0.414354
0.415822
0.417195
0.418335
0.419109
0.419381
0.419124
0.41841
0.417296
0.415865
0.414097
0.411979
0.409538
0.406872
0.404243
0.40196
0.400396
0.399885
0.400653
0.402685
0.405832
0.40973
0.414001
0.418274
0.422221
0.425566
0.428058
0.429514
0.429717
0.428572
0.426073
0.422381
0.417828
0.412892
0.408114
0.403974
0.400789
0.398668
0.39756
0.397257
0.3975
0.3981
0.398979
0.40022
0.402003
0.404532
0.407898
0.412018
0.416605
0.421335
0.425932
0.430194
0.433966
0.437118
0.43951
0.44102
0.441479
0.440745
0.438611
0.434871
0.429367
0.422044
0.41301
0.402611
0.391425
0.38028
0.370078
0.361744
0.355973
0.353105
0.353006
0.355152
0.358803
0.363159
0.367601
0.371776
0.375547
0.378907
0.381762
0.383887
0.38502
0.385032
0.38411
0.382778
0.381831
0.382143
0.384455
0.389228
0.396537
0.406084
0.417307
0.429433
0.441638
0.453162
0.463345
0.471666
0.477711
0.481212
0.481972
0.479859
0.474813
0.466928
0.456505
0.444085
0.430433
0.416567
0.403604
0.39265
0.384628
0.380065
0.3791
0.381508
0.386708
0.393881
0.402087
0.410305
0.417557
0.423008
0.426105
0.426628
0.424723
0.420817
0.415533
0.40955
0.403503
0.398011
0.393609
0.390779
0.389871
0.390997
0.393944
0.39808
0.402497
0.406285
0.408751
0.409552
0.408802
0.406954
0.404619
0.402402
0.400712
0.399717
0.399277
0.399064
0.398689
0.397888
0.396629
0.395167
0.393974
0.39359
0.3945
0.396958
0.400903
0.405928
0.411354
0.416342
0.420088
0.421963
0.42162
0.41906
0.414661
0.409077
0.403093
0.397475
0.392853
0.389624
0.387975
0.387977
0.389623
0.392898
0.397808
0.404265
0.412036
0.420666
0.429457
0.437604
0.444305
0.44889
0.45092
0.450188
0.446753
0.440866
0.432962
0.423667
0.413764
0.404115
0.395647
0.389181
0.385299
0.384191
0.385625
0.388985
0.393415
0.397923
0.401584
0.403627
0.403611
0.401491
0.397599
0.392568
0.387191
0.382307
0.378665
0.376849
0.377221
0.379966
0.385002
0.391992
0.400418
0.409605
0.41883
0.427363
0.434577
0.439997
0.443333
0.444516
0.443657
0.441043
0.437121
0.432367
0.427224
0.421982
0.416767
0.411546
0.406152
0.40045
0.394475
0.388395
0.382567
0.37747
0.373598
0.371414
0.371209
0.373064
0.37684
0.382222
0.388733
0.395857
0.403193
0.410479
0.417595
0.424532
0.43129
0.437725
0.443458
0.447915
0.45049
0.450703
0.44835
0.443576
0.436799
0.428578
0.419562
0.410401
0.401684
0.393839
0.387164
0.381887
0.378122
0.37591
0.375253
0.376058
0.378201
0.381479
0.385596
0.390168
0.394755
0.398885
0.402162
0.404251
0.405052
0.404754
0.4038
0.402775
0.402344
0.403118
0.405535
0.40979
0.41577
0.422997
0.430788
0.438418
0.445235
0.450809
0.454888
0.457379
0.458221
0.457405
0.454907
0.450765
0.445056
0.438017
0.43001
0.42152
0.413073
0.40504
0.397673
0.391013
0.384953
0.379312
0.37392
0.368735
0.363835
0.359412
0.355732
0.353075
0.351699
0.351792
0.353417
0.356595
0.361253
0.367273
0.374482
0.382639
0.391402
0.400383
0.40915
0.417246
0.424332
0.430192
0.434745
0.437985
0.439991
0.440858
0.440711
0.43974
0.438287
0.436903
0.436215
0.43685
0.439115
0.442916
0.447684
0.452502
0.456336
0.458313
0.457805
0.454647
0.449122
0.44188
0.43376
0.425674
0.418439
0.412621
0.408406
0.405581
0.403607
0.401771
0.399366
0.39591
0.391349
0.386146
0.381126
0.377246
0.375312
0.375714
0.378346
0.382721
0.388152
0.393965
0.399574
0.404611
0.408864
0.412229
0.414675
0.416154
0.416565
0.415808
0.413853
0.410822
0.407038
0.402947
0.399074
0.395903
0.393776
0.392785
0.392806
0.393559
0.394734
0.396087
0.39751
0.399057
0.400861
0.403078
0.405833
0.409115
0.412767
0.41653
0.420105
0.4232
0.425607
0.427203
0.427978
0.427961
0.427256
0.426018
0.424471
