0.55804
0.405208
0.383388
0.385487
0.403785
0.402401
0.404929
0.407786
0.408115
0.405627
0.402786
0.400713
0.406084
0.407312
0.407334
0.40559
0.405905
0.404967
0.407016
0.407498
0.407975
0.407981
0.407035
0.406975
0.406055
0.4054
0.406535
0.408359
0.407767
0.407254
0.407148
0.407922
0.406884
0.407493
0.4077
0.408151
0.407468
0.407403
0.407671
0.407762
0.40802
0.407675
0.408499
0.408144
0.407938
0.408025
0.408121
0.407606
0.40818
0.408669
0.408693
0.408514
0.40777
0.407642
0.407677
0.407858
0.408427
0.408577
0.408461
0.408154
0.408278
0.408307
0.408376
0.408526
0.408399
0.408725
0.408779
0.408085
0.407721
0.408105
0.408746
0.408525
0.408602
0.408485
0.40838
0.408308
0.408275
0.408318
0.408602
0.408412
0.408133
0.408344
0.408472
0.408116
0.408329
0.408489
0.408181
0.408125
0.408466
0.40872
0.408274
0.407911
0.408196
0.408603
0.40878
0.408545
0.408495
0.408434
0.408361
0.408524
