0
0.229248
0.136343
0.0964605
0.0795999
0.0650262
0.0550878
0.0478996
0.0422464
0.0379702
0.0346086
0.0317459
0.0302932
0.0281064
0.0261657
0.0246151
0.0231266
0.0218493
0.0208946
0.0198356
0.0188809
0.0180023
0.0172602
0.0165256
0.0159108
0.0153181
0.0148379
0.0145574
0.0140745
0.013619
0.0131733
0.0128077
0.0125108
0.0121715
0.0118227
0.0115095
0.011241
0.0109416
0.0106649
0.0103958
0.0101465
0.00991544
0.00976066
0.0095511
0.00934155
0.00913714
0.00894178
0.00878752
0.0086494
0.00850633
0.00833794
0.00818041
0.00810191
0.00795276
0.007807
0.00767116
0.00758349
0.00745497
0.00732958
0.00722105
0.0071041
0.00698872
0.00687768
0.00677311
0.00667082
0.00658714
0.00648858
0.00647665
0.00640537
0.00633944
0.00632299
0.00624334
0.00615831
0.00607704
0.00599755
0.0059191
0.00584194
0.00576692
0.0057094
0.00564484
0.0055903
0.00553076
0.00546705
0.00542794
0.00537324
0.0053158
0.00527454
0.00521493
0.00518123
0.00513751
0.00512453
0.00509775
0.00506072
0.00504369
0.00499734
0.00495755
0.00490673
0.00485728
0.00480919
0.00476711
