0.83706
0.607812
0.575082
0.57823
0.605678
0.603602
0.607393
0.61168
0.612172
0.60844
0.604179
0.601069
0.609126
0.610968
0.611
0.608385
0.608857
0.607451
0.610524
0.611247
0.611962
0.611971
0.610552
0.610463
0.609083
0.6081
0.609803
0.612538
0.61165
0.61088
0.610723
0.611883
0.610326
0.611239
0.61155
0.612227
0.611202
0.611104
0.611506
0.611643
0.61203
0.611513
0.612749
0.612216
0.611907
0.612037
0.612181
0.611408
0.612271
0.613004
0.613039
0.612771
0.611655
0.611463
0.611515
0.611788
0.612641
0.612865
0.612691
0.612231
0.612417
0.61246
0.612564
0.61279
0.612599
0.613088
0.613168
0.612127
0.611582
0.612158
0.613119
0.612788
0.612903
0.612728
0.61257
0.612462
0.612412
0.612477
0.612903
0.612617
0.6122
0.612517
0.612708
0.612173
0.612493
0.612733
0.612272
0.612188
0.612699
0.61308
0.612412
0.611867
0.612294
0.612905
0.613169
0.612817
0.612743
0.612651
0.612542
0.612786
