-7.83541
-7.791
-7.71075
-7.61923
-7.51414
-7.40006
-7.28197
-7.16842
-7.06703
-6.98212
-6.92111
-6.88481
-6.87201
-6.88203
-6.90847
-6.94376
-6.98277
-7.0221
-7.05503
-7.0819
-7.09981
-7.10987
-7.11085
-7.10476
-7.09412
-7.08237
-7.06946
-7.05857
-7.04877
-7.04599
-7.0486
-7.06291
-7.08126
-7.10888
-7.14114
-7.17794
-7.21519
-7.24896
-7.2807
-7.30776
-7.3252
-7.33395
-7.33698
-7.33108
-7.32109
-7.30602
-7.28761
-7.26659
-7.24572
-7.22665
-7.20872
-7.19412
-7.18058
-7.17379
-7.16712
-7.16119
-7.15962
-7.15738
-7.15855
-7.16317
-7.16726
-7.17726
-7.18639
-7.19775
-7.20815
-7.21905
-7.22859
-7.23356
-7.23841
-7.24133
-7.24188
-7.24222
-7.23969
-7.23451
-7.22757
-7.2246
-7.21944
-7.21366
-7.20784
-7.20326
-7.19792
-7.19489
-7.19276
-7.19291
-7.19344
-7.19639
-7.19833
-7.20007
-7.20128
-7.202
-7.19856
-7.19159
-7.18194
-7.16971
-7.157
-7.14626
-7.13403
-7.12432
-7.1191
-7.11713
-7.11804
-7.12273
-7.13023
-7.13399
-7.14144
-7.14717
-7.14917
-7.14894
-7.14645
-7.14076
-7.1356
-7.12956
-7.12438
-7.1225
-7.12292
-7.12946
-7.14013
-7.15818
-7.18046
-7.20534
-7.22997
-7.25405
-7.27703
-7.29499
-7.30858
-7.3158
-7.3231
-7.31984
-7.30997
-7.29706
-7.28113
-7.26403
-7.24455
-7.22963
-7.21162
-7.19824
-7.19162
-7.18855
-7.18886
-7.18971
-7.19567
-7.20295
-7.2053
-7.20505
-7.20171
-7.19806
-7.1927
-7.18659
-7.18006
-7.17252
-7.16377
-7.1547
-7.1475
-7.14084
-7.13883
-7.13805
-7.14246
-7.14676
-7.15543
-7.16566
-7.17765
-7.19082
-7.20025
-7.20903
-7.2118
-7.21098
-7.20624
-7.19965
-7.19023
-7.18042
-7.17194
-7.16256
-7.15895
-7.15705
-7.15597
-7.15499
-7.15926
-7.16454
-7.17594
-7.18711
-7.20183
-7.21844
-7.23691
-7.25007
-7.25857
-7.26652
-7.27259
-7.27315
-7.26938
-7.26312
-7.25391
-7.24229
-7.22994
-7.2174
-7.20528
-7.19697
-7.18911
-7.18669
-7.18418
-7.18921
-7.19193
-7.19814
-7.20365
-7.20801
-7.21352
-7.21887
-7.22067
-7.21869
-7.21827
-7.21712
-7.21563
-7.21375
-7.20968
-7.20473
-7.2007
-7.19364
-7.18873
-7.18415
-7.17562
-7.17215
-7.16912
-7.16674
-7.16418
-7.16027
-7.15929
-7.15842
-7.15876
-7.16104
-7.16176
-7.16509
-7.17336
-7.1803
-7.18753
-7.19199
-7.1971
-7.19873
-7.19817
-7.19582
-7.1902
-7.18491
-7.17752
-7.1706
-7.1666
-7.16347
-7.15961
-7.15552
-7.15245
-7.14944
-7.15082
-7.15
-7.15004
-7.15131
-7.15464
-7.15945
-7.16415
-7.16718
-7.17294
-7.17731
-7.18472
-7.1895
-7.19726
-7.20409
-7.21478
-7.22372
-7.23414
-7.24461
-7.25429
-7.26412
-7.27452
-7.28225
-7.29128
-7.29459
-7.29805
-7.29316
-7.28652
-7.27841
-7.26794
-7.25612
-7.24235
-7.22889
-7.2149
-7.20149
-7.18596
-7.17315
-7.16055
-7.15213
-7.14661
-7.14565
-7.14894
-7.15399
-7.16207
-7.16945
-7.17621
-7.17928
-7.1796
-7.17742
-7.17082
-7.16343
-7.15689
-7.14955
-7.14354
-7.1416
-7.14675
-7.15607
-7.17049
-7.18974
-7.21121
-7.22861
-7.2451
-7.25665
-7.26474
-7.26968
-7.26856
-7.26114
-7.2491
-7.23539
-7.21263
-7.1903
-7.17001
-7.14839
-7.13328
-7.12223
-7.11325
-7.11233
-7.11867
-7.12622
-7.13893
-7.15557
-7.17106
-7.18725
-7.19896
-7.21432
-7.22353
-7.22878
-7.23231
-7.23184
-7.22963
-7.2229
-7.21893
-7.21132
-7.20588
-7.20303
-7.20105
-7.19941
-7.19935
-7.20109
-7.20288
-7.20491
-7.20957
-7.21372
-7.2164
-7.22138
-7.22432
-7.22373
-7.2232
-7.22102
-7.21762
-7.21483
-7.20767
-7.19974
-7.19068
-7.18078
-7.17013
-7.16135
-7.15117
-7.14087
-7.13187
-7.12779
-7.12483
-7.12781
-7.13649
-7.14638
-7.15816
-7.17084
-7.18411
-7.19521
-7.21056
-7.21986
-7.22751
-7.23411
-7.23432
-7.23194
-7.22776
-7.22204
-7.21405
-7.20487
-7.19639
-7.18843
-7.18113
-7.17896
-7.17791
-7.18125
-7.18676
-7.19209
-7.19893
-7.20648
-7.21164
-7.21623
-7.2196
-7.21878
-7.21942
-7.21811
-7.21619
-7.21361
-7.21176
-7.20956
-7.20637
-7.20472
-7.2026
-7.19932
-7.19056
-7.18144
-7.17467
-7.16658
-7.15936
-7.15429
-7.15797
-7.16523
-7.17966
-7.19752
-7.21462
-7.22938
-7.24453
-7.25324
-7.26277
-7.2656
-7.26638
-7.26189
-7.25349
-7.24291
-7.23184
-7.21811
-7.20442
-7.18867
-7.17274
-7.15867
-7.14447
-7.13244
-7.12363
-7.12255
-7.12463
-7.13347
-7.1439
-7.15945
-7.1741
-7.19138
-7.20493
-7.21468
-7.22155
-7.22393
-7.22051
-7.21245
-7.20445
-7.1966
-7.19095
-7.18808
-7.18661
-7.18716
-7.18936
-7.19343
-7.20101
-7.20932
-7.21278
-7.21817
-7.21932
-7.21482
-7.20344
-7.19016
-7.17644
-7.16086
-7.14665
-7.13782
-7.13324
-7.13495
-7.14145
-7.15233
-7.16394
-7.1751
-7.19048
-7.20217
-7.21602
-7.22612
-7.23301
-7.23888
-7.24201
-7.24253
-7.24106
-7.24106
-7.23944
-7.23814
-7.23545
-7.23472
-7.23427
-7.23369
-7.23562
-7.2339
-7.2328
-7.23112
-7.22721
-7.22054
-7.21643
-7.21155
-7.20557
-7.20177
-7.19969
-7.19492
-7.19208
-7.19128
-7.19191
-7.19304
-7.19575
-7.19733
-7.19654
-7.19536
-7.18979
-7.18293
-7.1772
-7.16903
-7.15978
-7.14992
-7.141
-7.13369
-7.12514
-7.1215
-7.11993
-7.12154
-7.12772
-7.13474
-7.14475
-7.15506
-7.16554
-7.17264
-7.17719
-7.18088
-7.18438
-7.18631
-7.18744
-7.18727
-7.18785
-7.19098
-7.19232
-7.1942
-7.19599
-7.19423
-7.19536
-7.19362
-7.19337
-7.19383
-7.19299
-7.19313
-7.19439
-7.19628
-7.20073
-7.20363
-7.20822
-7.21411
-7.22076
-7.22515
-7.22826
-7.23094
-7.23323
-7.23512
-7.23989
-7.24521
-7.24871
-7.2517
-7.25377
-7.25138
-7.25052
-7.24348
-7.2365
-7.22626
-7.21711
-7.20631
-7.20023
-7.19823
-7.19501
-7.19874
-7.20341
-7.20766
-7.21149
-7.21044
-7.20821
-7.20277
-7.19566
-7.18417
-7.17528
-7.1664
-7.15799
-7.15271
-7.1491
-7.15007
-7.15278
-7.15781
-7.16264
-7.17029
-7.17773
-7.18348
-7.18919
-7.19222
-7.19626
-7.19928
-7.20195
-7.2058
-7.20573
-7.20744
-7.20781
-7.21214
-7.21247
-7.2133
-7.21152
-7.21077
-7.20696
-7.20296
-7.20038
-7.19667
-7.19104
-7.18648
-7.18313
-7.18092
-7.18131
-7.18331
-7.18427
-7.19075
-7.197
-7.20408
-7.21046
-7.21502
-7.21927
-7.22514
-7.22682
-7.22693
-7.225
-7.22268
-7.21699
-7.20942
-7.20135
-7.19296
-7.18525
-7.18193
-7.17955
-7.17835
-7.17832
-7.17778
-7.17969
-7.18074
-7.18105
-7.18382
-7.18871
-7.19388
-7.2008
-7.2087
-7.21676
-7.22329
-7.22865
-7.23196
-7.23723
-7.24102
-7.24313
-7.24333
-7.24398
-7.23861
-7.23274
-7.22357
-7.21134
-7.19788
-7.18244
-7.16464
-7.1467
-7.13065
-7.11978
-7.11188
-7.10834
-7.10889
-7.11272
-7.11965
-7.12558
-7.13352
-7.1394
-7.14532
-7.149
-7.15287
-7.15592
-7.15681
-7.15472
-7.15453
-7.15318
-7.15253
-7.15455
-7.15999
-7.16656
-7.17756
-7.19088
-7.20726
-7.22746
-7.24669
-7.26479
-7.28079
-7.29457
-7.3023
-7.30813
-7.31111
-7.30718
-7.29917
-7.28564
-7.2716
-7.24982
-7.23053
-7.20655
-7.18766
-7.17032
-7.15813
-7.14988
-7.15026
-7.15466
-7.16476
-7.17574
-7.18974
-7.20231
-7.21232
-7.22018
-7.22477
-7.2242
-7.21971
-7.2123
-7.20261
-7.19358
-7.18488
-7.17644
-7.16972
-7.16574
-7.16371
-7.16603
-7.17068
-7.17861
-7.18714
-7.19299
-7.19548
-7.19902
-7.19802
-7.19448
-7.19096
-7.18672
-7.18493
-7.18127
-7.181
-7.18068
-7.18006
-7.17749
-7.17652
-7.17563
-7.17425
-7.17319
-7.1738
-7.17773
-7.18384
-7.18987
-7.198
-7.2047
-7.2104
-7.21419
-7.21301
-7.20983
-7.20495
-7.19548
-7.18651
-7.1769
-7.16983
-7.16457
-7.16428
-7.16486
-7.16757
-7.17273
-7.18001
-7.19186
-7.20303
-7.21411
-7.22888
-7.24029
-7.25039
-7.2569
-7.26311
-7.26191
-7.25475
-7.24559
-7.23315
-7.21938
-7.20547
-7.1895
-7.17737
-7.16738
-7.16132
-7.16136
-7.16223
-7.1675
-7.17131
-7.17865
-7.18297
-7.1864
-7.18573
-7.18128
-7.17554
-7.16756
-7.16016
-7.1533
-7.1471
-7.14404
-7.14527
-7.14974
-7.15794
-7.16933
-7.18019
-7.19273
-7.20554
-7.21948
-7.2307
-7.2408
-7.24613
-7.24921
-7.24925
-7.2464
-7.23906
-7.23314
-7.22378
-7.21526
-7.20809
-7.1996
-7.19244
-7.1832
-7.17679
-7.16736
-7.15869
-7.14957
-7.14237
-7.14002
-7.141
-7.14408
-7.14775
-7.157
-7.16786
-7.1786
-7.19155
-7.20343
-7.21343
-7.22284
-7.23262
-7.24285
-7.25065
-7.25742
-7.26031
-7.26251
-7.25989
-7.25337
-7.24101
-7.22851
-7.21427
-7.19894
-7.18468
-7.17145
-7.16131
-7.15459
-7.14852
-7.14415
-7.14403
-7.14448
-7.14918
-7.15457
-7.15986
-7.16805
-7.17587
-7.18131
-7.18672
-7.18966
-7.19132
-7.19107
-7.18894
-7.18777
-7.18499
-7.18799
-7.19124
-7.19984
-7.20872
-7.21969
-7.23205
-7.24374
-7.25315
-7.26033
-7.26654
-7.26809
-7.26975
-7.2686
-7.26396
-7.2575
-7.24742
-7.23636
-7.2249
-7.21213
-7.20047
-7.18851
-7.17822
-7.16671
-7.15608
-7.14701
-7.13798
-7.13121
-7.12262
-7.11511
-7.1107
-7.10786
-7.10601
-7.10572
-7.11002
-7.11728
-7.12318
-7.13338
-7.145
-7.15703
-7.17185
-7.18791
-7.20035
-7.21204
-7.22217
-7.23012
-7.23772
-7.2453
-7.24846
-7.25187
-7.25151
-7.25027
-7.24676
-7.2441
-7.24193
-7.24344
-7.24741
-7.25266
-7.25891
-7.26574
-7.269
-7.27357
-7.27241
-7.26729
-7.25772
-7.24764
-7.23572
-7.2214
-7.20911
-7.19998
-7.19292
-7.18885
-7.18596
-7.18252
-7.17716
-7.1718
-7.16482
-7.15892
-7.15247
-7.14722
-7.14692
-7.14723
-7.15115
-7.1576
-7.16682
-7.17749
-7.18778
-7.19393
-7.20148
-7.20477
-7.2083
-7.21101
-7.21049
-7.20885
-7.20736
-7.20332
-7.19951
-7.19305
-7.18764
-7.17946
-7.17482
-7.1735
-7.17075
-7.17261
-7.177
-7.17969
-7.1841
-7.18516
-7.18727
-7.19099
-7.19489
-7.2002
-7.20572
-7.212
-7.21731
-7.22348
-7.22633
-7.22957
-7.22964
-7.23177
-7.22997
-7.22449
-7.22182
