-7.43701
-7.19621
-7.15829
-7.16055
-7.18806
-7.18545
-7.18893
-7.19349
-7.19388
-7.18989
-7.18516
-7.18181
-7.19036
-7.19239
-7.1925
-7.18981
-7.19027
-7.18886
-7.19213
-7.193
-7.19385
-7.19395
-7.19258
-7.19246
-7.19115
-7.19022
-7.19204
-7.19496
-7.19404
-7.19319
-7.19306
-7.19412
-7.19241
-7.19326
-7.19357
-7.19422
-7.19304
-7.19292
-7.19331
-7.1935
-7.1939
-7.1934
-7.1947
-7.19414
-7.19381
-7.19387
-7.19402
-7.19326
-7.19413
-7.19489
-7.19499
-7.19472
-7.19355
-7.19334
-7.19335
-7.19368
-7.19459
-7.19484
-7.1947
-7.19426
-7.19446
-7.1945
-7.1946
-7.19483
-7.19463
-7.19513
-7.19516
-7.19409
-7.19352
-7.19412
-7.19513
-7.19482
-7.19493
-7.19475
-7.1946
-7.19449
-7.19443
-7.19452
-7.19498
-7.1947
-7.19425
-7.19454
-7.19475
-7.19423
-7.1946
-7.19487
-7.1944
-7.19433
-7.19487
-7.19523
-7.19452
-7.19398
-7.19447
-7.19514
-7.19541
-7.19504
-7.19501
-7.19495
-7.19488
-7.19518
