-6.64786
-6.64003
-6.61852
-6.60539
-6.59493
-6.58697
-6.58034
-6.57641
-6.57517
-6.57391
-6.57467
-6.57555
-6.57559
-6.57715
-6.57879
-6.57887
-6.57806
-6.57809
-6.57619
-6.57537
-6.57416
-6.57395
-6.57286
-6.57162
-6.5709
-6.57202
-6.57271
-6.57395
-6.57278
-6.57338
-6.5728
-6.57648
-6.57658
-6.57885
-6.57998
-6.58185
-6.58281
-6.58157
-6.58205
-6.58364
-6.58287
-6.58141
-6.58225
-6.58156
-6.58297
-6.5839
-6.58435
-6.58335
-6.58216
-6.58137
-6.57966
-6.57892
-6.57689
-6.57937
-6.5799
-6.57913
-6.58064
-6.57925
-6.57885
-6.57942
-6.57706
-6.57853
-6.57767
-6.57834
-6.57827
-6.57975
-6.5815
-6.58065
-6.58174
-6.58285
-6.58334
-6.58514
-6.58535
-6.58396
-6.58162
-6.58385
-6.58416
-6.58385
-6.58324
-6.58332
-6.58179
-6.58158
-6.58106
-6.58152
-6.581
-6.58174
-6.5808
-6.57977
-6.57928
-6.58033
-6.58002
-6.57937
-6.5791
-6.57859
-6.57886
-6.58091
-6.57984
-6.57855
-6.57826
-6.57764
-6.57663
-6.57684
-6.57824
-6.57533
-6.57653
-6.57733
-6.57644
-6.57586
-6.57561
-6.57444
-6.57532
-6.57568
-6.57586
-6.57684
-6.57631
-6.57713
-6.57699
-6.57938
-6.58199
-6.58445
-6.58545
-6.5863
-6.58797
-6.58791
-6.58776
-6.58626
-6.59024
-6.58907
-6.58633
-6.58496
-6.58403
-6.5842
-6.58289
-6.58562
-6.58329
-6.58238
-6.58412
-6.58488
-6.58492
-6.58254
-6.58388
-6.58672
-6.5859
-6.58439
-6.58192
-6.58109
-6.58028
-6.58016
-6.58071
-6.58099
-6.58034
-6.5791
-6.5789
-6.57778
-6.5793
-6.57957
-6.58214
-6.58149
-6.58211
-6.58167
-6.58143
-6.58231
-6.58109
-6.58234
-6.58159
-6.5815
-6.58119
-6.58164
-6.5806
-6.57934
-6.57878
-6.57631
-6.57838
-6.5808
-6.5823
-6.58159
-6.58321
-6.58256
-6.58481
-6.58408
-6.58487
-6.58654
-6.59005
-6.58924
-6.58577
-6.58448
-6.58475
-6.58338
-6.58169
-6.58133
-6.58136
-6.58149
-6.58237
-6.58338
-6.58387
-6.58607
-6.58575
-6.5874
-6.58547
-6.58801
-6.58592
-6.586
-6.58502
-6.58332
-6.58384
-6.58562
-6.58546
-6.58305
-6.58357
-6.58445
-6.5857
-6.58696
-6.58629
-6.58497
-6.58493
-6.58229
-6.58225
-6.58288
-6.57965
-6.5813
-6.58297
-6.58466
-6.58539
-6.58387
-6.5843
-6.58376
-6.58324
-6.58337
-6.5806
-6.5791
-6.58145
-6.58181
-6.58242
-6.58101
-6.58179
-6.58123
-6.58097
-6.58139
-6.58057
-6.58145
-6.58079
-6.58051
-6.58253
-6.58456
-6.58497
-6.58439
-6.58414
-6.58324
-6.58592
-6.58539
-6.58454
-6.58369
-6.58379
-6.5845
-6.58454
-6.58262
-6.58328
-6.58235
-6.58402
-6.58247
-6.58319
-6.58228
-6.58461
-6.58466
-6.58568
-6.58635
-6.58603
-6.586
-6.58719
-6.58702
-6.59005
-6.58978
-6.59241
-6.58954
-6.58766
-6.58678
-6.58563
-6.58483
-6.58342
-6.58334
-6.58331
-6.58397
-6.5821
-6.58192
-6.58019
-6.58015
-6.57985
-6.58054
-6.58185
-6.5818
-6.58259
-6.58194
-6.58145
-6.57954
-6.5782
-6.57815
-6.57719
-6.57798
-6.58058
-6.58143
-6.58083
-6.58002
-6.58119
-6.58136
-6.58208
-6.58428
-6.58695
-6.58556
-6.58498
-6.58264
-6.58119
-6.58164
-6.58141
-6.58025
-6.57946
-6.58134
-6.57751
-6.57609
-6.57712
-6.57542
-6.57711
-6.57828
-6.57595
-6.57587
-6.57766
-6.57611
-6.57638
-6.57847
-6.5785
-6.57939
-6.57696
-6.58027
-6.58028
-6.57961
-6.58058
-6.58063
-6.5814
-6.57933
-6.5809
-6.57898
-6.57873
-6.58014
-6.58124
-6.58137
-6.58181
-6.58289
-6.58299
-6.58242
-6.58378
-6.58414
-6.58284
-6.58408
-6.58399
-6.58158
-6.58076
-6.57996
-6.57948
-6.58098
-6.57925
-6.57785
-6.57643
-6.57535
-6.5746
-6.57649
-6.57717
-6.57698
-6.57625
-6.57756
-6.57633
-6.57705
-6.57967
-6.58027
-6.58045
-6.58021
-6.58019
-6.57849
-6.58222
-6.58169
-6.58176
-6.58343
-6.58152
-6.57994
-6.57935
-6.57976
-6.57992
-6.58017
-6.58148
-6.58259
-6.5825
-6.58476
-6.58479
-6.58576
-6.586
-6.58418
-6.58321
-6.58343
-6.58261
-6.58307
-6.58419
-6.58275
-6.58395
-6.58391
-6.58357
-6.5826
-6.58229
-6.58163
-6.58028
-6.58116
-6.58265
-6.58443
-6.58234
-6.58126
-6.58319
-6.58332
-6.58231
-6.57983
-6.58132
-6.58119
-6.58353
-6.58603
-6.58638
-6.58494
-6.58596
-6.58367
-6.58588
-6.58518
-6.58612
-6.58516
-6.58326
-6.58173
-6.58187
-6.58107
-6.58161
-6.58091
-6.58027
-6.58102
-6.58024
-6.57924
-6.57802
-6.58012
-6.58032
-6.58211
-6.5809
-6.58146
-6.57957
-6.58072
-6.5804
-6.57998
-6.58114
-6.58233
-6.58166
-6.57919
-6.57816
-6.57726
-6.57741
-6.57858
-6.57911
-6.57963
-6.57983
-6.58001
-6.58208
-6.58405
-6.58164
-6.58329
-6.58418
-6.58373
-6.58074
-6.57947
-6.57999
-6.57908
-6.57804
-6.57909
-6.5799
-6.58202
-6.58409
-6.5864
-6.58632
-6.58386
-6.58485
-6.58249
-6.58361
-6.58305
-6.58181
-6.5822
-6.5823
-6.58181
-6.58073
-6.58197
-6.58195
-6.58228
-6.58102
-6.58138
-6.58173
-6.58174
-6.5843
-6.5836
-6.58417
-6.58504
-6.58463
-6.58229
-6.5832
-6.58381
-6.58349
-6.58516
-6.58784
-6.58669
-6.58589
-6.5854
-6.58488
-6.58395
-6.58456
-6.58477
-6.58397
-6.58444
-6.58232
-6.58055
-6.58139
-6.58096
-6.58026
-6.57928
-6.57902
-6.57947
-6.57708
-6.57733
-6.57697
-6.57693
-6.57879
-6.5793
-6.58134
-6.58299
-6.58489
-6.58413
-6.58205
-6.5806
-6.58046
-6.58003
-6.57965
-6.57834
-6.57772
-6.57936
-6.57904
-6.57934
-6.57994
-6.5776
-6.57883
-6.5778
-6.57873
-6.58066
-6.58132
-6.58267
-6.58439
-6.5855
-6.58762
-6.58648
-6.58562
-6.58533
-6.58591
-6.58515
-6.58437
-6.58429
-6.58428
-6.58368
-6.58537
-6.58703
-6.58669
-6.58628
-6.58612
-6.58333
-6.58437
-6.58184
-6.58192
-6.5808
-6.58174
-6.58058
-6.58214
-6.58474
-6.58279
-6.58497
-6.58636
-6.58697
-6.58811
-6.58627
-6.58568
-6.58446
-6.58393
-6.58087
-6.58146
-6.58216
-6.58232
-6.58355
-6.58354
-6.58484
-6.58479
-6.58466
-6.58282
-6.58316
-6.58344
-6.5827
-6.58292
-6.58152
-6.58209
-6.58235
-6.58266
-6.58427
-6.582
-6.58165
-6.58031
-6.58348
-6.5834
-6.58462
-6.58391
-6.58483
-6.58316
-6.58181
-6.58241
-6.58236
-6.58073
-6.58011
-6.58019
-6.58033
-6.58148
-6.58233
-6.58024
-6.582
-6.58241
-6.58308
-6.58305
-6.58168
-6.58092
-6.58305
-6.58255
-6.58235
-6.58214
-6.58357
-6.58341
-6.58267
-6.58201
-6.58078
-6.57929
-6.58074
-6.58155
-6.58201
-6.58244
-6.58153
-6.58255
-6.58227
-6.58072
-6.58082
-6.58191
-6.58203
-6.58277
-6.58379
-6.58476
-6.5844
-6.58336
-6.58101
-6.58155
-6.58175
-6.5816
-6.58111
-6.58286
-6.58069
-6.58044
-6.57952
-6.57828
-6.57837
-6.57852
-6.5775
-6.57628
-6.57553
-6.57717
-6.57792
-6.57868
-6.57938
-6.57999
-6.58144
-6.58084
-6.58211
-6.58174
-6.582
-6.58064
-6.58022
-6.58009
-6.57928
-6.57717
-6.57836
-6.57901
-6.57979
-6.58134
-6.5833
-6.58272
-6.58276
-6.58176
-6.5813
-6.58331
-6.58423
-6.58505
-6.58577
-6.58707
-6.58573
-6.58631
-6.58815
-6.58739
-6.58695
-6.58525
-6.58685
-6.58369
-6.58488
-6.5817
-6.58225
-6.58134
-6.58119
-6.57978
-6.58161
-6.5824
-6.5847
-6.58492
-6.58661
-6.58685
-6.58599
-6.58566
-6.58561
-6.58426
-6.58263
-6.58108
-6.57931
-6.57926
-6.57962
-6.57943
-6.57931
-6.57958
-6.57891
-6.57953
-6.57976
-6.58149
-6.5834
-6.58356
-6.58235
-6.5847
-6.58481
-6.58405
-6.58403
-6.58312
-6.58386
-6.5817
-6.58208
-6.58208
-6.58203
-6.58066
-6.58158
-6.58288
-6.58329
-6.5828
-6.58206
-6.58229
-6.58249
-6.58098
-6.58097
-6.58019
-6.58027
-6.58125
-6.58058
-6.58124
-6.58296
-6.58187
-6.58187
-6.58069
-6.58055
-6.58013
-6.58232
-6.58289
-6.58314
-6.58339
-6.5833
-6.58546
-6.58498
-6.58311
-6.58469
-6.58388
-6.58393
-6.58357
-6.58673
-6.58663
-6.58462
-6.58429
-6.58371
-6.58388
-6.58483
-6.58332
-6.5839
-6.58361
-6.58337
-6.58507
-6.58379
-6.58402
-6.58118
-6.58176
-6.5806
-6.58096
-6.58031
-6.57904
-6.57914
-6.57871
-6.57937
-6.57984
-6.5791
-6.57876
-6.57943
-6.57979
-6.58044
-6.58134
-6.57956
-6.57832
-6.57729
-6.57843
-6.57884
-6.58081
-6.58113
-6.58243
-6.58377
-6.58483
-6.58338
-6.58459
-6.58294
-6.58229
-6.58294
-6.58228
-6.58321
-6.58252
-6.58508
-6.58476
-6.58484
-6.58337
-6.58197
-6.5829
-6.58418
-6.58448
-6.58249
-6.58366
-6.58476
-6.58482
-6.58677
-6.58771
-6.58704
-6.58604
-6.58569
-6.58626
-6.58546
-6.58554
-6.58457
-6.58646
-6.58737
-6.58801
-6.58581
-6.58564
-6.58493
-6.58334
-6.58215
-6.58069
-6.58056
-6.58176
-6.58134
-6.58028
-6.58115
-6.58039
-6.58188
-6.58235
-6.58147
-6.5828
-6.58374
-6.58299
-6.58348
-6.58328
-6.58374
-6.58394
-6.58324
-6.5836
-6.58148
-6.58332
-6.58294
-6.58516
-6.58506
-6.5852
-6.58587
-6.58611
-6.5853
-6.58412
-6.58421
-6.58202
-6.58242
-6.58249
-6.58159
-6.58135
-6.57984
-6.57934
-6.57988
-6.57985
-6.58086
-6.58095
-6.58171
-6.58019
-6.57865
-6.57804
-6.5771
-6.57811
-6.57687
-6.57599
-6.5771
-6.57825
-6.57846
-6.57804
-6.57989
-6.58239
-6.5813
-6.58247
-6.58328
-6.58307
-6.58475
-6.58734
-6.58662
-6.58617
-6.58567
-6.58483
-6.5856
-6.58833
-6.58847
-6.59058
-6.59044
-6.59066
-6.58933
-6.58875
-6.58761
-6.58817
-6.58874
-6.58829
-6.58739
-6.58699
-6.5845
-6.5861
-6.5857
-6.58532
-6.58404
-6.58482
-6.58508
-6.58289
-6.58146
-6.58105
-6.58031
-6.58048
-6.58055
-6.57986
-6.57811
-6.57793
-6.5778
-6.5797
-6.58078
-6.58135
-6.58395
-6.58366
-6.58363
-6.58352
-6.58459
-6.58654
-6.58842
-6.58701
-6.58818
-6.58643
-6.58629
-6.58678
-6.58564
-6.58514
-6.58658
-6.58709
-6.58896
-6.58863
-6.58903
-6.5856
-6.58415
-6.58432
-6.58154
-6.58227
-6.5849
-6.58556
-6.58784
-6.58657
-6.58598
-6.58637
-6.58614
-6.58653
-6.58657
-6.58721
-6.58715
-6.58868
-6.58792
-6.58877
-6.58767
-6.58983
-6.58909
-6.58546
-6.58511
