0
0.01156
0.00845258
0.00604224
0.00468068
0.00385826
0.00327613
0.00285111
0.00251655
0.00226582
0.00210184
0.00193483
0.00184844
0.00172177
0.00160481
0.00150324
0.00141206
0.00133133
0.00127509
0.00121836
0.00116692
0.00111572
0.00106728
0.00102216
0.000982627
0.000945873
0.000917743
0.00090294
0.000871748
0.000846265
0.000818803
0.000799046
0.00078834
0.000767514
0.000745266
0.000724741
0.000720791
0.000702064
0.000684009
0.000668951
0.000652717
0.000637125
0.000625877
0.000612461
0.000599133
0.00058915
0.000576479
0.000564631
0.000553026
0.000542322
0.00053515
0.00052479
0.000517958
0.000508739
0.000501121
0.000496352
0.000490403
0.000482437
0.000475291
0.000467914
0.000460304
0.00045282
0.000445574
0.000438559
0.000431777
0.000425274
0.000421666
0.000416325
0.000411317
0.000406438
0.000403485
0.000398406
0.000392952
0.000387616
0.00038247
0.000377414
0.000372586
0.000368548
0.00036523
0.000360669
0.000357767
0.0003541
0.000350204
0.0003466
0.000345603
0.000342687
0.00033876
0.000335109
0.000332422
0.000329067
0.00032881
0.000325334
0.000327993
0.000328893
0.000325435
0.000322437
0.000321909
0.000321008
0.00031979
0.000321065
