1.18755
1.15097
1.09223
1.01385
0.919208
0.813082
0.701625
0.592016
0.491861
0.408208
0.346432
0.309258
0.296417
0.304882
0.329671
0.364899
0.40471
0.444009
0.478841
0.506523
0.525646
0.535926
0.537985
0.533141
0.523225
0.51035
0.496748
0.484621
0.475987
0.472603
0.475799
0.486432
0.504683
0.530029
0.561162
0.596086
0.63238
0.66739
0.698656
0.724114
0.742334
0.75254
0.75473
0.74952
0.738116
0.722122
0.703256
0.683234
0.663556
0.645278
0.629064
0.615193
0.603691
0.594418
0.587224
0.582066
0.578983
0.578129
0.579693
0.583751
0.590201
0.598723
0.608724
0.619417
0.629885
0.639309
0.647094
0.652915
0.656668
0.658474
0.658543
0.657082
0.654343
0.650553
0.645945
0.640753
0.635283
0.629815
0.624597
0.619942
0.616126
0.61331
0.611698
0.61139
0.61244
0.614645
0.617532
0.620302
0.622004
0.621677
0.618549
0.61222
0.602848
0.591118
0.578134
0.565357
0.554186
0.545779
0.540838
0.539491
0.54141
0.545893
0.551988
0.558658
0.564905
0.569837
0.572727
0.573086
0.570843
0.56632
0.560285
0.553883
0.548519
0.54566
0.546616
0.552328
0.563137
0.578797
0.598468
0.620886
0.644518
0.667745
0.689058
0.707084
0.720817
0.729543
0.73286
0.730774
0.723645
0.7121
0.697103
0.679829
0.661654
0.644016
0.628329
0.61586
0.607506
0.603667
0.603942
0.607166
0.611784
0.61623
0.619405
0.620657
0.619795
0.616974
0.612421
0.606435
0.599352
0.591533
0.583435
0.575593
0.5686
0.563059
0.559524
0.558478
0.560314
0.565273
0.573327
0.583991
0.596226
0.60851
0.619155
0.626696
0.630209
0.629478
0.625053
0.61801
0.609629
0.601078
0.593155
0.586252
0.580566
0.576251
0.57367
0.573401
0.576051
0.581982
0.591128
0.603037
0.616958
0.631896
0.646857
0.660822
0.672806
0.682039
0.687837
0.689762
0.687689
0.681787
0.672553
0.6608
0.647571
0.634025
0.621413
0.610899
0.603357
0.59929
0.598707
0.6012
0.606008
0.612145
0.618636
0.624693
0.629687
0.633251
0.635213
0.635638
0.634701
0.632666
0.629929
0.626788
0.623387
0.619757
0.615767
0.611342
0.606477
0.601275
0.595972
0.590853
0.586156
0.582081
0.578791
0.576403
0.574991
0.574659
0.575525
0.577667
0.581162
0.585989
0.591905
0.598482
0.605108
0.61098
0.615314
0.617505
0.617194
0.614425
0.609623
0.603456
0.596725
0.590088
0.584064
0.578909
0.574637
0.571133
0.568311
0.566195
0.564898
0.564615
0.565502
0.56762
0.570858
0.574946
0.579602
0.584554
0.589654
0.594966
0.600699
0.607032
0.614069
0.621808
0.630174
0.639067
0.648462
0.658259
0.668261
0.678128
0.687331
0.69523
0.701231
0.704811
0.705634
0.70362
0.698861
0.691629
0.682311
0.671296
0.658932
0.645554
0.631599
0.617521
0.603862
0.591236
0.580365
0.571983
0.566761
0.565114
0.567083
0.572194
0.579478
0.587516
0.594763
0.599746
0.601403
0.599271
0.593625
0.585448
0.576314
0.568119
0.562716
0.561584
0.56556
0.574706
0.588406
0.60546
0.62426
0.643052
0.660123
0.674004
0.683548
0.688044
0.687144
0.680897
0.669647
0.654057
0.635125
0.614203
0.592889
0.572974
0.556174
0.543953
0.537296
0.536456
0.541011
0.550103
0.56255
0.5771
0.592561
0.607856
0.621992
0.634046
0.643252
0.649168
0.651725
0.65121
0.648235
0.643577
0.638027
0.632338
0.627149
0.622889
0.619815
0.61804
0.617539
0.618194
0.619893
0.622482
0.625787
0.629587
0.633562
0.6373
0.640333
0.642153
0.642436
0.641067
0.638138
0.633849
0.628417
0.621895
0.61425
0.605434
0.595527
0.584853
0.573998
0.563895
0.555623
0.550231
0.548496
0.550756
0.556822
0.566108
0.577708
0.590634
0.603918
0.616724
0.628338
0.638176
0.645743
0.650686
0.652795
0.652003
0.64841
0.642276
0.634128
0.624703
0.614911
0.605841
0.598624
0.594191
0.593116
0.595489
0.600756
0.607905
0.61572
0.623046
0.629025
0.633157
0.63541
0.636033
0.635471
0.634204
0.632627
0.631002
0.629475
0.627937
0.626087
0.623556
0.619952
0.61489
0.608222
0.600177
0.59148
0.583266
0.577049
0.574452
0.576642
0.584046
0.59613
0.611494
0.628235
0.644439
0.658574
0.669578
0.676897
0.68042
0.680264
0.676734
0.67023
0.661174
0.64997
0.637048
0.622809
0.607756
0.592464
0.577655
0.564231
0.553204
0.54561
0.542432
0.544311
0.551358
0.563
0.577988
0.594535
0.61066
0.624528
0.634704
0.640411
0.6416
0.638851
0.633264
0.626295
0.619346
0.613536
0.609504
0.607503
0.607525
0.609531
0.613424
0.618927
0.625272
0.631134
0.634883
0.635139
0.631089
0.622704
0.61069
0.596456
0.581777
0.568613
0.558733
0.553337
0.552928
0.557356
0.565929
0.577621
0.591233
0.605632
0.619683
0.632413
0.643069
0.651198
0.656675
0.659706
0.660721
0.66033
0.659091
0.657493
0.655858
0.654434
0.653343
0.652546
0.651959
0.651323
0.650305
0.648639
0.646083
0.642578
0.638251
0.633232
0.627736
0.622076
0.616615
0.61185
0.608237
0.606188
0.605871
0.607029
0.609086
0.611195
0.612561
0.612578
0.610916
0.607471
0.602377
0.595817
0.588065
0.579521
0.57064
0.561981
0.55422
0.54806
0.544164
0.542959
0.544613
0.54893
0.555438
0.563411
0.572076
0.580651
0.588504
0.595136
0.600276
0.603916
0.606281
0.607791
0.608925
0.610139
0.611619
0.613275
0.614858
0.616059
0.616631
0.616531
0.615814
0.614632
0.61317
0.611665
0.610456
0.610003
0.610774
0.613112
0.617149
0.622599
0.628787
0.63485
0.640006
0.643889
0.646653
0.648948
0.651438
0.654523
0.658184
0.662024
0.66542
0.667645
0.668053
0.666158
0.66164
0.654576
0.645467
0.635366
0.625735
0.618091
0.613488
0.612218
0.613774
0.617047
0.620687
0.623381
0.624172
0.622527
0.618306
0.61173
0.603303
0.593823
0.584242
0.575673
0.569166
0.56556
0.565231
0.567984
0.573142
0.57982
0.58713
0.594291
0.600777
0.606269
0.610696
0.614171
0.616925
0.619297
0.621532
0.623733
0.625793
0.627502
0.628663
0.629071
0.628686
0.627614
0.625944
0.623797
0.621145
0.617969
0.614307
0.610308
0.606364
0.602939
0.600595
0.599828
0.60098
0.604027
0.608748
0.614595
0.621002
0.627412
0.633331
0.638349
0.642087
0.644271
0.644575
0.642858
0.639109
0.633572
0.626741
0.619338
0.612171
0.605961
0.601183
0.598003
0.59634
0.595885
0.59625
0.597149
0.598469
0.60033
0.603005
0.606798
0.611846
0.618027
0.624907
0.632002
0.638899
0.645292
0.650949
0.655677
0.659264
0.66153
0.662219
0.661117
0.657917
0.652306
0.644051
0.633067
0.619516
0.603916
0.587138
0.570419
0.555117
0.542615
0.53396
0.529657
0.529509
0.532729
0.538205
0.544739
0.551401
0.557664
0.563321
0.56836
0.572643
0.575831
0.577531
0.577548
0.576164
0.574168
0.572746
0.573215
0.576682
0.583842
0.594805
0.609127
0.62596
0.64415
0.662458
0.679743
0.695017
0.707498
0.716567
0.721818
0.722958
0.719788
0.71222
0.700391
0.684757
0.666127
0.64565
0.62485
0.605405
0.588976
0.576943
0.570098
0.56865
0.572262
0.580062
0.590821
0.603131
0.615457
0.626335
0.634512
0.639157
0.639942
0.637085
0.631226
0.623299
0.614325
0.605255
0.597016
0.590413
0.586168
0.584806
0.586495
0.590917
0.59712
0.603746
0.609427
0.613126
0.614328
0.613203
0.61043
0.606929
0.603602
0.601068
0.599576
0.598915
0.598595
0.598033
0.596832
0.594943
0.59275
0.590961
0.590385
0.59175
0.595437
0.601354
0.608893
0.617031
0.624512
0.630132
0.632944
0.63243
0.62859
0.621991
0.613616
0.604639
0.596212
0.589279
0.584436
0.581963
0.581965
0.584434
0.589347
0.596712
0.606397
0.618053
0.630999
0.644185
0.656406
0.666458
0.673335
0.67638
0.675282
0.670129
0.661299
0.649443
0.635501
0.620646
0.606172
0.59347
0.583772
0.577949
0.576287
0.578437
0.583478
0.590123
0.596885
0.602376
0.60544
0.605417
0.602236
0.596398
0.588852
0.580786
0.573461
0.567997
0.565274
0.565831
0.569948
0.577502
0.587988
0.600627
0.614408
0.628246
0.641044
0.651866
0.659996
0.664999
0.666773
0.665485
0.661565
0.655681
0.648551
0.640836
0.632973
0.62515
0.617319
0.609227
0.600676
0.591712
0.582593
0.57385
0.566205
0.560397
0.557121
0.556814
0.559596
0.56526
0.573333
0.583099
0.593785
0.604789
0.615718
0.626392
0.636798
0.646935
0.656588
0.665187
0.671873
0.675735
0.676055
0.672525
0.665364
0.655198
0.642867
0.629343
0.615601
0.602526
0.590759
0.580746
0.572831
0.567184
0.563865
0.56288
0.564088
0.567301
0.572219
0.578394
0.585252
0.592133
0.598328
0.603243
0.606376
0.607578
0.607131
0.6057
0.604163
0.603516
0.604677
0.608303
0.614685
0.623655
0.634496
0.646181
0.657627
0.667852
0.676214
0.682332
0.686068
0.687332
0.686107
0.682361
0.676148
0.667584
0.657025
0.645015
0.63228
0.619609
0.60756
0.596509
0.58652
0.577429
0.568968
0.56088
0.553103
0.545752
0.539118
0.533598
0.529613
0.527548
0.527687
0.530125
0.534893
0.541879
0.55091
0.561723
0.573958
0.587103
0.600575
0.613724
0.625869
0.636497
0.645288
0.652117
0.656977
0.659987
0.661287
0.661067
0.65961
0.65743
0.655354
0.654323
0.655274
0.658673
0.664374
0.671526
0.678753
0.684505
0.68747
0.686707
0.681971
0.673683
0.662821
0.65064
0.638512
0.627658
0.618931
0.612609
0.608371
0.605411
0.602657
0.599049
0.593865
0.587023
0.579219
0.571689
0.565869
0.562969
0.56357
0.567519
0.574082
0.582228
0.590947
0.59936
0.606916
0.613297
0.618343
0.622012
0.62423
0.624847
0.623712
0.620779
0.616233
0.610557
0.60442
0.598611
0.593854
0.590664
0.589178
0.589208
0.590338
0.592101
0.594131
0.596265
0.598585
0.601292
0.604618
0.60875
0.613672
0.61915
0.624795
0.630157
0.634801
0.638411
0.640804
0.641967
0.641941
0.640884
0.639027
0.636707
