3.26323
3.11285
3.13344
3.14965
3.18936
3.17791
3.15408
3.16772
3.16589
3.16137
3.164
3.16103
3.15676
3.17169
3.16629
3.17603
3.17014
3.17304
3.17354
3.16367
3.17204
3.16767
3.16696
3.16255
3.15649
3.15659
3.15387
3.1569
3.1541
3.16205
3.16722
3.17179
3.17212
3.16759
3.16539
3.16586
3.16631
3.16757
3.16696
3.16794
3.16642
3.16374
3.16069
3.15649
3.1585
3.15851
3.15493
3.15193
3.15207
3.15548
3.15711
3.15457
3.15364
3.15774
3.15507
3.15392
3.15702
3.15439
3.15526
3.15494
3.15526
3.15129
3.15191
3.15226
3.15178
3.14965
3.14706
3.14864
3.14925
3.14727
3.14637
3.14732
3.14685
3.14691
3.14707
3.14682
3.14599
3.14656
3.14595
3.14602
3.14561
3.14766
3.14827
3.14831
3.14644
3.1452
3.14518
3.14272
3.14148
3.14176
3.14195
3.14164
3.14199
3.14201
3.14086
3.13965
3.13782
3.13844
3.13995
3.14007
