0
0.150379
0.0892281
0.0651439
0.0642131
0.0536654
0.0512389
0.0464247
0.0409836
0.0369348
0.0335125
0.0307373
0.028594
0.0303914
0.0288039
0.0286529
0.0275521
0.0261377
0.0247288
0.0254505
0.0256155
0.0248116
0.023719
0.0231327
0.0230009
0.0220987
0.0214373
0.0208778
0.0203379
0.0211929
0.0211394
0.0209737
0.0203308
0.0202372
0.0197731
0.0192218
0.0187005
0.0182454
0.0177821
0.0173597
0.0169992
0.0168042
0.0166909
0.0168376
0.0165809
0.0162165
0.0162675
0.0162047
0.0158712
0.0159187
0.0156883
0.0155913
0.0153222
0.0155825
0.0155273
0.0152909
0.0153377
0.0153001
0.0150642
0.0148145
0.0145732
0.0148769
0.014652
0.0144256
0.0142103
0.0141548
0.0141803
0.0140601
0.013868
0.0138103
0.0136442
0.0134864
0.0133086
0.0131277
0.0129525
0.0127833
0.0126432
0.012493
0.0123491
0.0121939
0.0120493
0.0120767
0.0119459
0.0118029
0.0118109
0.0117388
0.0116031
0.0117312
0.0116648
0.0115378
0.0114119
0.0112916
0.0111751
0.0110556
0.0109993
0.0109506
0.01099
0.0108948
0.0108898
0.010781
