1.64872
1.64428
1.63654
1.62521
1.60987
1.58995
1.56478
1.5336
1.49556
1.44996
1.39634
1.33471
1.2658
1.19122
1.11359
1.03645
0.963795
0.899562
0.84687
0.807565
0.78205
0.769412
0.767802
0.774817
0.787875
0.804503
0.822508
0.840109
0.856008
0.869406
0.879966
0.887787
0.893251
0.896916
0.899319
0.900872
0.901729
0.901814
0.9008
0.898208
0.893547
0.886447
0.876805
0.864815
0.851031
0.836292
0.821587
0.807899
0.796118
0.786931
0.780828
0.778066
0.778627
0.782259
0.788469
0.796586
0.805825
0.815342
0.824318
0.83201
0.837854
0.841537
0.843065
0.842701
0.84091
0.838294
0.835451
0.832922
0.831151
0.830529
0.831386
0.833936
0.838204
0.843927
0.850595
0.857577
0.864226
0.870082
0.874914
0.878713
0.88168
0.884133
0.886407
0.88879
0.891449
0.89442
0.897598
0.900774
0.903682
0.906017
0.907506
0.907921
0.907136
0.905166
0.902186
0.898547
0.894707
0.891138
0.88824
0.886247
0.885185
0.884814
0.884756
0.884543
0.88374
0.882073
0.879461
0.876018
0.871905
0.867198
0.861776
0.855339
0.847543
0.838171
0.827286
0.815212
0.802579
0.790194
0.778927
0.769576
0.762766
0.758819
0.757716
0.759079
0.762246
0.766447
0.771006
0.775488
0.779721
0.783763
0.787842
0.792238
0.797202
0.802887
0.809296
0.816242
0.823382
0.83033
0.836702
0.842312
0.847216
0.851612
0.855717
0.859593
0.863064
0.865781
0.867383
0.867637
0.866492
0.864071
0.860641
0.856661
0.852733
0.849619
0.848166
0.849209
0.853442
0.861217
0.872373
0.886189
0.901459
0.916719
0.930535
0.941747
0.949637
0.953944
0.954807
0.952611
0.947922
0.941443
0.933887
0.925954
0.918297
0.911452
0.905839
0.901677
0.899036
0.897818
0.897754
0.898451
0.899454
0.900324
0.900726
0.900458
0.899484
0.897894
0.895878
0.893695
0.891705
0.890328
0.889991
0.891082
0.893825
0.89817
0.903746
0.909921
0.915977
0.921266
0.925333
0.927996
0.929289
0.929427
0.928732
0.927578
0.926321
0.925268
0.924633
0.924548
0.925026
0.925948
0.927107
0.928225
0.92902
0.929252
0.928747
0.927433
0.925325
0.922537
0.919259
0.915702
0.91206
0.908433
0.904784
0.900901
0.89644
0.89103
0.884425
0.876685
0.868336
0.86032
0.853734
0.849393
0.847504
0.847668
0.849162
0.851367
0.854003
0.85721
0.861504
0.867531
0.875826
0.886606
0.899588
0.913987
0.928622
0.942174
0.953399
0.961355
0.965501
0.965691
0.962142
0.955387
0.946176
0.935422
0.924091
0.913071
0.903034
0.894378
0.887188
0.881379
0.876817
0.873449
0.871378
0.870756
0.871656
0.873911
0.877098
0.880611
0.88383
0.886305
0.887924
0.888974
0.890055
0.891893
0.895167
0.900224
0.906965
0.914835
0.923026
0.930728
0.93734
0.942456
0.945901
0.947629
0.947661
0.946028
0.942765
0.9379
0.931502
0.923669
0.914596
0.904558
0.893953
0.883276
0.873051
0.863739
0.855667
0.849004
0.843727
0.839706
0.836792
0.834907
0.834137
0.83466
0.836703
0.840364
0.845463
0.85149
0.857672
0.863221
0.867608
0.870868
0.873685
0.877179
0.882399
0.889573
0.897699
0.904891
0.9093
0.90997
0.907105
0.901814
0.895617
0.890037
0.886243
0.88488
0.886042
0.88937
0.894154
0.899428
0.904174
0.907501
0.908768
0.907692
0.904337
0.899042
0.892382
0.885051
0.877787
0.871269
0.866089
0.862642
0.861122
0.861546
0.863781
0.867602
0.872739
0.878896
0.885741
0.892898
0.899925
0.906379
0.911845
0.916026
0.918801
0.920228
0.92049
0.919888
0.918733
0.917328
0.915978
0.914874
0.914036
0.913327
0.912424
0.910911
0.908382
0.904543
0.899275
0.892661
0.884942
0.876431
0.86738
0.857977
0.848301
0.838334
0.827943
0.816873
0.80481
0.791499
0.776993
0.76189
0.747435
0.735376
0.727499
0.725099
0.728608
0.737556
0.750831
0.767033
0.784764
0.802736
0.819815
0.835022
0.84759
0.857087
0.86345
0.866971
0.868217
0.867854
0.866535
0.864744
0.86275
0.86059
0.858147
0.855217
0.851647
0.847388
0.842587
0.83759
0.832907
0.829114
0.826707
0.82591
0.826557
0.828111
0.829814
0.830972
0.831173
0.830387
0.829012
0.82773
0.827316
0.828388
0.831195
0.835516
0.840767
0.846159
0.8508
0.853897
0.854857
0.853341
0.849277
0.842853
0.834522
0.824944
0.814979
0.805653
0.798106
0.793454
0.792594
0.795948
0.803351
0.81409
0.827072
0.841024
0.854706
0.86707
0.877322
0.884919
0.889556
0.891079
0.88949
0.884881
0.877424
0.867466
0.855557
0.842533
0.829532
0.817843
0.808643
0.802713
0.800251
0.8009
0.803982
0.808725
0.814428
0.820532
0.826681
0.832671
0.838413
0.843906
0.849163
0.854157
0.858824
0.863063
0.866725
0.869679
0.871798
0.872998
0.873299
0.872762
0.871475
0.869488
0.866817
0.86342
0.859221
0.854178
0.848334
0.84186
0.835124
0.828641
0.822988
0.818723
0.81623
0.815624
0.816738
0.819167
0.82235
0.82562
0.828305
0.829751
0.829417
0.827004
0.822572
0.816619
0.810158
0.804499
0.800974
0.800553
0.803568
0.809721
0.818279
0.828325
0.838965
0.849433
0.859116
0.867484
0.874077
0.878478
0.880294
0.879174
0.874895
0.867397
0.856793
0.843399
0.827728
0.810465
0.792476
0.774797
0.758561
0.74491
0.734835
0.729037
0.727844
0.731177
0.738663
0.749694
0.763485
0.779172
0.795817
0.812482
0.828291
0.842523
0.854585
0.864052
0.87067
0.874315
0.875038
0.873026
0.868621
0.862394
0.855093
0.847592
0.8408
0.835573
0.832637
0.832432
0.835066
0.84028
0.847445
0.855717
0.864212
0.872111
0.878803
0.883867
0.887135
0.888678
0.888736
0.887748
0.886258
0.884836
0.883999
0.88413
0.885387
0.88769
0.890749
0.894072
0.897062
0.899105
0.899585
0.89798
0.893895
0.887127
0.877662
0.865692
0.851621
0.83607
0.81985
0.803918
0.789261
0.776738
0.766907
0.759936
0.755622
0.753522
0.753073
0.753707
0.754963
0.756512
0.75815
0.759781
0.761407
0.763103
0.764966
0.767033
0.769275
0.77157
0.773731
0.775558
0.776872
0.777587
0.777719
0.777354
0.776637
0.775705
0.774684
0.773711
0.773
0.772883
0.773831
0.776377
0.780944
0.787699
0.796465
0.806709
0.817696
0.828649
0.838945
0.848222
0.856407
0.863657
0.870251
0.876477
0.88253
0.888473
0.89422
0.899552
0.904188
0.90792
0.910685
0.912557
0.913624
0.91383
0.912954
0.910629
0.906564
0.900696
0.893251
0.884754
0.875878
0.867326
0.859686
0.853328
0.848461
0.845179
0.843491
0.843359
0.844691
0.847305
0.850906
0.855104
0.85938
0.863176
0.865964
0.86737
0.867275
0.865892
0.863775
0.861735
0.86062
0.86104
0.863118
0.866488
0.870436
0.874123
0.876771
0.877778
0.876709
0.873373
0.86782
0.860432
0.851978
0.843648
0.83689
0.832968
0.832467
0.834907
0.838746
0.84173
0.841541
0.836483
0.825955
0.810737
0.792906
0.77532
0.760721
0.750948
0.746572
0.747153
0.75179
0.759526
0.76951
0.780982
0.793169
0.80516
0.815951
0.82449
0.829886
0.831659
0.829984
0.825717
0.820233
0.814955
0.810859
0.808201
0.806655
0.805674
0.804841
0.803998
0.803199
0.802528
0.801975
0.801308
0.800157
0.798103
0.794822
0.790175
0.784341
0.77779
0.771264
0.765623
0.761682
0.760064
0.761056
0.764561
0.770129
0.777099
0.784805
0.792744
0.800709
0.808776
0.817211
0.826264
0.836018
0.84627
0.856582
0.86637
0.875011
0.881914
0.886641
0.888886
0.888464
0.885355
0.879722
0.871923
0.862554
0.852403
0.84236
0.833337
0.826181
0.821602
0.820117
0.821964
0.827006
0.834776
0.844529
0.855319
0.866149
0.876078
0.884286
0.890145
0.893262
0.893472
0.890828
0.885586
0.878226
0.869482
0.860311
0.851789
0.84494
0.840553
0.839018
0.840166
0.843175
0.846663
0.849001
0.848706
0.844907
0.837576
0.82749
0.816001
0.804684
0.794865
0.787331
0.782238
0.779212
0.777688
0.777193
0.777389
0.777935
0.778288
0.777652
0.77525
0.770701
0.764325
0.757144
0.750625
0.74621
0.744877
0.746762
0.751193
0.756943
0.762632
0.767073
0.769533
0.769814
0.768308
0.7659
0.763785
0.763173
0.765038
0.769958
0.778116
0.789354
0.803329
0.819561
0.837433
0.85622
0.875117
0.893192
0.909514
0.92318
0.933408
0.939642
0.941614
0.939357
0.933239
0.923952
0.912456
0.899895
0.887447
0.876131
0.866643
0.859224
0.85367
0.849447
0.845823
0.84207
0.837627
0.832214
0.825867
0.818909
0.811882
0.80543
0.800141
0.796461
0.794648
0.794721
0.796536
0.799825
0.804303
0.809739
0.815952
0.822898
0.830617
0.839206
0.848755
0.859204
0.870279
0.881418
0.891787
0.90042
0.906489
0.909524
0.909462
0.906611
0.901504
0.894726
0.886823
0.878323
0.869753
0.861642
0.85447
0.848611
0.844258
0.841393
0.839761
0.838898
0.838234
0.837153
0.835134
0.831981
0.828054
0.824404
0.822573
0.824011
0.829343
0.837945
0.848226
0.858357
0.866947
0.873291
0.877251
0.87911
0.87939
0.878708
0.877676
0.876859
0.876634
0.877164
0.878328
0.87976
0.880968
0.881378
0.880457
0.877732
0.872775
0.865238
0.854874
0.841685
0.826034
0.80878
0.791316
0.775437
0.763034
0.755627
0.753995
0.757914
0.766297
0.777516
0.789816
0.801698
0.812163
0.820745
0.827554
0.833113
0.838144
0.843315
0.849004
0.85518
0.861437
0.867181
0.871867
0.875105
0.876737
0.876815
0.875473
0.872894
0.869179
0.864327
0.85823
0.850859
0.842317
0.832995
0.823641
0.815272
0.80899
0.805758
0.806161
0.810284
0.817676
0.82746
0.838484
0.849487
0.859334
0.867106
0.872217
0.874408
0.873776
0.8707
0.865794
0.859844
0.853629
0.847792
0.842677
0.83828
0.834229
0.829897
0.824586
0.817675
0.808857
0.798284
0.786622
0.774916
0.764342
0.755793
0.749689
0.746021
0.74465
0.745559
0.748929
0.755112
0.764455
0.777078
0.792737
0.810705
0.829835
0.848748
0.866123
