-6.36316
-6.3584
-6.35032
-6.33861
-6.32178
-6.29926
-6.27035
-6.23474
-6.19326
-6.14491
-6.08851
-6.02384
-5.95457
-5.87895
-5.80075
-5.72311
-5.65173
-5.58913
-5.53817
-5.50086
-5.47654
-5.46616
-5.46643
-5.47311
-5.48784
-5.50501
-5.52289
-5.54083
-5.5565
-5.56993
-5.58051
-5.58867
-5.59499
-5.59911
-5.60171
-5.60304
-5.60323
-5.60216
-5.60056
-5.59854
-5.59304
-5.58644
-5.5758
-5.56345
-5.54968
-5.53459
-5.5204
-5.50596
-5.49395
-5.48506
-5.48004
-5.47761
-5.47865
-5.48287
-5.49005
-5.49877
-5.50838
-5.51818
-5.52752
-5.53504
-5.53962
-5.54309
-5.54486
-5.54479
-5.54258
-5.53992
-5.53633
-5.5334
-5.53142
-5.53048
-5.53135
-5.53347
-5.53866
-5.54465
-5.55153
-5.55896
-5.56585
-5.57116
-5.57679
-5.58019
-5.58294
-5.58536
-5.58779
-5.58944
-5.59243
-5.59422
-5.59741
-5.60027
-5.60298
-5.60494
-5.60573
-5.60573
-5.60437
-5.60168
-5.59922
-5.5975
-5.59367
-5.59015
-5.58719
-5.58529
-5.58431
-5.58429
-5.58454
-5.58459
-5.58341
-5.58195
-5.58031
-5.57573
-5.57141
-5.56573
-5.55962
-5.55367
-5.54496
-5.53498
-5.52305
-5.51134
-5.49809
-5.48562
-5.47391
-5.46539
-5.45946
-5.45566
-5.45558
-5.45761
-5.46122
-5.46548
-5.4699
-5.47421
-5.47781
-5.4823
-5.48745
-5.49205
-5.49753
-5.50344
-5.51022
-5.51781
-5.5254
-5.53276
-5.53891
-5.54338
-5.54853
-5.55289
-5.55652
-5.56112
-5.56453
-5.5673
-5.56833
-5.56904
-5.56822
-5.56598
-5.56413
-5.55922
-5.55564
-5.55371
-5.55202
-5.55411
-5.55808
-5.56636
-5.57768
-5.59079
-5.60492
-5.62055
-5.63431
-5.64491
-5.65275
-5.6567
-5.65784
-5.65582
-5.65137
-5.64475
-5.63607
-5.62753
-5.61933
-5.61213
-5.60651
-5.60235
-5.60091
-5.60013
-5.5991
-5.59985
-5.60101
-5.60124
-5.60174
-5.60094
-5.60081
-5.59886
-5.59727
-5.59509
-5.59254
-5.59109
-5.59043
-5.59213
-5.59504
-5.59878
-5.6043
-5.61004
-5.61635
-5.62183
-5.62591
-5.62889
-5.63036
-5.631
-5.63054
-5.63012
-5.62796
-5.62634
-5.62606
-5.62694
-5.62731
-5.62812
-5.62914
-5.63008
-5.63038
-5.63069
-5.62951
-5.62751
-5.62487
-5.62157
-5.61765
-5.61378
-5.61043
-5.60651
-5.60239
-5.59892
-5.59559
-5.58977
-5.58289
-5.57536
-5.56715
-5.55938
-5.55344
-5.55025
-5.54905
-5.54908
-5.55052
-5.55186
-5.55454
-5.55919
-5.56333
-5.56926
-5.57795
-5.59003
-5.60395
-5.61843
-5.63302
-5.64609
-5.65733
-5.66552
-5.66912
-5.66998
-5.66638
-5.65934
-5.65039
-5.63923
-5.62714
-5.61604
-5.60613
-5.59792
-5.59118
-5.5852
-5.5806
-5.57721
-5.57558
-5.57541
-5.576
-5.57837
-5.58117
-5.58423
-5.5886
-5.59053
-5.59207
-5.59279
-5.59482
-5.59602
-5.59826
-5.6038
-5.61113
-5.61832
-5.62619
-5.63351
-5.63983
-5.64494
-5.64791
-5.64871
-5.64918
-5.64829
-5.64532
-5.63924
-5.63209
-5.62442
-5.61463
-5.60482
-5.59449
-5.58338
-5.57323
-5.56388
-5.557
-5.55063
-5.54563
-5.54188
-5.53983
-5.5379
-5.53724
-5.53746
-5.54027
-5.54363
-5.549
-5.55584
-5.5626
-5.56804
-5.57185
-5.57488
-5.57831
-5.58194
-5.58706
-5.59379
-5.60283
-5.60981
-5.61448
-5.61386
-5.61024
-5.60539
-5.59904
-5.59344
-5.59062
-5.58952
-5.59107
-5.59398
-5.59961
-5.60488
-5.60982
-5.61312
-5.61416
-5.61239
-5.60882
-5.60276
-5.59554
-5.58834
-5.58202
-5.57471
-5.57029
-5.56628
-5.56571
-5.56587
-5.56797
-5.57224
-5.57779
-5.58283
-5.59002
-5.59719
-5.60342
-5.60934
-5.61454
-5.61843
-5.62061
-5.62221
-5.62313
-5.62276
-5.62187
-5.62061
-5.61852
-5.61745
-5.61633
-5.61562
-5.61361
-5.61172
-5.60982
-5.60569
-5.60074
-5.5943
-5.58588
-5.57625
-5.5667
-5.55742
-5.54727
-5.53712
-5.52727
-5.51567
-5.50364
-5.49035
-5.4762
-5.4614
-5.44589
-5.43326
-5.42574
-5.42453
-5.42892
-5.43836
-5.45305
-5.46916
-5.48637
-5.504
-5.52108
-5.53591
-5.54803
-5.55706
-5.56327
-5.56684
-5.56834
-5.56786
-5.56602
-5.5645
-5.56174
-5.56031
-5.55813
-5.55544
-5.55181
-5.54718
-5.54234
-5.53735
-5.53379
-5.52966
-5.52696
-5.52647
-5.52754
-5.52914
-5.53097
-5.5322
-5.53305
-5.53263
-5.53108
-5.53
-5.52986
-5.53111
-5.53438
-5.53838
-5.54368
-5.54964
-5.55356
-5.55586
-5.55643
-5.55451
-5.54959
-5.54265
-5.53431
-5.5248
-5.51516
-5.5061
-5.4988
-5.49389
-5.49344
-5.49706
-5.50499
-5.51616
-5.53005
-5.54449
-5.55808
-5.57011
-5.57982
-5.58713
-5.59146
-5.59297
-5.59168
-5.58753
-5.58147
-5.57098
-5.55831
-5.54509
-5.53155
-5.52006
-5.51071
-5.50377
-5.50089
-5.50181
-5.50494
-5.50936
-5.51543
-5.5214
-5.52814
-5.53456
-5.54028
-5.5462
-5.55083
-5.5561
-5.55982
-5.56401
-5.56761
-5.57048
-5.57281
-5.57453
-5.57414
-5.57367
-5.57307
-5.57101
-5.56797
-5.5642
-5.56067
-5.55509
-5.54902
-5.5425
-5.53516
-5.52888
-5.52395
-5.5197
-5.518
-5.51697
-5.51824
-5.52002
-5.52309
-5.52648
-5.52922
-5.53081
-5.52998
-5.52614
-5.52183
-5.51577
-5.50918
-5.50322
-5.50043
-5.49974
-5.50354
-5.50937
-5.51797
-5.52796
-5.53983
-5.55085
-5.56042
-5.56848
-5.57563
-5.57979
-5.58057
-5.57884
-5.57424
-5.56627
-5.55582
-5.54293
-5.52631
-5.50893
-5.49138
-5.47288
-5.45686
-5.44276
-5.43264
-5.42669
-5.42656
-5.43094
-5.4385
-5.45015
-5.46447
-5.4794
-5.49548
-5.51179
-5.52838
-5.54212
-5.55348
-5.56268
-5.5687
-5.5731
-5.57369
-5.57142
-5.5665
-5.56074
-5.55398
-5.54696
-5.54044
-5.53541
-5.53364
-5.53387
-5.53663
-5.54162
-5.54879
-5.55803
-5.5668
-5.57505
-5.5813
-5.58618
-5.58912
-5.59065
-5.59074
-5.58952
-5.58846
-5.58663
-5.58557
-5.58551
-5.58657
-5.58927
-5.59223
-5.59525
-5.59787
-5.59918
-5.59992
-5.59809
-5.59419
-5.58594
-5.57546
-5.56326
-5.54825
-5.53214
-5.51606
-5.50051
-5.48603
-5.47376
-5.46391
-5.45767
-5.45375
-5.45139
-5.45123
-5.45134
-5.45203
-5.45405
-5.45629
-5.45717
-5.45819
-5.46141
-5.46375
-5.46538
-5.46839
-5.47053
-5.47252
-5.4746
-5.47571
-5.47742
-5.47689
-5.47694
-5.47574
-5.47479
-5.47392
-5.47297
-5.47275
-5.47377
-5.47455
-5.47714
-5.48207
-5.4898
-5.49934
-5.50924
-5.52087
-5.53193
-5.54274
-5.55176
-5.55984
-5.56761
-5.574
-5.58021
-5.58685
-5.59324
-5.59865
-5.60317
-5.60727
-5.61045
-5.61312
-5.61582
-5.61741
-5.61661
-5.615
-5.61252
-5.60978
-5.60404
-5.59722
-5.5885
-5.57917
-5.57084
-5.56346
-5.55679
-5.55239
-5.54987
-5.54804
-5.54821
-5.54847
-5.55104
-5.55457
-5.55881
-5.56351
-5.56768
-5.57004
-5.5707
-5.57
-5.56912
-5.56637
-5.56469
-5.56385
-5.56444
-5.56622
-5.56999
-5.5738
-5.57711
-5.57977
-5.57998
-5.57854
-5.57543
-5.57042
-5.56228
-5.55363
-5.54599
-5.53977
-5.53573
-5.53586
-5.53732
-5.54209
-5.54471
-5.54334
-5.53774
-5.52714
-5.51185
-5.49436
-5.4765
-5.46141
-5.45338
-5.44953
-5.44966
-5.45556
-5.46386
-5.47493
-5.48666
-5.49887
-5.51094
-5.52095
-5.52996
-5.53395
-5.53612
-5.53368
-5.52862
-5.52279
-5.5176
-5.51425
-5.51263
-5.51071
-5.50886
-5.50803
-5.50733
-5.5073
-5.50574
-5.50519
-5.50404
-5.50327
-5.50065
-5.49708
-5.4917
-5.48531
-5.47933
-5.4721
-5.46689
-5.46347
-5.46286
-5.46471
-5.46845
-5.47449
-5.48262
-5.48992
-5.49862
-5.50598
-5.51422
-5.52377
-5.53395
-5.54346
-5.55344
-5.56283
-5.57298
-5.58117
-5.58848
-5.59267
-5.5945
-5.59366
-5.58983
-5.58336
-5.57582
-5.56619
-5.55495
-5.54436
-5.53473
-5.5278
-5.52276
-5.52311
-5.52499
-5.53048
-5.53879
-5.54824
-5.55908
-5.57062
-5.5798
-5.5878
-5.59355
-5.59683
-5.59675
-5.59429
-5.58926
-5.58188
-5.57335
-5.56404
-5.55534
-5.54901
-5.54489
-5.5438
-5.54503
-5.54815
-5.55085
-5.55193
-5.55146
-5.54684
-5.53934
-5.52919
-5.51644
-5.50507
-5.49606
-5.48847
-5.48361
-5.48106
-5.47905
-5.47773
-5.47798
-5.47914
-5.47959
-5.47926
-5.4765
-5.47235
-5.46462
-5.45714
-5.45107
-5.44738
-5.44593
-5.44766
-5.45183
-5.45839
-5.46445
-5.46827
-5.47051
-5.47059
-5.46879
-5.4653
-5.46388
-5.46378
-5.46563
-5.47163
-5.48041
-5.49209
-5.50707
-5.52334
-5.54179
-5.56124
-5.57964
-5.59758
-5.61398
-5.62643
-5.63628
-5.64164
-5.64273
-5.63991
-5.63314
-5.62464
-5.61253
-5.60083
-5.58891
-5.5779
-5.56847
-5.5614
-5.55692
-5.55249
-5.54858
-5.54463
-5.53995
-5.53564
-5.52906
-5.52192
-5.51462
-5.50871
-5.50372
-5.49961
-5.49738
-5.49794
-5.49992
-5.50334
-5.50777
-5.51314
-5.51897
-5.5263
-5.53425
-5.54278
-5.55182
-5.56265
-5.57437
-5.58623
-5.59662
-5.60563
-5.61141
-5.61474
-5.61407
-5.61158
-5.60642
-5.59996
-5.59107
-5.5833
-5.5752
-5.56716
-5.5598
-5.55424
-5.54989
-5.54777
-5.54624
-5.54527
-5.54429
-5.54314
-5.5404
-5.53729
-5.53213
-5.52904
-5.52657
-5.52854
-5.53379
-5.54279
-5.55344
-5.56408
-5.57231
-5.57781
-5.58139
-5.58352
-5.58368
-5.58248
-5.58114
-5.58037
-5.58082
-5.58248
-5.58384
-5.58497
-5.58658
-5.58703
-5.5858
-5.58272
-5.57767
-5.56895
-5.55755
-5.54394
-5.52883
-5.51149
-5.49349
-5.47818
-5.46667
-5.45982
-5.45816
-5.46304
-5.47164
-5.48229
-5.49491
-5.50684
-5.51683
-5.52567
-5.53278
-5.53825
-5.54297
-5.54818
-5.55543
-5.56164
-5.56803
-5.57399
-5.57839
-5.58178
-5.58295
-5.58242
-5.58065
-5.57674
-5.57246
-5.56734
-5.56112
-5.55407
-5.54543
-5.53561
-5.52661
-5.51795
-5.51163
-5.50904
-5.50937
-5.51355
-5.52092
-5.52983
-5.5403
-5.55124
-5.56046
-5.56783
-5.57281
-5.57516
-5.57336
-5.57007
-5.56442
-5.55856
-5.5522
-5.54703
-5.54215
-5.5372
-5.53361
-5.52921
-5.52377
-5.51667
-5.50766
-5.49785
-5.48628
-5.47524
-5.46423
-5.45576
-5.44946
-5.44572
-5.44488
-5.44557
-5.4492
-5.45644
-5.46596
-5.4786
-5.49363
-5.51207
-5.53064
-5.54931
-5.56541
