-4.71445
-4.71412
-4.71378
-4.7134
-4.71192
-4.70931
-4.70557
-4.70115
-4.6977
-4.69495
-4.69217
-4.68913
-4.68878
-4.68773
-4.68716
-4.68666
-4.68794
-4.68957
-4.6913
-4.69329
-4.69449
-4.69675
-4.69863
-4.69829
-4.69997
-4.7005
-4.70038
-4.70072
-4.7005
-4.70052
-4.70054
-4.70089
-4.70174
-4.70219
-4.7024
-4.70217
-4.7015
-4.70035
-4.69976
-4.70033
-4.6995
-4.7
-4.69899
-4.69863
-4.69865
-4.6983
-4.69881
-4.69806
-4.69784
-4.69813
-4.69921
-4.69955
-4.70002
-4.70061
-4.70159
-4.70219
-4.70256
-4.70284
-4.7032
-4.70303
-4.70177
-4.70155
-4.7018
-4.70208
-4.70167
-4.70162
-4.70087
-4.70048
-4.70027
-4.69996
-4.69997
-4.69954
-4.70045
-4.70073
-4.70094
-4.70139
-4.70163
-4.70108
-4.70188
-4.70148
-4.70126
-4.70123
-4.70138
-4.70065
-4.70098
-4.6998
-4.69981
-4.69949
-4.6993
-4.69893
-4.69822
-4.69781
-4.69723
-4.69651
-4.69703
-4.69896
-4.69896
-4.69901
-4.69895
-4.69904
-4.69913
-4.69948
-4.69979
-4.70005
-4.69967
-4.69988
-4.70085
-4.69971
-4.6995
-4.69853
-4.69784
-4.69833
-4.69742
-4.69681
-4.69576
-4.69613
-4.69551
-4.69543
-4.69498
-4.69582
-4.6967
-4.69684
-4.69786
-4.69853
-4.69897
-4.69904
-4.69889
-4.69872
-4.69809
-4.69854
-4.69961
-4.69981
-4.70033
-4.70056
-4.70092
-4.70156
-4.70202
-4.70243
-4.70221
-4.70107
-4.70131
-4.70127
-4.7008
-4.70153
-4.70147
-4.70152
-4.70094
-4.70141
-4.70172
-4.70191
-4.70349
-4.70256
-4.70291
-4.70409
-4.70385
-4.7049
-4.70464
-4.70515
-4.7053
-4.7046
-4.70346
-4.70383
-4.70377
-4.70316
-4.70311
-4.70275
-4.70303
-4.70321
-4.70345
-4.70331
-4.70218
-4.70157
-4.70103
-4.70068
-4.70067
-4.70067
-4.70188
-4.70231
-4.70135
-4.7014
-4.70156
-4.70092
-4.70101
-4.70049
-4.70132
-4.70097
-4.70139
-4.70139
-4.70083
-4.70077
-4.70044
-4.70105
-4.70122
-4.70061
-4.70055
-4.70012
-4.70037
-4.70057
-4.70058
-4.70089
-4.70107
-4.70157
-4.70181
-4.70254
-4.70164
-4.70107
-4.70142
-4.70239
-4.70229
-4.70217
-4.70203
-4.70186
-4.70136
-4.70144
-4.70076
-4.70007
-4.69955
-4.69903
-4.69839
-4.69807
-4.69837
-4.69807
-4.69761
-4.69802
-4.69915
-4.69874
-4.69847
-4.69867
-4.69881
-4.69906
-4.69971
-4.70086
-4.70154
-4.70141
-4.70135
-4.7005
-4.70054
-4.70198
-4.70182
-4.70173
-4.70212
-4.70342
-4.70436
-4.70444
-4.7044
-4.70392
-4.70393
-4.70417
-4.70362
-4.70429
-4.70424
-4.70396
-4.70421
-4.70381
-4.70305
-4.70297
-4.70309
-4.70354
-4.70399
-4.70382
-4.70379
-4.70376
-4.7042
-4.70465
-4.70435
-4.70446
-4.70407
-4.70362
-4.70477
-4.70423
-4.70415
-4.70382
-4.70477
-4.70413
-4.70309
-4.70357
-4.70417
-4.70348
-4.70317
-4.70278
-4.70249
-4.70248
-4.70201
-4.70108
-4.70152
-4.70226
-4.70255
-4.70134
-4.70059
-4.70075
-4.70004
-4.70026
-4.70054
-4.7001
-4.70017
-4.70014
-4.70133
-4.70162
-4.70191
-4.70218
-4.70303
-4.70299
-4.70311
-4.7028
-4.70356
-4.70327
-4.70354
-4.70435
-4.70492
-4.70482
-4.70425
-4.70401
-4.70463
-4.70476
-4.70466
-4.70422
-4.70513
-4.70492
-4.70518
-4.70389
-4.70313
-4.70357
-4.70342
-4.7034
-4.70438
-4.70464
-4.70503
-4.70461
-4.70546
-4.70545
-4.70565
-4.70561
-4.70539
-4.7047
-4.70448
-4.70371
-4.70316
-4.70329
-4.70424
-4.70344
-4.7042
-4.70363
-4.70459
-4.70432
-4.70419
-4.70464
-4.70505
-4.70393
-4.70428
-4.70429
-4.7035
-4.70296
-4.70269
-4.7024
-4.70181
-4.70199
-4.70264
-4.70287
-4.70314
-4.70328
-4.70254
-4.70257
-4.70229
-4.70229
-4.70119
-4.70081
-4.70144
-4.70115
-4.70146
-4.70164
-4.70094
-4.69982
-4.69932
-4.69945
-4.69897
-4.69878
-4.69933
-4.69879
-4.69883
-4.69885
-4.69921
-4.69951
-4.69845
-4.69789
-4.69824
-4.69943
-4.70031
-4.7008
-4.70222
-4.70213
-4.70161
-4.70126
-4.70127
-4.70088
-4.70044
-4.69997
-4.69982
-4.69987
-4.70013
-4.7
-4.69948
-4.69976
-4.69899
-4.69972
-4.69998
-4.70023
-4.70016
-4.69979
-4.69975
-4.69976
-4.70088
-4.70055
-4.70025
-4.70056
-4.70098
-4.70103
-4.70116
-4.70123
-4.70188
-4.70225
-4.70207
-4.70227
-4.70255
-4.70272
-4.70319
-4.70286
-4.70291
-4.70348
-4.70276
-4.70196
-4.70157
-4.70117
-4.70031
-4.6998
-4.69979
-4.69986
-4.70018
-4.70045
-4.70069
-4.70043
-4.70084
-4.70111
-4.70164
-4.70207
-4.70298
-4.70346
-4.70337
-4.70304
-4.7025
-4.70221
-4.70191
-4.70189
-4.70219
-4.70265
-4.70404
-4.70352
-4.70276
-4.70255
-4.70202
-4.70222
-4.70207
-4.70105
-4.70063
-4.70091
-4.70096
-4.70063
-4.701
-4.70087
-4.70146
-4.70189
-4.70187
-4.7023
-4.70167
-4.70194
-4.701
-4.70095
-4.70088
-4.7008
-4.70102
-4.70153
-4.70084
-4.70091
-4.70159
-4.70153
-4.70115
-4.70078
-4.70145
-4.70091
-4.70069
-4.70064
-4.70004
-4.70024
-4.70096
-4.70097
-4.70177
-4.70135
-4.7015
-4.70085
-4.70074
-4.70086
-4.70092
-4.70106
-4.70056
-4.69914
-4.69926
-4.69915
-4.69902
-4.69872
-4.69945
-4.69919
-4.69998
-4.69965
-4.69969
-4.69964
-4.70086
-4.70141
-4.70131
-4.701
-4.70155
-4.70131
-4.70028
-4.69967
-4.69934
-4.69887
-4.69903
-4.69953
-4.69858
-4.69847
-4.6989
-4.69809
-4.69829
-4.69785
-4.6978
-4.69765
-4.69872
-4.69976
-4.69984
-4.70046
-4.70099
-4.70022
-4.69966
-4.69931
-4.70009
-4.6996
-4.6989
-4.69862
-4.69803
-4.69879
-4.69866
-4.6984
-4.69788
-4.69834
-4.69889
-4.69937
-4.69964
-4.69984
-4.701
-4.70144
-4.70157
-4.70134
-4.70134
-4.70231
-4.70259
-4.70294
-4.70249
-4.70232
-4.70199
-4.70198
-4.702
-4.70177
-4.70221
-4.70179
-4.70157
-4.70138
-4.70119
-4.70158
-4.70148
-4.70117
-4.70081
-4.70007
-4.70034
-4.70011
-4.7003
-4.69882
-4.6978
-4.69757
-4.69663
-4.69607
-4.69621
-4.69659
-4.69677
-4.69702
-4.697
-4.69774
-4.69813
-4.69787
-4.69816
-4.69763
-4.69707
-4.69754
-4.69815
-4.69739
-4.69679
-4.69831
-4.69878
-4.69835
-4.69912
-4.69896
-4.69879
-4.69905
-4.69884
-4.69983
-4.69917
-4.69959
-4.6991
-4.69909
-4.69924
-4.69925
-4.69975
-4.70089
-4.70072
-4.70076
-4.70113
-4.7021
-4.70288
-4.70254
-4.70317
-4.70328
-4.70379
-4.70353
-4.70343
-4.70395
-4.70375
-4.70373
-4.70432
-4.70476
-4.70443
-4.70362
-4.70308
-4.70253
-4.70244
-4.70326
-4.70379
-4.70278
-4.70205
-4.70189
-4.70322
-4.70335
-4.70397
-4.70375
-4.70329
-4.70351
-4.70378
-4.70347
-4.70393
-4.70469
-4.70455
-4.70485
-4.70378
-4.70374
-4.70367
-4.7037
-4.70413
-4.70451
-4.70408
-4.70333
-4.70273
-4.70323
-4.70259
-4.70295
-4.70323
-4.7034
-4.7031
-4.7035
-4.70336
-4.70299
-4.703
-4.7022
-4.70183
-4.70206
-4.7026
-4.70185
-4.70165
-4.70235
-4.70288
-4.70276
-4.7034
-4.70241
-4.70335
-4.70298
-4.7018
-4.70126
-4.70118
-4.70111
-4.70145
-4.70118
-4.70069
-4.70244
-4.70296
-4.70251
-4.70377
-4.70433
-4.70542
-4.70568
-4.7057
-4.70578
-4.705
-4.70547
-4.70407
-4.70446
-4.7037
-4.7029
-4.70256
-4.70264
-4.70339
-4.70443
-4.70406
-4.70318
-4.70318
-4.70333
-4.7041
-4.70321
-4.70321
-4.70273
-4.70311
-4.70255
-4.70226
-4.70152
-4.70097
-4.70154
-4.70083
-4.70127
-4.70178
-4.70279
-4.70366
-4.70389
-4.70436
-4.70552
-4.70511
-4.70588
-4.70527
-4.70545
-4.70656
-4.70768
-4.70745
-4.70717
-4.70624
-4.70661
-4.70616
-4.70656
-4.70603
-4.70561
-4.70519
-4.70448
-4.70363
-4.7039
-4.70363
-4.70254
-4.702
-4.7014
-4.70162
-4.70116
-4.703
-4.70303
-4.70348
-4.70401
-4.70371
-4.70376
-4.70447
-4.70372
-4.70351
-4.70341
-4.70357
-4.70328
-4.70346
-4.70368
-4.70365
-4.70386
-4.70373
-4.70355
-4.70407
-4.70434
-4.70478
-4.70486
-4.70498
-4.70419
-4.70293
-4.70275
-4.70193
-4.70176
-4.7017
-4.70044
-4.70039
-4.70119
-4.70114
-4.70137
-4.70185
-4.70137
-4.70054
-4.70059
-4.70121
-4.7013
-4.70161
-4.70125
-4.70165
-4.7003
-4.69999
-4.70044
-4.70117
-4.70105
-4.70089
-4.70063
-4.70145
-4.70182
-4.7012
-4.70098
-4.70077
-4.70048
-4.6994
-4.7001
-4.70061
-4.70059
-4.70167
-4.70229
-4.70273
-4.70374
-4.70378
-4.70436
-4.70502
-4.70452
-4.70439
-4.70447
-4.70325
-4.70287
-4.702
-4.70111
-4.70056
-4.6999
-4.70069
-4.70007
-4.70094
-4.70146
-4.70177
-4.70183
-4.70218
-4.70325
-4.70304
-4.70276
-4.70256
-4.70232
-4.70343
-4.7032
-4.70301
-4.70274
-4.70328
-4.70358
-4.70315
-4.70274
-4.70322
-4.70338
-4.70351
-4.70347
-4.7034
-4.70302
-4.7034
-4.70363
-4.70357
-4.70306
-4.70345
-4.70409
-4.70481
-4.70483
-4.70521
-4.70492
-4.70521
-4.70461
-4.70496
-4.70492
-4.70524
-4.70425
-4.70497
-4.70545
-4.70552
-4.70533
-4.70563
-4.70563
-4.70638
-4.70648
-4.70637
-4.70606
-4.70598
-4.70527
-4.70531
-4.70407
-4.70463
-4.70399
-4.70453
-4.70445
-4.70485
-4.70522
-4.70572
-4.70537
-4.70452
-4.70414
-4.70441
-4.70429
-4.70377
-4.70346
-4.70351
-4.70419
-4.70532
-4.70551
-4.70521
-4.70561
-4.70565
-4.70534
-4.70499
-4.7049
-4.70372
-4.70267
-4.70225
-4.7028
-4.70271
-4.70217
-4.70274
-4.70363
-4.70419
-4.70417
-4.70513
-4.70534
-4.70477
-4.7051
-4.70514
-4.70466
-4.70493
-4.70522
-4.70514
-4.70482
-4.70486
-4.70643
-4.70646
-4.70659
-4.70681
-4.70653
-4.70667
-4.70621
-4.70561
-4.70517
-4.70385
-4.70328
-4.70301
-4.70289
-4.70321
-4.70311
-4.70262
-4.70297
-4.70267
-4.70264
-4.70328
-4.70321
-4.70326
-4.70324
-4.70237
-4.70182
-4.70175
-4.70113
-4.70073
-4.70059
-4.70076
-4.69958
-4.69937
-4.69862
-4.69871
-4.69857
-4.69924
-4.69947
-4.69892
-4.69938
-4.69931
-4.69918
-4.699
-4.6988
-4.69956
-4.69966
-4.70032
-4.69989
-4.69997
-4.69977
-4.6997
-4.70023
-4.70001
-4.70027
-4.70133
-4.70151
-4.70153
-4.70089
-4.70137
-4.70081
-4.70056
-4.69929
