0
1
1.4025
1.71528
1.9857
2.22378
2.43187
2.62812
2.81837
2.98493
3.14369
3.29363
3.44244
3.57614
3.70338
3.83713
3.96316
4.09592
4.21751
4.32405
4.43109
4.54284
4.64332
4.74502
4.84287
4.94225
5.04825
5.14991
5.23731
5.33327
5.42878
5.51947
5.60812
5.70512
5.8006
5.88778
5.97558
6.05204
6.1283
6.2
6.27372
6.34638
6.43232
6.50829
6.58205
6.65848
6.7214
6.79226
6.86723
6.94683
7.02279
7.09608
7.16599
7.24148
7.31728
7.39056
7.45814
7.52472
7.58479
7.65029
7.71838
7.78145
7.83721
7.90185
7.96945
8.02661
8.08939
8.14947
8.21432
8.2795
8.34642
8.41282
8.47322
8.53544
8.5805
8.64159
8.69491
8.75564
8.81752
8.87656
8.93748
8.99603
9.04787
9.10111
9.15142
9.19842
9.25031
9.31332
9.37412
9.41714
9.47123
9.52458
9.57951
9.6298
9.6866
9.73001
9.77397
9.82349
9.87276
9.92757
9.97788
10.0259
10.0743
10.1178
10.1689
10.2096
10.2542
10.3056
10.3569
10.3989
10.4504
10.5113
10.566
10.6101
10.6541
10.7049
10.743
10.7888
10.8326
10.8833
10.9247
10.9808
11.0244
11.0751
11.1116
11.1526
11.1899
11.2362
11.2772
11.322
11.3724
11.4151
11.4519
11.5003
11.5427
11.5774
11.618
11.6691
11.7081
11.7532
11.7982
11.844
11.8776
11.9219
11.9655
11.9926
12.0326
12.0783
12.1176
12.159
12.1962
12.2392
12.2898
12.335
12.3763
12.4092
12.439
12.4857
12.5199
12.5598
12.5953
12.6321
12.6677
12.707
12.748
12.7882
12.8323
12.8683
12.8976
12.9384
12.9756
13.0057
13.0433
13.0857
13.1171
13.1536
13.1835
13.2224
13.2587
13.2915
13.3355
13.3729
13.404
13.4428
13.4797
13.5125
13.5506
13.5912
13.6241
13.6602
13.6953
13.7321
13.7779
13.809
13.8406
13.8813
13.9194
13.9549
13.9984
14.0366
14.0695
14.0959
14.1321
14.1683
14.2083
14.2418
14.2805
14.3168
14.3429
14.3758
14.4174
14.4487
14.4902
14.5243
14.5484
14.5747
14.6124
14.648
14.6791
14.7184
14.7535
14.7859
14.8193
14.8598
14.8949
14.9177
14.9458
14.9777
15.023
15.0622
15.0896
15.1373
15.1644
15.1928
15.2279
15.2701
15.3083
15.3341
15.3693
15.4015
15.4434
15.4637
15.4982
15.5203
15.5571
15.5897
15.6234
15.6529
15.6851
15.7155
15.7365
15.7697
15.798
15.8282
15.8615
15.8964
15.9297
15.9684
16.0041
16.0368
16.0681
16.1003
16.1302
16.1673
16.1978
16.2373
16.2651
16.2954
16.3133
16.346
16.383
16.4176
16.4494
16.486
16.5248
16.554
16.5797
16.6129
16.6596
16.6851
16.714
16.7451
16.791
16.8222
16.8518
16.8791
16.9132
16.9381
16.9599
16.9928
17.0191
17.0476
17.0816
17.1072
17.1292
17.1624
17.1938
17.2306
17.2593
17.289
17.3125
17.3435
17.3739
17.4043
17.431
17.4602
17.492
17.5203
17.5447
17.582
17.6072
17.6437
17.686
17.7072
17.7372
17.7709
17.7924
17.8189
17.8431
17.8675
17.8859
17.9118
17.9385
17.9656
17.9965
18.0191
18.0418
18.075
18.1054
18.1266
18.1624
18.1883
18.212
18.2355
18.2603
18.2905
18.311
18.3307
18.3668
18.3941
18.433
18.4516
18.4728
18.4963
18.5193
18.5464
18.5666
18.6013
18.6323
18.665
18.6917
18.7153
18.7403
18.769
18.7962
18.8324
18.8633
18.889
18.9086
18.9311
18.9647
18.9992
19.0202
19.0452
19.0639
19.0826
19.1096
19.1337
19.1712
19.1958
19.2174
19.2353
19.2718
19.2994
19.3212
19.3578
19.3803
19.4009
19.4272
19.4495
19.4863
19.5095
19.5338
19.5584
19.5762
19.5947
19.6305
19.6447
19.6615
19.6962
19.7209
19.7406
19.7658
19.7884
19.8158
19.8378
19.878
19.8987
19.9257
19.9481
19.971
19.9936
20.0165
20.0333
20.0622
20.0775
20.1194
20.1446
20.1774
20.2054
20.2225
20.2477
20.2785
20.3016
20.3208
20.3423
20.3617
20.3889
20.4206
20.4444
20.4657
20.4966
20.5237
20.5472
20.5676
20.5907
20.6169
20.6493
20.6706
20.6885
20.7203
20.7382
20.7616
20.7832
20.8041
20.8216
20.8494
20.8613
20.8918
20.9058
20.9293
20.9457
20.9701
20.9885
21.0055
21.0328
21.0454
21.0709
21.093
21.1142
21.1392
21.1637
21.1966
21.2202
21.2451
21.2678
21.3027
21.3268
21.3421
21.3697
21.3965
21.4213
21.452
21.4715
21.5036
21.5205
21.5439
21.5722
21.6032
21.6227
21.6513
21.677
21.7016
21.7289
21.7536
21.7812
21.8068
21.8344
21.8582
21.8793
21.903
21.9275
21.9478
21.9762
22.0026
22.0244
22.0416
22.0591
22.0861
22.107
22.1291
22.1511
22.1643
22.1802
22.1912
22.2156
22.2309
22.257
22.284
22.3058
22.3336
22.3567
22.3977
22.4164
22.4433
22.477
22.5101
22.517
22.5259
22.5537
22.5719
22.6007
22.6215
22.6424
22.6631
22.6903
22.7097
22.7385
22.7536
22.7804
22.8196
22.8367
22.8514
22.8883
22.9155
22.9445
22.947
22.9691
22.9823
23.005
23.0283
23.0491
23.0652
23.0823
23.1058
23.128
23.1466
23.173
23.1992
23.2148
23.245
23.2749
23.3002
23.327
23.3523
23.3864
23.4049
23.4247
23.4407
23.4579
23.4891
23.5102
23.5286
23.5457
23.5648
23.5777
23.6061
23.6281
23.6532
23.677
23.701
23.7251
23.7321
23.767
23.7928
23.8136
23.8344
23.8562
23.8733
23.8889
23.9055
23.9289
23.9472
23.9598
23.9827
24.0034
24.0277
24.0479
24.0662
24.0929
24.1214
24.1453
24.1706
24.1936
24.2328
24.2457
24.2677
24.2904
24.3166
24.3296
24.3523
24.3688
24.3806
24.403
24.421
24.4367
24.4581
24.4769
24.4974
24.5183
24.5331
24.5476
24.5715
24.5823
24.6018
24.6256
24.6512
24.6716
24.6804
24.7046
24.7381
24.7592
24.7741
24.7894
24.8037
24.8146
24.841
24.8662
24.8853
24.8982
24.923
24.9483
24.9785
25.0048
25.0272
25.0509
25.0706
25.0902
25.0978
25.1202
25.1429
25.1623
25.1824
25.1969
25.2191
25.2372
25.2513
25.2701
25.2888
25.309
25.3236
25.3488
25.3706
25.385
25.4109
25.4308
25.4512
25.4734
25.4898
25.5146
25.5319
25.5444
25.5637
25.5774
25.5965
25.6176
25.6391
25.6642
25.683
25.7043
25.7182
25.7367
25.7585
25.7859
25.8056
25.8324
25.8502
25.8763
25.8976
25.9193
25.9379
25.9601
25.978
26.0054
26.0254
26.0434
26.055
26.074
26.0912
26.1007
26.1254
26.1461
26.1623
26.1865
26.209
26.2253
26.243
26.2607
26.2798
26.2891
26.3093
26.3234
26.3492
26.3679
26.3795
26.3951
26.4181
26.4263
26.4458
26.4553
26.4667
26.4828
26.5002
26.5243
26.5446
26.558
26.5753
26.5881
26.6039
26.6195
26.6452
26.6657
26.6842
26.695
26.719
26.7394
26.7585
26.7734
26.7894
26.8031
26.8263
26.8507
26.8584
26.8855
26.9061
26.9257
26.9489
26.9678
26.991
27.0196
27.0437
27.0739
27.0817
27.1123
27.1292
27.1493
27.1656
27.1916
27.2136
27.2316
27.2577
27.2797
27.3012
27.316
27.3323
27.3478
27.3697
27.3775
27.3905
27.4074
27.4217
27.44
27.4673
27.4796
27.5051
27.5371
27.5552
27.5713
27.5922
27.6146
27.6203
27.6513
27.6767
27.6942
27.7154
27.7303
27.7464
27.7594
27.7767
27.7975
27.819
27.8379
27.8575
27.8866
27.9008
27.918
27.9296
27.9528
27.9776
27.9816
28.0055
28.0257
28.0433
28.058
28.0689
28.0857
28.0994
28.1182
28.1384
28.158
28.1755
28.1977
28.2044
28.223
28.2353
28.2682
28.2687
28.2892
28.3133
28.3351
28.3628
28.386
28.3951
28.4111
28.4268
28.446
28.4551
28.4651
28.4827
28.5004
28.5244
28.522
28.5436
28.5607
28.5742
28.5946
28.6091
28.6284
28.641
28.6591
28.6762
28.6958
28.7117
28.7282
28.7565
28.7679
28.786
28.8142
28.8227
28.8444
28.8543
28.8714
28.8777
28.8885
28.9068
28.9238
28.9433
28.9711
28.9819
29.0036
29.013
29.0257
29.0379
29.0531
29.066
29.0763
29.0986
29.1259
29.1474
29.1765
29.1967
29.2121
29.2325
29.2483
29.2679
29.2806
29.2974
29.3062
29.3256
29.3413
29.364
29.3773
29.3846
29.4088
29.4396
29.4515
29.4726
29.4941
29.5072
29.5213
29.5353
29.5415
29.5684
29.5869
29.6001
29.6135
29.6328
29.651
29.6702
29.696
29.7105
29.728
29.7352
29.7505
29.7613
29.7863
29.8078
29.8223
29.8365
29.8565
29.8715
29.8727
29.89
29.9163
29.9341
29.9557
29.9677
29.9894
29.9966
30.0141
30.0356
30.0508
30.0624
30.0756
30.092
30.1103
30.1266
30.1364
30.1601
30.1745
30.1961
30.2135
30.218
30.2434
30.2632
30.2806
30.2959
30.3019
30.3282
30.3471
30.3631
30.3777
30.3981
30.4165
30.4355
30.4481
30.4641
30.4781
30.4894
30.5075
30.5215
30.5368
30.5538
30.5753
30.6003
30.6167
30.6379
30.6556
30.6639
30.6879
30.7105
30.7216
30.7354
30.7455
30.7488
30.7714
30.783
30.8027
30.8217
30.8319
30.8457
30.8725
30.8868
30.9009
30.9253
30.94
30.9489
30.9712
30.9932
30.9981
31.0076
31.0229
31.0433
31.0585
31.0763
31.0881
31.1035
31.1251
31.1509
31.1628
31.1777
31.1986
31.2224
31.2366
31.2581
31.2726
31.2898
31.2975
31.3079
31.3211
31.3455
31.3597
31.3731
31.3885
31.4114
31.4231
31.4552
31.471
31.4871
31.5028
31.517
31.5348
31.5482
31.5657
31.5832
31.6017
31.6102
31.6192
31.6337
31.6538
