0
1
1.41846
1.73368
2.00546
2.2447
2.45379
2.66018
2.84275
3.01754
3.17899
3.33528
3.48169
3.63239
3.76982
3.89926
4.03044
4.15307
4.27786
4.40573
4.51146
4.61881
4.72531
4.81816
4.91335
5.01065
5.10668
5.20661
5.29703
5.3876
5.48125
5.56775
5.6532
5.7538
5.84167
5.92367
6.00934
6.0901
6.16604
6.24369
6.31324
6.39426
6.46121
6.54277
6.60881
6.68594
6.75003
6.81538
6.88466
6.95578
7.02674
7.09554
7.15744
7.23657
7.30523
7.3704
7.43815
7.50334
7.56047
7.63353
7.6959
7.75813
7.82402
7.875
7.93579
7.99488
8.06002
8.13197
8.1856
8.2441
8.31201
8.37682
8.42761
8.49262
8.54484
8.60173
8.66349
8.71998
8.77403
8.83211
8.88369
8.93412
8.99694
9.05124
9.1068
9.16516
9.22909
9.26999
9.32886
9.3802
9.43806
9.49518
9.55837
9.61555
9.65325
9.69529
9.74462
9.79448
9.85373
9.90411
9.95418
10.0085
10.0709
10.1163
10.171
10.2103
10.2591
10.3048
10.3575
10.3925
10.4362
10.4789
10.5254
10.5789
10.6338
10.6773
10.7243
10.7809
10.8366
10.8812
10.9226
10.9614
11.0086
11.0506
11.0911
11.1399
11.1778
11.2275
11.2724
11.3169
11.3564
11.4042
11.4436
11.4918
11.5419
11.5799
11.6301
11.6664
11.7068
11.7497
11.7995
11.8348
11.8766
11.9238
11.9708
12.0116
12.0573
12.1096
12.1533
12.2015
12.2434
12.2809
12.3199
12.3586
12.3988
12.4456
12.484
12.5193
12.5583
12.5956
12.6267
12.6656
12.7002
12.7385
12.776
12.8175
12.858
12.893
12.9336
12.9745
13.0156
13.058
13.1005
13.1391
13.1736
13.1995
13.2408
13.2729
13.3049
13.3474
13.3818
13.4196
13.4566
13.4945
13.5361
13.5797
13.6194
13.6545
13.7104
13.7416
13.7753
13.8094
13.8405
13.8713
13.9067
13.9482
13.9825
14.0092
14.0553
14.1018
14.126
14.1706
14.2058
14.2351
14.2653
14.2874
14.3149
14.3505
14.3877
14.4253
14.4629
14.5096
14.5496
14.587
14.6119
14.6493
14.6824
14.7104
14.7423
14.7817
14.8155
14.8455
14.8714
14.9064
14.9383
14.9768
15.0107
15.0369
15.067
15.097
15.1342
15.1625
15.1961
15.2346
15.2678
15.297
15.3254
15.3538
15.3736
15.4049
15.4305
15.4545
15.4895
15.5205
15.5461
15.587
15.6242
15.6605
15.691
15.7227
15.7677
15.7955
15.8233
15.8495
15.8856
15.9085
15.9429
15.975
16.014
16.049
16.0702
16.1038
16.1344
16.1634
16.1969
16.225
16.246
16.2856
16.3174
16.3441
16.3737
16.4053
16.4255
16.4526
16.4919
16.5173
16.536
16.5696
16.5917
16.6192
16.6492
16.6725
16.705
16.726
16.7475
16.7772
16.8042
16.8355
16.8612
16.8912
16.9168
16.9584
16.9949
17.0198
17.0491
17.0718
17.099
17.1314
17.1583
17.188
17.2143
17.2461
17.274
17.2967
17.3202
17.3388
17.371
17.3973
17.4207
17.435
17.464
17.4893
17.5136
17.546
17.5763
17.6069
17.6437
17.6783
17.699
17.728
17.7525
17.7815
17.8155
17.8424
17.8766
17.9047
17.9262
17.9443
17.967
17.9847
18.0178
18.042
18.0711
18.0944
18.132
18.1601
18.1926
18.2108
18.2317
18.2568
18.2816
18.3055
18.3277
18.3549
18.3748
18.4044
18.4211
18.4411
18.4685
18.5008
18.5171
18.5545
18.5862
18.6056
18.6236
18.6452
18.6644
18.6932
18.7175
18.7432
18.77
18.8037
18.8248
18.8636
18.8824
18.9144
18.9433
18.9723
18.9973
19.0122
19.0343
19.0589
19.0839
19.1118
19.1358
19.1626
19.1902
19.2201
19.2472
19.2796
19.3068
19.3248
19.3469
19.3717
19.4144
19.4294
19.4629
19.4869
19.493
19.5159
19.5425
19.5836
19.6061
19.641
19.6676
19.6962
19.7234
19.755
19.779
19.812
19.8419
19.862
19.88
19.9143
19.9373
19.9676
19.9942
20.0255
20.0506
20.0651
20.0959
20.1119
20.1427
20.1631
20.191
20.2162
20.2352
20.2594
20.2829
20.3103
20.3351
20.3583
20.3786
20.405
20.4293
20.4475
20.4748
20.4909
20.5236
20.55
20.5797
20.5983
20.6228
20.6495
20.6818
20.7067
20.7348
20.7566
20.7841
20.808
20.8308
20.8432
20.8659
20.8931
20.9107
20.9374
20.9552
20.9936
21.0183
21.0471
21.0696
21.0973
21.1229
21.1491
21.1749
21.1987
21.2237
21.2447
21.2774
21.3123
21.3414
21.3714
21.3888
21.3989
21.4232
21.4414
21.4689
21.4838
21.5047
21.5275
21.5424
21.5639
21.5998
21.6301
21.6554
21.6773
21.7131
21.7455
21.7715
21.7967
21.8164
21.8431
21.8642
21.8912
21.9175
21.9359
21.9541
21.9621
21.9828
22.0128
22.0365
22.0645
22.0863
22.1188
22.1581
22.1866
22.2002
22.2248
22.2545
22.2732
22.3018
22.3189
22.3377
22.3513
22.3812
22.409
22.4225
22.4458
22.4726
22.4934
22.5263
22.5487
22.5646
22.5856
22.6055
22.6241
22.6475
22.6648
22.6841
22.7152
22.7387
22.7539
22.7854
22.8072
22.8358
22.8605
22.8877
22.9014
22.9214
22.9413
22.9676
22.9929
23.011
23.0306
23.0572
23.0857
23.1125
23.1353
23.1532
23.1766
23.2068
23.2268
23.2415
23.2676
23.2837
23.311
23.3309
23.3584
23.3739
23.3892
23.4091
23.4379
23.4638
23.4794
23.4979
23.5177
23.5398
23.5639
23.5852
23.6062
23.63
23.6566
23.6653
23.6877
23.7022
23.7151
23.7308
23.7482
23.7621
23.786
23.8078
23.8232
23.8431
23.8694
23.8903
23.913
23.9199
23.9342
23.9505
23.9667
23.9812
23.9996
24.0195
24.0327
24.0528
24.0713
24.0926
24.1135
24.1479
24.174
24.1846
24.2148
24.2435
24.2674
24.2823
24.296
24.3165
24.3416
24.3562
24.3614
24.3663
24.3882
24.4083
24.4245
24.4581
24.4738
24.5107
24.5182
24.5328
24.5554
24.5725
24.5992
24.6162
24.6392
24.6713
24.6993
24.72
24.7296
24.7443
24.7622
24.7734
24.7977
24.8216
24.8371
24.8623
24.8835
24.9038
24.9176
24.9352
24.9567
24.9719
24.9872
25.0149
25.0398
25.0549
25.0833
25.1077
25.1321
25.1583
25.174
25.2043
25.2249
25.245
25.2671
25.2781
25.2945
25.3089
25.3319
25.3431
25.3648
25.3876
25.3959
25.4119
25.4219
25.4341
25.4523
25.4663
25.4916
25.5162
25.5479
25.5762
25.5932
25.6086
25.6367
25.6568
25.6837
25.7065
25.7203
25.7454
25.7582
25.7731
25.7856
25.8022
25.8074
25.8155
25.8311
25.843
25.8594
25.8772
25.8873
25.8954
25.9144
25.93
25.9451
25.9631
25.9801
25.9988
26.011
26.0293
26.0425
26.0589
26.0785
26.0968
26.1175
26.1351
26.1558
26.1693
26.1807
26.1976
26.222
26.2428
26.2633
26.2852
26.3058
26.3341
26.3498
26.3718
26.3903
26.3966
26.4247
26.4372
26.4584
26.4715
26.4821
26.5058
26.5314
26.5479
26.5799
26.6023
26.6227
26.6443
26.6728
26.6926
26.7079
26.732
26.7496
26.7733
26.7895
26.8061
26.8315
26.8515
26.8752
26.8906
26.9146
26.9456
26.9685
26.9905
27.0077
27.027
27.0414
27.05
27.0654
27.0845
27.1161
27.1347
27.1618
27.1894
27.2094
27.2221
27.2401
27.2671
27.2825
27.3018
27.3185
27.3351
27.3563
27.3812
27.404
27.422
27.4403
27.463
27.4732
27.495
27.5115
27.5354
27.5516
27.5707
27.5977
27.6137
27.6351
27.6507
27.6748
27.6985
27.7159
27.7302
27.756
27.7687
27.7788
27.7947
27.813
27.8288
27.8474
27.854
27.8627
27.8815
27.9058
27.9239
27.9384
27.9589
27.9755
27.9865
28.0068
28.0301
28.0459
28.0688
28.0859
28.1057
28.1248
28.1453
28.1644
28.1803
28.2061
28.23
28.2567
28.2691
28.29
28.3132
28.3263
28.3532
28.3737
28.3894
28.409
28.4225
28.4437
28.4582
28.4685
28.496
28.5072
28.5337
28.5482
28.5681
28.5857
28.6023
28.622
28.6347
28.6454
28.6645
28.6787
28.6979
28.7155
28.7312
28.7545
28.7711
28.7896
28.8086
28.831
28.8465
28.8647
28.8789
28.8985
28.9127
28.9273
28.9536
28.9852
29.007
29.0278
29.0414
29.0637
29.0874
29.1076
29.1207
29.1423
29.1659
29.1721
29.188
29.2012
29.2252
29.2348
29.2386
29.2529
29.2675
29.2819
29.2961
29.3129
29.3406
29.3533
29.3596
29.3708
29.3892
29.3863
29.4152
29.4258
29.4415
29.4549
29.4707
29.489
29.4955
29.5021
29.5185
29.5404
29.5514
29.5808
29.5916
29.6067
29.6242
29.6249
29.6416
29.6621
29.6847
29.7052
29.7197
29.7413
29.7553
29.7643
29.7748
29.7918
29.8124
29.826
29.8374
29.8546
29.868
29.8895
29.8942
29.9204
29.9409
29.9598
29.9822
29.9963
30.0079
30.0237
30.0484
30.0668
30.0867
30.0968
30.1153
30.1314
30.1528
30.1641
30.1777
30.186
30.1958
30.2109
30.2316
30.2497
30.2626
30.2715
30.2899
30.2994
30.3166
30.3373
30.3523
30.3743
30.3807
30.3901
30.4111
30.4316
30.4436
30.4482
30.4623
30.4717
30.4843
30.5001
30.5162
30.5296
30.5563
30.5636
30.5821
30.5892
30.6048
30.6187
30.6353
30.6561
30.6782
30.6956
30.7027
30.7122
30.7244
30.7413
30.761
30.7746
30.7847
30.8112
30.8299
30.8435
30.8551
30.8678
30.8852
30.9065
30.9162
30.9278
30.9509
30.9644
30.9786
30.999
31.027
31.0303
31.0404
31.0514
31.0639
31.0672
31.084
31.0958
31.1126
31.1333
31.1478
31.1636
31.1831
31.1944
31.2005
31.2124
31.2317
31.2386
31.2513
31.2615
31.2818
31.2892
31.3087
31.3303
31.3478
31.3713
