-0.330441   0.469131   0.0746115
-0.268289   0.459906   0.0169835
-0.452008   -0.279818   -0.252776
0.448971   -0.0967228   -0.191682
-0.0944785   -0.45199   0.468011
-0.0785493   0.318453   -0.0158506
-0.453511   0.477898   0.415357
-0.365221   -0.246837   -0.275994
0.439778   0.389628   0.462642
-0.131989   -0.248145   0.412916
0.138264   0.34536   0.328733
0.141559   -0.435041   0.250931
-0.0468862   0.452596   -0.378945
-0.127248   0.0462561   -0.166526
0.0488858   -0.309939   -0.298259
0.430969   0.398481   -0.109829
-0.122281   0.434321   -0.326727
0.352478   0.29392   0.156806
-0.140165   0.419588   -0.0558655
-0.150034   0.4034   0.439677
-0.159455   0.154711   -0.22493
-0.321888   0.33595   -0.073537
-0.136277   -0.175538   -0.131639
0.421348   -0.0329328   -0.415289
0.22952   -0.0208625   -0.492817
0.3955   -0.281037   0.367675
-0.067697   -0.0946125   0.015512
0.120032   -0.232659   0.494459
-0.315445   -0.00945051   0.436144
-0.198569   -0.0577409   -0.154971
-0.0370367   -0.464942   0.180858
-0.155883   -0.0427832   0.213054
-0.0895796   0.480075   0.135587
-0.183632   0.0976451   -0.131787
-0.254756   0.280183   0.244501
-0.409536   -0.224043   -0.131102
0.058336   -0.488131   0.472114
-0.0337681   -0.407764   0.102265
0.484843   -0.417264   0.130715
-0.0171536   -0.345164   -0.45857
-0.40958   -0.0283187   -0.115494
-0.170856   0.120116   -0.484644
-0.476756   0.320801   0.0118067
-0.430763   0.309418   -0.313929
0.280803   0.385958   0.203952
-0.366628   -0.11753   -0.150804
0.176662   0.485478   0.202751
-0.109955   -0.25505   0.107989
0.320069   -0.390667   -0.00254266
0.226428   0.470231   0.268482
0.456553   0.374294   -0.195791
-0.120004   -0.313477   0.245345
-0.202803   -0.0111871   0.0562844
-0.499335   -0.323423   0.0596501
0.420637   -0.212755   -0.24387
-0.447611   0.408284   -0.321197
0.478114   -0.477569   0.33276
-0.124886   -0.0218265   0.291062
-0.0767018   0.217422   -0.30321
-0.146182   0.0824981   0.0877609
-0.00965543   0.139183   -0.328461
-0.32806   0.199445   -0.415704
0.405238   -0.19113   0.299249
0.0693864   0.422346   -0.144921
0.385738   -0.0804426   0.378779
-0.127296   -0.396029   0.116332
-0.161011   0.194137   0.223845
-0.00739626   -0.113572   -0.242763
0.0130625   -0.149203   -0.462816
-0.398168   0.373941   -0.404
0.0922494   -0.134382   0.164696
-0.136412   0.295168   0.340278
0.173087   -0.10714   0.358508
-0.333555   0.214742   0.193364
-0.305087   0.038137   -0.380396
-0.277307   0.479821   -0.254238
-0.224372   0.466273   -0.188984
-0.0760743   0.216976   -0.201959
-0.425419   0.0965722   0.189033
-0.142909   -0.342233   0.00760424
-0.127421   0.317072   0.456671
-0.3779   -0.333255   -0.336637
-0.035993   -0.228088   -0.458066
0.367809   0.381348   0.15792
0.164304   -0.32416   0.106864
-0.31628   0.332436   -0.482683
-0.257813   -0.0902876   -0.092498
-0.212883   0.468752   -0.342021
0.179317   0.342585   -0.2384
-0.224783   0.351097   -0.0386705
-0.287927   0.176685   0.390137
0.443511   -0.325   0.224853
-0.0542883   -0.392458   0.219896
0.246984   -0.241003   0.120683
-0.320611   0.221338   0.49783
0.0010848   0.123925   -0.0841923
-0.475563   0.407459   0.460339
-0.149927   -0.166818   0.110801
0.234502   -0.115273   0.422512
0.204083   -0.0828198   -0.383263
0.0829049   0.349487   0.459631
-0.188557   0.236104   0.337558
0.0675497   -0.481444   0.372747
-0.138655   0.209282   -0.114012
-0.311573   -0.120876   -0.385895
0.415955   0.0517094   -0.0276301
-0.23947   0.187181   0.296987
0.236367   0.340719   -0.0502948
