0.456646
0.502985
0.476028
0.496012
0.495708
0.492961
0.495493
0.494858
0.501828
0.506394
0.50445
0.50699
0.506744
0.507175
0.505479
0.508615
0.50896
0.507601
0.507688
0.505419
0.504399
0.503605
0.502794
0.503193
0.504293
0.504593
0.505569
0.505949
0.506554
0.506531
0.505764
0.504886
0.506219
0.504607
0.504065
0.503789
0.504829
0.504561
0.504497
0.50366
0.503773
0.503827
0.503878
0.503199
0.50301
0.502786
0.502452
0.502301
0.502522
0.502191
0.502344
0.501825
0.502225
0.501589
0.501251
0.50102
0.501545
0.501032
0.500675
0.500854
0.499879
0.500704
0.500697
0.500935
0.501261
0.50124
0.502142
0.501995
0.502403
0.503536
0.503753
0.503759
0.50398
0.50309
0.503112
0.50356
0.503015
0.50354
0.503935
0.504052
0.504752
0.505084
0.504825
0.504764
0.504186
0.504168
0.504057
0.503582
0.503382
0.503583
0.502754
0.502306
0.502027
0.502016
0.501609
0.501519
0.501633
0.501401
0.501149
0.501214
