0.0890399
0.0936191
0.0876198
0.0889464
0.0867139
0.0852591
0.0840464
0.0847467
0.0836774
0.0834513
0.0846859
0.0848619
0.085203
0.0846059
0.0845063
0.0850369
0.0842032
0.0845239
0.0843695
0.0850092
0.0848088
0.0846183
0.0845317
0.0845532
0.0846485
0.0842996
0.0845109
0.0843018
0.08408
0.0842106
0.0842668
0.084554
0.0846628
0.0849451
0.0846711
0.0846966
0.0845736
0.0845633
0.0844152
0.0845043
0.0842218
0.0841498
0.0839102
0.0840134
0.0839672
0.0840125
0.0840238
0.0840943
0.0842817
0.0843446
0.0843382
0.0843677
0.0843662
0.0845159
0.0844388
0.0845669
0.0847403
0.0845299
0.0844288
0.0846083
0.0845961
0.08464
0.0846889
0.0843653
0.0844116
0.0844199
0.0847117
0.0847493
0.08473
0.0846445
0.0845463
0.0845911
0.0845472
0.0845119
0.0843866
0.0843506
0.0841446
0.0840398
0.0841207
0.084177
0.0841929
0.0841294
0.0841484
0.0841147
0.0839629
0.083994
0.0838782
0.0837091
0.0834739
0.0834475
0.0833944
0.0833649
0.0833519
0.0833589
0.0833117
0.0831659
0.0830796
0.0830292
0.0830135
0.0832638
