0
0.00457916
0.00655601
0.00482189
0.00435138
0.00383921
0.00346394
0.00308054
0.00291966
0.0026212
0.00267318
0.00244661
0.00227625
0.00219036
0.00204154
0.00198202
0.00203993
0.00194982
0.0018508
0.00186871
0.00178875
0.00171612
0.00164209
0.00157233
0.00151113
0.00149318
0.00145227
0.00141498
0.00138322
0.00134268
0.00129986
0.00129094
0.00125593
0.00125072
0.001245
0.00121019
0.00118344
0.00115192
0.00113172
0.00110666
0.00111568
0.00109117
0.00109211
0.00107198
0.0010489
0.00102685
0.00100483
0.000986187
0.000983866
0.000966037
0.000946927
0.000929009
0.000911313
0.000906718
0.000893411
0.000886616
0.000888012
0.000897568
0.000888002
0.00089135
0.000876702
0.000863561
0.000851152
0.000898092
0.000885383
0.000871904
0.000907034
0.000894385
0.00088154
0.000873047
0.000866254
0.000855315
0.000844661
0.000833916
0.000832197
0.000821964
0.000836971
0.000832796
0.000826162
0.000817712
0.000807709
0.00080032
0.000790845
0.000782098
0.000787609
0.000779017
0.000778673
0.000788127
0.000813925
0.000805263
0.000798134
0.000789963
0.000781532
0.000773205
0.000766472
0.000772348
0.000769201
0.000762978
0.000755395
0.000788592
