           1    -7.57859    -7.57859           0
           2    -7.58068    -7.57963  0.00104117
           3    -7.54794    -7.56907   0.0105803
           4    -7.52373    -7.55774   0.0135818
           5    -7.55533    -7.55725   0.0105314
           6    -7.53829    -7.55409  0.00916149
           7    -7.55764     -7.5546  0.00775939
           8    -7.56777    -7.55625  0.00691867
           9    -7.53796    -7.55421  0.00643109
          10    -7.54287    -7.55308    0.005863
          11    -7.57516    -7.55509  0.00567059
          12    -7.54887    -7.55457  0.00520237
          13    -7.53635    -7.55317   0.0049864
          14     -7.5573    -7.55346  0.00462591
          15    -7.55398     -7.5535  0.00430663
          16    -7.57802    -7.55503  0.00431023
          17    -7.57311    -7.55609  0.00418617
          18    -7.55331    -7.55594  0.00394979
          19    -7.54227    -7.55522  0.00380478
          20    -7.57332    -7.55612  0.00372127
          21    -7.57317    -7.55694  0.00363149
          22    -7.53868    -7.55611  0.00356051
          23    -7.54825    -7.55576   0.0034193
          24    -7.52003    -7.55428   0.0035965
          25    -7.54044    -7.55372  0.00349374
          26    -7.54216    -7.55328  0.00338599
          27    -7.53843    -7.55273  0.00330424
          28    -7.53777    -7.55219  0.00322853
          29    -7.55465    -7.55228  0.00311636
          30    -7.54073    -7.55189  0.00303519
          31    -7.55252    -7.55191  0.00293572
          32    -7.54751    -7.55178  0.00284582
          33    -7.57037    -7.55234  0.00281521
          34    -7.53331    -7.55178  0.00278793
          35    -7.54844    -7.55168  0.00270878
          36    -7.56018    -7.55192  0.00264302
          37    -7.56424    -7.55225  0.00259206
          38    -7.55751    -7.55239  0.00252672
          39    -7.55204    -7.55238  0.00246109
          40    -7.55199    -7.55237   0.0023988
          41    -7.54068    -7.55209  0.00235689
          42    -7.57187    -7.55256  0.00234782
          43     -7.5394    -7.55225  0.00231292
          44     -7.5688    -7.55263  0.00229084
          45    -7.56279    -7.55285  0.00225071
          46    -7.54233    -7.55263   0.0022131
          47    -7.55709    -7.55272  0.00216758
          48    -7.56891    -7.55306  0.00214859
          49    -7.53859    -7.55276   0.0021249
          50    -7.52074    -7.55212  0.00217828
          51    -7.55154    -7.55211  0.00213517
          52    -7.55173     -7.5521  0.00209372
          53    -7.55464    -7.55215  0.00205439
          54    -7.54598    -7.55204  0.00201923
          55    -7.57738     -7.5525  0.00203504
          56    -7.53399    -7.55217   0.0020255
          57    -7.55217    -7.55217  0.00198965
          58    -7.54132    -7.55198  0.00196396
          59    -7.55184    -7.55198  0.00193039
          60    -7.55611    -7.55205  0.00189919
          61     -7.5571    -7.55213  0.00186963
          62    -7.56032    -7.55226  0.00184397
          63    -7.54892    -7.55221  0.00181524
          64    -7.55558    -7.55226  0.00178743
          65    -7.53608    -7.55201  0.00177723
          66    -7.56739    -7.55225  0.00176553
          67    -7.52184    -7.55179  0.00179723
          68    -7.55213     -7.5518  0.00177061
          69    -7.53226    -7.55151  0.00176759
          70     -7.5759    -7.55186  0.00177664
          71    -7.55116    -7.55185  0.00175147
          72    -7.54656    -7.55178  0.00172854
          73    -7.54926    -7.55174  0.00170504
          74    -7.55292    -7.55176  0.00168192
          75    -7.53404    -7.55152  0.00167607
          76    -7.54748    -7.55147  0.00165473
          77    -7.54433    -7.55138  0.00163572
          78    -7.57448    -7.55167  0.00164156
          79    -7.54832    -7.55163   0.0016212
          80    -7.52865    -7.55134  0.00162638
          81    -7.53534    -7.55115  0.00161827
          82    -7.54304    -7.55105  0.00160147
          83    -7.55172    -7.55106  0.00158208
          84    -7.53085    -7.55082  0.00158152
          85     -7.5322     -7.5506  0.00157807
          86    -7.50254    -7.55004  0.00165668
          87    -7.55655    -7.55011  0.00163924
          88    -7.57869    -7.55044  0.00165272
          89     -7.5755    -7.55072  0.00165813
          90     -7.5386    -7.55058  0.00164512
          91    -7.55762    -7.55066  0.00162878
          92    -7.54399    -7.55059  0.00161261
          93    -7.55179     -7.5506  0.00159522
          94    -7.58772      -7.551  0.00162682
          95    -7.54194     -7.5509  0.00161243
          96    -7.51717    -7.55055  0.00163379
          97    -7.51697     -7.5502  0.00165351
          98    -7.57648    -7.55047  0.00165836
          99     -7.5314    -7.55028  0.00165279
         100    -7.55221     -7.5503  0.00163629
