           0           0           0
   0.0230664           0           0
   0.0461329           0           0
   0.0691993           0           0
   0.0922657           0           0
    0.115332           0           0
    0.138399           0           0
    0.161465           0           0
    0.184531           0           0
    0.207598           0           0
    0.230664           0           0
    0.253731           0           0
    0.276797           0           0
    0.299864           0           0
     0.32293           0           0
    0.345996           0           0
    0.369063           0           0
    0.392129           0           0
    0.415196           0           0
    0.438262           0           0
    0.461329           0           0
    0.484395           0           0
    0.507461           0           0
    0.530528           0           0
    0.553594           0           0
    0.576661           0           0
    0.599727           0           0
    0.622794           0           0
     0.64586           0           0
    0.668926           0           0
    0.691993           0           0
    0.715059           0           0
    0.738126           0           0
    0.761192           0           0
    0.784259           0           0
    0.807325           0           0
    0.830391           0           0
    0.853458           0           0
    0.876524 6.92221e-05 1.45718e-05
    0.899591  0.00346718 0.000122812
    0.922657   0.0467042 0.000480926
    0.945724    0.290185  0.00127455
     0.96879     1.00306  0.00282095
    0.991856     2.23414  0.00374436
     1.01492      3.6214  0.00321927
     1.03799     4.62117  0.00292088
     1.06106     4.90426  0.00490337
     1.08412     4.50244  0.00544741
     1.10719     3.66255  0.00417473
     1.13026     2.69865   0.0027167
     1.15332     1.81865  0.00196761
     1.17639     1.12665  0.00180692
     1.19945    0.651185   0.0015794
     1.22252    0.351604  0.00150716
     1.24559    0.176906  0.00117214
     1.26865   0.0876331 0.000830025
     1.29172   0.0479213  0.00065654
     1.31479   0.0409971 0.000603173
     1.33785   0.0597666 0.000647723
     1.36092    0.105004  0.00082496
     1.38399    0.181742 0.000830968
     1.40705    0.299991  0.00101318
     1.43012     0.45257 0.000912235
     1.45319    0.629567 0.000879057
     1.47625    0.799337  0.00116553
     1.49932    0.925771  0.00165964
     1.52238    0.970829  0.00207951
     1.54545     0.93086  0.00177613
     1.56852    0.810051  0.00134213
     1.59158     0.64149 0.000818592
     1.61465    0.464235 0.000712475
     1.63772    0.314907 0.000950036
     1.66078    0.217354  0.00112461
     1.68385    0.189978  0.00136122
     1.70692     0.25132  0.00167435
     1.72998    0.430629   0.0017762
     1.75305    0.745624  0.00202189
     1.77612     1.19538  0.00157764
     1.79918     1.72569  0.00120376
     1.82225     2.23819  0.00209421
     1.84531     2.60658  0.00283498
     1.86838     2.72158  0.00370858
     1.89145     2.56428  0.00331732
     1.91451     2.18388  0.00236234
     1.93758     1.68896  0.00135858
     1.96065     1.20028  0.00122948
     1.98371    0.797277   0.0016368
     2.00678    0.539745  0.00186044
     2.02985     0.43068  0.00189911
     2.05291    0.456784  0.00167417
     2.07598    0.585187  0.00116147
     2.09905    0.756961 0.000766378
     2.12211    0.919448 0.000977331
     2.14518     1.01704   0.0013712
     2.16824     1.02437   0.0014113
     2.19131    0.921282  0.00116147
     2.21438    0.781163 0.000808322
     2.23744    0.652697 0.000965415
     2.26051    0.569588   0.0015925
     2.28358    0.569459  0.00195715
