           1      7.4174      7.4174           0
           2     7.40463     7.41102  0.00638518
           3     7.58745     7.46983    0.058926
           4     7.71543     7.53123   0.0742037
           5     7.55173     7.53533   0.0576239
           6     7.64342     7.55334   0.0503806
           7     7.53009     7.55002   0.0427088
           8     7.47826     7.54105    0.038059
           9     7.63873     7.55191   0.0352759
          10     7.60759     7.55747   0.0320394
          11      7.4334     7.54619   0.0310984
          12     7.58421     7.54936    0.028565
          13       7.646      7.5568   0.0273073
          14     7.54679     7.55608   0.0252918
          15      7.5448     7.55533   0.0235574
          16     7.41445     7.54652   0.0237299
          17      7.4488     7.54078   0.0230197
          18     7.56195     7.54195   0.0217351
          19     7.62041     7.54608   0.0209699
          20     7.44211     7.54088   0.0205618
          21     7.44703     7.53641   0.0200622
          22     7.63399     7.54085   0.0196361
          23     7.58749     7.54288   0.0188722
          24     7.74167     7.55116   0.0198768
          25     7.62681     7.55419   0.0193038
          26     7.61332     7.55646   0.0186854
          27     7.64507     7.55974   0.0182771
          28     7.64194     7.56268   0.0178552
          29      7.5552     7.56242   0.0172305
          30     7.62916     7.56464   0.0167942
          31      7.5549     7.56433   0.0162465
          32     7.58787     7.56507   0.0157478
          33     7.46133     7.56192   0.0155834
          34     7.66704     7.56501   0.0154311
          35     7.58343     7.56554   0.0149929
          36     7.51669     7.56418   0.0146335
          37     7.49165     7.56222   0.0143669
          38      7.5303     7.56138   0.0140089
          39     7.56104     7.56137    0.013645
          40     7.56686     7.56151   0.0133002
          41     7.62027     7.56295   0.0130507
          42     7.45904     7.56047   0.0129742
          43     7.63099     7.56211   0.0127746
          44     7.46239     7.55984    0.012685
          45     7.50585     7.55865   0.0124578
          46     7.61512     7.55987   0.0122457
          47     7.53503     7.55934    0.011994
          48     7.46824     7.55745   0.0118939
          49     7.63967     7.55912   0.0117688
          50     7.73571     7.56266   0.0120598
          51     7.56972     7.56279   0.0118218
          52      7.5626     7.56279   0.0115922
          53     7.55365     7.56262   0.0113727
          54     7.59614     7.56324   0.0111773
          55     7.43276     7.56087   0.0112258
          56     7.66311     7.56269   0.0111737
          57     7.56189     7.56268   0.0109759
          58      7.6215     7.56369   0.0108326
          59     7.57287     7.56385   0.0106485
          60     7.53114      7.5633   0.0104837
          61     7.53233     7.56279   0.0103229
          62     7.52042     7.56211    0.010178
          63     7.57474     7.56231   0.0100172
          64     7.54477     7.56204  0.00986324
          65     7.65152     7.56341  0.00980741
          66     7.47688      7.5621  0.00974626
          67     7.72331     7.56451  0.00989663
          68     7.56881     7.56457  0.00975021
          69     7.67105     7.56612  0.00973099
          70     7.44104     7.56433  0.00975598
          71     7.56647     7.56436  0.00961763
          72     7.58673     7.56467   0.0094882
          73     7.58287     7.56492  0.00936064
          74     7.55357     7.56477  0.00923456
          75     7.67357     7.56622  0.00922538
          76     7.59382     7.56658  0.00911043
          77     7.60713     7.56711  0.00900674
          78     7.44219      7.5655  0.00903362
          79     7.58501     7.56575  0.00892195
          80     7.69347     7.56735  0.00895321
          81       7.653     7.56841  0.00890499
          82     7.61417     7.56896  0.00881341
          83     7.56274     7.56889   0.0087069
          84     7.68511     7.57027  0.00871318
          85     7.67404     7.57149  0.00869618
          86     7.83663     7.57458   0.0091307
          87     7.53858     7.57416  0.00903462
          88     7.42561     7.57247   0.0090895
          89     7.43144     7.57089  0.00912543
          90     7.63598     7.57161  0.00905241
          91     7.53049     7.57116  0.00896378
          92     7.60945     7.57158  0.00887557
          93     7.56944     7.57155  0.00877965
          94     7.36586     7.56937  0.00895715
          95      7.6222     7.56992  0.00887979
          96     7.75955      7.5719  0.00900609
          97     7.75403     7.57378  0.00910839
          98     7.42794     7.57229  0.00913697
          99     7.66711     7.57324  0.00909478
         100     7.55864      7.5731  0.00900456
