           1     1.30277     1.30277           0
           2     1.06911     1.18594    0.116827
           3     1.24705     1.20631   0.0704589
           4     1.39592     1.25371   0.0687703
           5     1.39501     1.28197   0.0603008
           6     1.24649     1.27606   0.0495892
           7     1.30384     1.28003   0.0420981
           8     1.44257     1.30034    0.041737
           9      1.3733     1.30845   0.0376906
          10     1.34278     1.31188   0.0338859
          11     1.47267      1.3265   0.0339579
          12     1.64361     1.35293   0.0407339
          13     1.56631     1.36934   0.0409073
          14     1.33184     1.36666   0.0379674
          15     1.43456     1.37119   0.0356344
          16     1.31567     1.36772    0.033513
          17     1.49463     1.37518   0.0323531
          18     1.39133     1.37608    0.030516
          19     1.23973      1.3689    0.029744
          20     1.33237     1.36708   0.0282767
          21     1.50364     1.37358   0.0276714
          22     1.40838     1.37516   0.0264311
          23     1.37754     1.37527    0.025256
          24     1.50076      1.3805   0.0247397
          25     1.43512     1.38268   0.0238298
          26     1.18171     1.37495   0.0241645
          27     1.31276     1.37265   0.0233662
          28     1.41345      1.3741   0.0225633
          29     1.34324     1.37304   0.0217974
          30     1.43593     1.37514   0.0211623
          31     1.41553     1.37644   0.0205097
          32     1.44261     1.37851   0.0199658
          33       1.539     1.38337   0.0199531
          34     1.10405     1.37515   0.0210285
          35     1.46386     1.37769   0.0205756
          36     1.41683     1.37878   0.0200254
          37     1.36698     1.37846   0.0194793
          38     1.48615     1.38129   0.0191704
          39     1.27498     1.37857   0.0188703
          40     1.46294     1.38068    0.018513
          41      1.4954     1.38347   0.0182714
          42     1.59832     1.38859   0.0185503
          43     1.44764     1.38996   0.0181657
          44     1.27876     1.38744   0.0179271
          45     1.55553     1.39117   0.0179179
          46     1.37038     1.39072   0.0175298
          47     1.66844     1.39663   0.0181421
          48      1.4188     1.39709   0.0177661
          49     1.52199     1.39964   0.0175855
          50     1.22024     1.39605   0.0175998
          51     1.46167     1.39734   0.0172992
          52     1.35777     1.39658   0.0169803
          53     1.26617     1.39412   0.0168376
          54     1.52083     1.39646   0.0166886
          55     1.23552     1.39354   0.0166417
          56     1.41671     1.39395    0.016347
          57     1.44335     1.39482   0.0160811
          58     1.36414     1.39429   0.0158102
          59     1.46355     1.39546   0.0155842
          60     1.20203     1.39224   0.0156577
          61     1.40252     1.39241   0.0153998
          62     1.51823     1.39444   0.0152847
          63     1.32981     1.39341   0.0150751
          64     1.17257     1.38996   0.0152337
          65     1.44121     1.39075   0.0150182
          66       1.359     1.39027   0.0147967
          67      1.3419     1.38954   0.0145921
          68     1.32641     1.38862   0.0144058
          69     1.27375     1.38695   0.0142928
          70     1.55611     1.38937   0.0142929
          71     1.45019     1.39022   0.0141162
          72     1.50128     1.39177   0.0140039
          73     1.25906     1.38995   0.0139299
          74     1.30548     1.38881   0.0137877
          75     1.29862     1.38761   0.0136557
          76     1.40665     1.38786   0.0134771
          77     1.37012     1.38763   0.0133029
          78     1.31455     1.38669   0.0131647
          79     1.56698     1.38897   0.0131958
          80     1.11616     1.38556   0.0134687
          81      1.3671     1.38533   0.0133033
          82     1.07984     1.38161    0.013658
          83     1.18056     1.37919   0.0137081
          84       1.475     1.38033   0.0135919
          85      1.3567     1.38005   0.0134339
          86     1.31711     1.37932    0.013297
          87      1.4588     1.38023   0.0131749
          88     1.34661     1.37985     0.01303
          89     1.33639     1.37936    0.012892
          90     1.34484     1.37898   0.0127537
          91     1.30655     1.37818   0.0126379
          92     1.49824     1.37948   0.0125677
          93     1.32898     1.37894   0.0124437
          94     1.50646      1.3803   0.0123851
          95     1.60673     1.38268   0.0124837
          96     1.61786     1.38513   0.0125935
          97     1.66746     1.38804   0.0127984
          98     1.32934     1.38744   0.0126813
          99     1.48871     1.38847   0.0125941
         100     1.36255     1.38821   0.0124702
