           0           0           0
   0.0256496           0           0
   0.0512993           0           0
   0.0769489           0           0
    0.102599           0           0
    0.128248           0           0
    0.153898           0           0
    0.179547           0           0
    0.205197           0           0
    0.230847           0           0
    0.256496           0           0
    0.282146           0           0
    0.307796           0           0
    0.333445           0           0
    0.359095           0           0
    0.384745           0           0
    0.410394           0           0
    0.436044           0           0
    0.461694           0           0
    0.487343           0           0
    0.512993           0           0
    0.538642           0           0
    0.564292           0           0
    0.589942           0           0
    0.615591           0           0
    0.641241           0           0
    0.666891           0           0
     0.69254           0           0
     0.71819           0           0
     0.74384           0           0
    0.769489           0           0
    0.795139           0           0
    0.820788           0           0
    0.846438 1.94523e-05 8.06079e-06
    0.872088  0.00127837 6.92398e-05
    0.897737   0.0242912 0.000376103
    0.923387    0.165508  0.00110096
    0.949037    0.562715  0.00237048
    0.974686     1.20141  0.00342373
     1.00034     1.85826  0.00382807
     1.02599     2.33651   0.0038727
     1.05164      2.5497  0.00311062
     1.07728     2.54533  0.00318354
     1.10293       2.404  0.00340571
     1.12858     2.19991   0.0028338
     1.15423     1.96969  0.00320171
     1.17988     1.75913  0.00282529
     1.20553     1.55658   0.0030485
     1.23118     1.39169  0.00261724
     1.25683     1.24539  0.00229566
     1.28248     1.12522  0.00232274
     1.30813      1.0261   0.0020311
     1.33378    0.942415  0.00186222
     1.35943    0.873319  0.00166043
     1.38508    0.818598  0.00159332
     1.41073    0.773022  0.00150911
     1.43638    0.738134  0.00143461
     1.46203    0.712843  0.00166755
     1.48768    0.693114  0.00166752
     1.51333    0.678985  0.00166953
     1.53898    0.672663  0.00144421
     1.56463    0.671765  0.00171274
     1.59028    0.677489  0.00161034
     1.61593    0.687326  0.00153011
     1.64158    0.703363  0.00139468
     1.66723    0.725669  0.00167214
     1.69288    0.750088  0.00159763
     1.71853    0.780013  0.00138129
     1.74418    0.815685  0.00154913
     1.76983    0.853627  0.00150918
     1.79547    0.891231  0.00142062
     1.82112    0.932893  0.00157325
     1.84677    0.974349  0.00148716
     1.87242     1.01618  0.00153611
     1.89807     1.05531  0.00149215
     1.92372     1.09409  0.00140349
     1.94937     1.12912    0.001344
     1.97502     1.16037  0.00131111
     2.00067     1.18604  0.00122375
     2.02632     1.20316  0.00141879
     2.05197      1.2134  0.00124256
     2.07762     1.21287  0.00141807
     2.10327      1.2102  0.00152303
     2.12892     1.19456  0.00145212
     2.15457     1.17392  0.00149688
     2.18022     1.14985  0.00138162
     2.20587     1.12538  0.00146716
     2.23152     1.09638   0.0014689
     2.25717     1.06819   0.0013385
     2.28282     1.03914  0.00125311
     2.30847      1.0139  0.00124341
     2.33412    0.990068    0.001298
     2.35977    0.967479  0.00125733
     2.38542    0.947986   0.0011423
     2.41107    0.931771   0.0011125
     2.43672    0.919405  0.00126475
     2.46237    0.910248  0.00122048
     2.48802    0.895634  0.00125859
     2.51366    0.885382  0.00117966
     2.53931    0.885656   0.0012132
