           1    -5.47762    -5.47762           0
           2    -5.51688    -5.49725   0.0196268
           3    -5.48379    -5.49276   0.0121878
           4    -5.46842    -5.48668   0.0105502
           5    -5.47811    -5.48496  0.00834987
           6    -5.49235    -5.48619  0.00692795
           7    -5.48038    -5.48536  0.00591384
           8    -5.45405    -5.48145  0.00644612
           9    -5.45937      -5.479  0.00619172
          10    -5.47318    -5.47842  0.00556845
          11    -5.45931    -5.47668  0.00532799
          12    -5.41515    -5.47155  0.00706743
          13    -5.43604    -5.46882   0.0070517
          14      -5.458    -5.46805  0.00657421
          15    -5.46088    -5.46757  0.00613889
          16    -5.48025    -5.46836  0.00579687
          17    -5.43928    -5.46665   0.0057076
          18    -5.48306    -5.46756   0.0054579
          19    -5.49278    -5.46889  0.00533051
          20    -5.46862    -5.46888  0.00505699
          21    -5.44773    -5.46787  0.00491442
          22    -5.46686    -5.46782  0.00468594
          23    -5.47169    -5.46799  0.00448074
          24    -5.43566    -5.46664  0.00449654
          25    -5.45551     -5.4662  0.00433585
          26    -5.50517     -5.4677  0.00442717
          27    -5.48196    -5.46823  0.00429269
          28     -5.4575    -5.46784  0.00415424
          29    -5.47036    -5.46793  0.00400937
          30    -5.45152    -5.46738  0.00391188
          31    -5.44969    -5.46681  0.00382637
          32    -5.44382    -5.46609   0.0037739
          33    -5.41729    -5.46461  0.00394536
          34    -5.50476    -5.46579  0.00400551
          35    -5.44288    -5.46514  0.00394412
          36    -5.46275    -5.46507  0.00383357
          37    -5.46869    -5.46517   0.0037298
          38    -5.43691    -5.46443  0.00370571
          39    -5.50346    -5.46543  0.00374561
          40     -5.4489    -5.46502  0.00367408
          41    -5.45308    -5.46472  0.00359515
          42    -5.41963    -5.46365  0.00366913
          43    -5.45369    -5.46342  0.00359027
          44    -5.49663    -5.46417    0.003588
          45    -5.42883    -5.46339   0.0035942
          46    -5.47062    -5.46355  0.00351871
          47     -5.4105    -5.46242  0.00362326
          48    -5.45892    -5.46234  0.00354772
          49    -5.44248    -5.46194  0.00349813
          50    -5.50829    -5.46287   0.0035506
          51    -5.45011    -5.46262  0.00348926
          52    -5.46087    -5.46258  0.00342166
          53    -5.48961    -5.46309    0.003395
          54     -5.4349    -5.46257   0.0033722
          55    -5.48996    -5.46307  0.00334757
          56    -5.45804    -5.46298  0.00328848
          57    -5.46261    -5.46297  0.00323028
          58    -5.47153    -5.46312  0.00317752
          59    -5.43431    -5.46263  0.00316113
          60    -5.49736    -5.46321  0.00316143
          61    -5.45813    -5.46313  0.00311028
          62    -5.46545    -5.46316  0.00305993
          63    -5.46862    -5.46325  0.00301222
          64    -5.52096    -5.46415  0.00309888
          65     -5.4644    -5.46416  0.00305083
          66    -5.46764    -5.46421  0.00300472
          67    -5.48413    -5.46451  0.00297443
          68    -5.47903    -5.46472  0.00293814
          69    -5.48207    -5.46497  0.00290615
          70    -5.44022    -5.46462  0.00288608
          71    -5.45131    -5.46443   0.0028513
          72    -5.44453    -5.46415  0.00282498
          73    -5.48764    -5.46448  0.00280453
          74    -5.48858     -5.4648  0.00278548
          75    -5.47139    -5.46489   0.0027495
          76    -5.44711    -5.46466  0.00272315
          77    -5.46394    -5.46465  0.00268756
          78    -5.47906    -5.46483  0.00265931
          79     -5.4245    -5.46432  0.00267461
          80     -5.5174    -5.46498  0.00272305
          81    -5.46551    -5.46499  0.00268923
          82    -5.51846    -5.46564  0.00273509
          83    -5.49551      -5.466  0.00272579
          84    -5.44759    -5.46578  0.00270205
          85    -5.46728     -5.4658  0.00267013
          86    -5.47152    -5.46587  0.00263974
          87    -5.45546    -5.46575  0.00261196
          88    -5.47947     -5.4659  0.00258681
          89     -5.4629    -5.46587  0.00255781
          90    -5.48613    -5.46609  0.00253922
          91    -5.47666    -5.46621  0.00251385
          92    -5.44868    -5.46602  0.00249367
          93    -5.48266     -5.4662  0.00247319
          94    -5.44772      -5.466  0.00245462
          95    -5.42047    -5.46552  0.00247549
          96    -5.43212    -5.46518  0.00247416
          97      -5.408    -5.46459  0.00251847
          98    -5.47127    -5.46465  0.00249357
          99    -5.44621    -5.46447  0.00247528
         100     -5.4606    -5.46443  0.00245071
