0
0.00396489
0.00255807
0.00182662
0.00155498
0.00146414
0.00130567
0.001254
0.00181451
0.00162457
0.00152135
0.00140825
0.00154808
0.00143628
0.00138899
0.00130105
0.00122759
0.00116364
0.00116264
0.0012066
0.00120366
0.00130203
0.00125753
0.00120758
0.00131162
0.00126042
0.00121774
0.00121626
0.00117357
0.00115676
0.00112323
0.0011149
0.00114789
0.00112487
0.00111955
0.00110411
0.00108852
0.00109034
0.00106377
0.00105693
0.00103723
0.00103158
0.001017
0.000998724
0.000982966
0.00101228
0.000990504
0.000973543
0.000955634
0.000945152
0.000929233
0.000953864
0.00093782
0.000949031
0.000948808
0.000934233
0.000955116
0.000947783
0.000957192
0.000942007
0.000927437
0.000918377
0.000903823
0.000890811
0.000896653
0.000886654
0.000873322
0.000861074
0.000863891
0.000854236
0.0008497
0.000837949
0.00082767
0.000819481
0.000808482
0.000797782
0.000794023
0.000790151
0.000782163
0.000772357
0.000762821
0.000767176
0.000757878
0.000749091
0.000741222
0.000749209
0.000755897
0.000752508
0.000749849
0.000744889
0.000738672
0.000733929
0.000726005
0.000721216
0.000716519
0.000713379
0.000706797
0.000700768
0.000700207
0.000694429
0.000694922
0.000694578
0.000694281
0.000687573
0.000681151
0.000675788
0.000669891
0.000664415
0.000659108
0.000653338
0.000647778
0.000645834
0.000641524
0.000640591
0.000640352
0.000635544
0.000630166
0.000633298
0.000631145
0.00062622
0.000625937
0.000624643
0.000619838
0.00061496
0.000610062
0.000605809
0.000601359
0.000599414
0.000594858
0.000592746
0.000602158
0.000599086
0.000594675
0.000591199
0.000590405
0.000586333
0.000582858
0.000578774
0.00057785
0.000576969
0.000573427
0.000571596
0.000576414
0.000578805
0.000578943
0.00057611
0.000572723
0.000578202
0.00057506
0.000571224
0.000567547
0.000564285
0.00056163
0.00055934
0.000557545
0.000554725
0.000551324
0.000547841
0.000544399
0.000542726
0.000539496
0.000536165
0.000533005
0.000530248
0.000527177
0.000524085
0.000520938
0.000519982
0.000519774
0.000519016
0.000516301
0.000513392
0.000510481
0.000507889
0.000505497
0.00050478
0.000503022
0.000500227
0.000497426
0.000494663
0.000496588
0.000493889
0.000493954
0.00049138
0.000489124
0.000486518
0.000485185
0.000483043
0.00048067
0.000478221
0.000479591
0.000477215
0.00047563
0.000473742
0.000474639
0.000474943
0.000472882
0.00047287
0.000470615
0.000468801
0.000466513
0.000464335
0.000462556
0.000460915
0.00045913
0.000457027
0.000455104
0.000454883
0.000453067
0.000451579
0.000449831
0.000447718
0.00044602
0.000443937
0.000442516
0.000442217
0.000440806
0.000442907
0.00044192
0.000440749
0.000442352
0.000440623
0.000438643
0.000436814
0.000436202
0.000434644
0.000433289
0.00043165
0.000430203
0.000428445
0.000426586
0.00042654
0.000425622
0.00042995
0.000428135
0.000427805
0.000426581
0.000426436
0.000424674
0.000423098
0.000421691
0.000419945
0.000419313
0.000417749
0.000416265
0.000415248
0.000413608
0.00041596
0.000418722
0.000420057
0.000421832
0.000420209
0.000418659
0.000419366
0.000417735
0.0004161
0.000417096
0.000421815
0.000420919
0.000419406
0.000417863
0.000416507
0.000415094
0.000413796
0.000413785
0.000412228
0.00041083
0.00040946
0.000407968
0.000407033
0.000405531
0.000404711
0.000403365
0.000403557
0.000402264
0.000401038
0.000399778
0.000399599
0.000398165
0.000400031
0.000401097
0.00040041
0.0003992
0.000399366
0.000398237
0.000396867
0.000395969
0.000394742
0.000394028
0.000392667
0.000391316
0.000390001
0.000391047
0.000389818
0.00039321
0.000391894
0.000390909
0.000389844
0.000388715
0.000388019
0.000386761
0.000385809
0.000385699
0.000384509
0.000383452
0.000382221
0.00038109
0.000381866
0.000380713
0.000379671
0.0003785
0.000378391
0.00037741
0.000377181
0.00037758
0.000376512
0.00037533
0.000376339
0.000376292
0.000375393
0.000374266
0.000373854
0.000372912
0.000371824
0.000371151
0.000370584
0.00037056
0.000370338
0.000369253
0.000369124
0.000368016
0.000366931
0.000366149
0.000365162
0.000365176
0.000364553
0.000363587
0.000363156
0.000362811
0.000362392
0.000361828
0.000360999
0.000360296
0.000359635
0.000358669
0.000357771
0.000356741
0.000355715
0.000356152
0.000357821
0.000357948
0.000356943
0.000357279
0.000356289
0.000355364
0.00035506
0.000355029
0.000354863
0.000354367
0.000353435
0.000352508
0.00035194
0.000350991
0.000350193
0.000349659
0.000348732
0.00034782
0.000347077
0.000346187
0.000345786
0.000346281
0.000347101
0.000347495
0.000346763
0.000346667
0.000345753
0.000346848
0.000346382
0.000345507
0.000344844
0.000343948
0.000343471
0.000342596
0.000341803
0.000341048
0.000341612
0.000340749
0.000341249
0.000340405
0.000340151
0.000339724
0.000338888
0.000338153
0.000337377
0.000336598
0.00033575
0.000335036
0.000334196
0.00033353
0.000333648
0.000333456
0.000332705
0.000332625
0.000332009
0.000331626
0.000331328
0.000330949
0.00033031
0.00032975
0.000329076
0.000328326
0.000327624
0.000326845
0.000326537
0.000326263
0.000325493
0.000324876
0.000324134
0.000323834
0.000323222
0.0003235
0.000324641
0.000324521
0.000323778
0.000323096
0.000322744
0.00032221
0.000321807
0.00032107
0.000320909
0.00032031
0.000319682
0.000318994
0.000319171
0.00031883
0.000318397
0.0003179
0.000317465
0.000316751
0.000316174
0.000315497
0.000315289
0.000314588
0.000313911
0.000314138
0.000316829
0.00031687
0.000316234
0.000315955
0.000316244
0.000315617
0.000316164
0.000315822
0.000315184
0.000314491
0.000313903
0.000313563
0.000312994
0.000312433
0.000311764
0.000313279
0.000312907
0.000312527
0.00031193
0.000311903
0.000312795
0.000312664
0.000311999
0.000311821
0.000312036
0.000311631
0.000311429
0.000310813
0.000310333
0.000309785
0.000309134
0.000308534
0.000307898
0.000307308
0.000306668
0.000307007
0.000306647
0.000306367
0.000306138
0.000305756
0.00030513
0.000304554
0.000304057
0.000303611
0.000303547
0.000302945
0.000302334
0.000301962
0.000301373
0.000301716
0.000301108
0.000300758
0.000300159
0.00029973
0.0002996
0.000300179
0.000299658
0.000299106
0.000298715
0.000298592
0.000298002
0.000297462
0.000297002
0.000296418
0.000295919
0.000295341
0.000294781
0.000294934
0.000294515
0.000294019
0.000293687
0.000293556
0.000293124
0.000292562
0.000292434
0.000292407
0.000291905
0.000291346
0.00029087
0.0002904
0.00028986
0.000289819
0.000289488
0.000289385
0.000289137
0.000288639
0.000288136
0.000287864
0.000287416
0.000286902
0.000286528
0.000286401
0.000286309
0.000285903
0.000286665
0.000286148
0.000285621
0.000285529
0.000285273
0.000284975
0.00028457
0.000284251
0.000283783
0.00028369
0.000283278
0.000283202
0.000282882
0.000283408
0.000283071
0.000282563
0.000282104
0.0002817
0.00028134
0.000281021
0.000280526
0.00028012
0.000279635
0.000279338
0.000279007
0.000279036
0.000278606
0.000278118
0.000277704
0.00027734
0.000276853
0.000276431
0.000276047
0.00027559
0.000275152
0.00027515
0.000275939
0.000275613
0.000275573
0.000275305
0.00027483
0.00027464
0.00027456
0.00027409
0.000273643
0.00027326
0.000272864
0.00027254
0.000272117
0.000272138
0.000271708
0.000271384
0.000271455
0.000271064
0.000270797
0.000270784
0.00027033
0.000270079
0.00026996
0.000269677
0.000269747
0.000269323
0.000268911
0.000268646
0.000268272
0.000267949
0.000268152
0.000268437
0.000268139
0.000267702
0.000267263
0.000267072
0.000266898
0.000267886
0.000267536
0.000267156
0.000266733
0.000266434
0.000267606
0.000267254
0.000267372
0.000266958
0.000266767
0.000266648
0.000266369
0.000265952
0.000265936
0.000265668
0.000265424
0.000265188
0.000264804
0.000265616
0.000265203
0.000265054
0.00026469
0.000264283
0.000263887
0.000263604
0.000263482
0.000263704
0.000263293
0.000262892
0.000262716
0.000262508
0.000262101
0.00026174
0.00026179
0.000261493
0.000261598
0.000261244
0.000260906
0.000260536
0.000260222
0.000260333
0.000260062
0.000259665
0.000259432
0.000259051
0.00025871
0.000258479
0.000258129
0.000257761
0.000257817
0.000257457
0.000257076
0.000257119
0.000256904
0.00025652
0.000256176
0.000256001
0.000255621
0.00025524
0.000254952
0.000254746
0.000255456
0.000255131
0.000254774
0.000254566
0.000254246
0.000254101
0.000253883
0.00025356
0.000253712
0.000253344
0.000253156
0.000253308
0.000253423
0.000253135
0.000252852
0.000252485
0.000252224
0.000251961
0.000251641
0.00025153
0.000251187
0.0002509
0.000250587
0.00025106
0.000250716
0.000250361
0.000250003
0.000249678
0.000249463
0.000249176
0.000248895
0.000248587
0.000248452
0.000248245
0.000247919
0.000247572
0.000247663
0.000247315
0.000247441
0.000247101
0.000246864
0.000246556
0.000246212
0.000245869
0.000247324
0.000248379
0.000248311
0.000247967
0.00024788
0.000247577
0.000247563
0.000247776
0.000247452
0.000247403
0.000247064
0.000246917
0.000246636
0.000246582
0.000246855
0.00024653
0.000246724
0.000246388
0.000246561
0.000246336
0.000246003
0.000246027
0.0002457
0.000245377
0.000245119
0.000245473
0.000245368
0.000245259
0.000245063
0.000245262
0.000244934
0.000244937
0.000244665
0.000244922
0.000244771
0.000244565
0.000244409
0.000244093
0.0002439
0.000243831
0.000243521
0.000243212
0.00024301
0.000242995
0.000242723
0.000242408
0.000242093
0.000241983
0.000241696
0.000241384
0.000241208
0.000241305
0.000241057
0.000240755
0.000240732
0.000240422
0.000240189
0.000240025
0.000239767
0.000239672
0.000239365
0.0002392
0.000238994
0.000238727
0.000238639
0.000238654
0.000238362
0.000238061
0.00023807
0.000237936
0.000237948
0.000237653
0.000237372
0.000237072
0.000237017
0.000236721
0.000236871
0.000236861
0.000236872
0.000236687
0.000236416
0.000237122
0.000236827
0.000236541
0.000236287
0.000236213
0.000235967
0.000235674
0.000235383
0.000235184
0.000234894
0.00023474
0.000235182
0.000234892
0.00023476
0.000234679
0.000234425
0.000234152
0.000234011
0.000233943
0.000234181
0.00023392
0.000233882
0.000233715
0.000233436
0.00023335
0.000233428
0.00023361
0.000234113
0.000233924
0.000233643
0.000233435
0.000233308
0.00023306
0.000232871
0.000232597
0.000232455
0.000232216
0.000231963
0.000231965
0.000231698
0.000231424
0.000231167
0.000230903
0.00023068
0.00023043
0.000230244
0.000230195
0.000229925
0.00022966
0.000229422
0.00022934
0.000229101
0.000228832
0.000228565
0.000228415
0.000228401
0.000228683
0.000228565
0.000228323
0.000228127
0.000228185
0.00022792
0.000227664
0.000227462
0.000227307
0.000227189
0.000227207
0.000227
0.000226898
0.000226691
0.000227536
0.000227654
0.000227393
0.000227138
0.00022719
0.00022693
0.000226684
0.000226478
0.000226268
0.00022601
0.00022589
0.000225789
0.000225609
0.000225469
0.000225218
0.000225074
0.000224824
0.000224878
0.000225318
0.000225066
0.000224868
0.000224616
0.000224366
0.000224124
0.000223873
0.000223626
0.000223439
0.000223226
0.000222996
0.000223416
0.000223182
0.000223186
0.000223019
0.000222844
0.000222693
0.000222472
0.000222229
0.000222139
0.000221896
0.000221662
0.000221625
0.000221415
0.00022154
0.000221299
0.000221254
0.000221028
0.000220795
0.000220663
0.000222131
0.00022189
0.00022212
0.000221881
0.000222015
0.000221774
0.000221547
0.000221378
0.000221204
0.000221081
0.000221193
0.000220985
0.000220767
0.000220589
0.000220381
0.00022015
0.000219959
0.000219732
0.000219543
0.000219313
0.00021908
0.000219262
0.000219153
0.000219
0.0002188
0.000218582
0.000218399
0.000218178
0.000218045
0.000217825
0.000217633
0.000217451
0.000217223
0.000216995
0.000216775
0.000216747
0.000217017
0.000216834
0.000216611
0.000216664
0.000216476
0.0002164
0.000216174
0.000216184
0.000215976
0.000215796
0.000215595
0.000215383
0.000215469
0.000215319
0.000215175
0.000215309
0.000215438
0.000215265
0.000215062
0.000214842
0.000214724
0.000214576
0.000214381
0.000214227
0.000214069
0.000213908
0.000213874
0.000213795
0.000213765
0.000213551
0.000213348
0.000213178
0.000212963
0.000212959
0.000212759
0.000212577
0.000212663
0.000212855
0.000212681
0.000212574
0.000212597
0.000212683
0.000212522
0.000212309
0.000212152
0.000211942
0.000211771
0.000211565
