0
0.000385537
0.000768672
0.00428386
0.00421741
0.00393174
0.00552223
0.00478585
0.00457417
0.00583625
0.00551533
0.00504486
0.0046971
0.00437236
0.00407045
0.00503072
0.00473967
0.00446982
0.00430442
0.00410769
0.00392226
0.00375387
0.00374148
0.00367376
0.00352735
0.0036705
0.00354094
0.00342007
0.00330111
0.00319388
0.00313501
0.00303799
0.00294464
0.00285672
0.00292766
0.00284658
0.00277041
0.0027085
0.00264912
0.00258603
0.00257578
0.00255024
0.00250837
0.00245243
0.00242659
0.0023765
0.00232557
0.0022987
0.00225827
0.00230693
0.00226128
0.00222102
0.00218933
0.00215743
0.00212299
0.00208508
0.00213069
0.00215154
0.00211694
0.00208152
0.00205444
0.00206759
0.00203679
0.00200571
0.00197598
0.00194905
0.00193138
0.00197136
0.00195067
0.00192337
0.00189609
0.00200079
0.0019767
0.00194995
0.00192404
0.00191125
0.00188785
0.00187734
0.00185347
0.00185383
0.0018363
0.0018775
0.0018552
0.001856
0.00184924
0.00182792
0.00181903
0.00180181
0.00178327
0.00176383
0.00175122
0.00174807
0.00173182
0.00171448
0.00170479
0.00168694
0.00169145
0.0017016
0.00171881
0.00170316
0.00169088
0.0016764
0.00166975
0.00166339
0.00164752
0.00165425
0.00163956
0.00163522
0.00162018
0.00161844
0.00160466
0.00159239
0.00157938
0.00158523
0.0015727
0.00162216
0.00160957
0.00159588
0.0015876
0.00157564
0.00156258
0.0015527
0.00154123
0.0015488
0.00154312
0.00153102
0.00152111
0.00151885
0.00152176
0.00151809
0.00150838
0.00149732
0.0014873
0.00148148
0.00147177
0.00146782
0.00147256
0.00146307
0.00145663
0.00144619
0.00143738
0.00143736
0.00142831
0.00142061
0.00141088
0.00140242
0.00139406
0.00139059
0.00138125
0.00137251
0.00137558
0.00137142
0.00136282
0.00135947
0.0013544
0.00135204
0.00134343
0.00133518
0.0013269
0.00131881
0.00132029
0.00131548
0.0013101
0.00130952
0.00130156
0.00130119
0.0012934
0.00128648
0.0012848
0.00128886
0.00128538
0.00127816
0.001273
0.00127001
0.00126279
0.0012566
0.0012505
0.00124696
0.00124074
0.00123432
0.0012299
0.00122403
0.001218
0.00121204
0.0012076
0.00120312
0.00120352
0.00120052
0.00119421
0.00119007
0.00118488
0.00117975
0.00117374
0.00117017
0.00116416
0.00115821
0.00116002
0.0011543
0.00115099
0.00114631
0.00114561
0.00114017
0.00113805
0.00113603
0.00113228
0.00112998
0.00113231
0.00112696
0.00112156
0.0011168
0.0011132
0.00111155
0.00110674
0.00110827
0.00110416
0.00109933
0.00109563
0.00109691
0.00109194
0.00108943
0.00109494
0.0010904
0.0010855
0.00108266
0.00107793
0.00107526
0.00107066
0.00106659
0.00106587
0.00107253
0.00106927
0.00106511
0.00106057
0.00105617
0.00105183
0.00104742
0.00104756
0.0010473
0.00104331
0.00104706
0.00104275
0.00104203
0.00104102
0.00103714
0.00103387
0.00103738
0.0010332
0.0010305
0.00102635
0.00102264
0.00102159
0.00101861
0.00101488
0.00101256
0.00100863
0.00101195
0.00100903
0.00100517
0.00100143
0.000998012
0.000998235
0.000994422
0.000990944
0.000988881
0.000986205
0.000983197
0.000989038
0.000990979
0.000987302
0.000983882
0.000982673
0.000979219
0.000982233
0.000978722
0.000980865
0.000987366
0.000984577
0.000981964
0.000978515
0.000975555
0.000972798
0.0009738
0.00097172
0.000968454
0.000969139
0.000967223
0.000965622
0.000962431
0.000961485
0.00095901
0.00095571
0.000952798
0.000952343
0.000950354
0.000950613
0.000947711
0.000946835
0.000953082
0.000950465
0.000947434
0.000947225
0.000944996
0.000942226
0.000939133
0.000937937
0.00093498
0.000932006
0.000929139
0.000926447
0.000923652
0.000922369
0.00092734
0.000928574
0.000926495
0.000934445
0.000932312
0.0009294
0.000928655
0.00092759
0.000924979
0.000922467
0.000920594
0.000919944
0.000917461
0.000920997
0.000918192
0.00091652
0.000915015
0.000912749
0.000911067
0.000908511
0.000907466
0.000904882
0.000902169
0.00089948
0.000896824
0.000894331
0.000891721
0.000890978
0.000888984
0.000886526
0.000883941
0.000882009
0.000880161
0.000879594
0.000878021
0.000877775
0.000875727
0.000874154
0.000873656
0.000872084
0.000871809
0.000870073
0.000867675
0.000865323
0.000862902
0.000860497
0.000859462
0.000857237
0.000855748
0.000853505
0.000851277
0.000849345
0.000848158
0.000846213
0.000843912
0.000842761
0.000840522
0.000840356
0.000842553
0.000842027
0.00083983
0.000838543
0.000838159
0.000835921
0.000834317
0.000833095
0.000832342
0.00083387
0.00083168
0.000829658
0.000830812
0.000831665
0.000829498
0.000827341
0.000826175
0.000824065
0.000824601
0.000823291
0.000821259
0.000820453
0.000819094
0.000817007
0.000816219
0.000815621
0.000813814
0.000812936
0.000811659
0.000810479
0.000808813
0.000808496
0.000806524
0.000804606
0.000802687
0.000800995
0.000799335
0.000798029
0.000796118
0.000794272
0.000792936
0.000791415
0.000794537
0.000793441
0.000792786
0.000791005
0.000789252
0.000787674
0.00078588
0.00078459
0.000782796
0.000781062
0.000779556
0.000777714
0.000775956
0.000774343
0.000773822
0.000772008
0.000771041
0.000769684
0.000768041
0.00076752
0.000766571
0.000765127
0.000763384
0.000762707
0.000762237
0.000760689
0.000759822
0.000758125
0.000760239
0.000760434
0.000759002
0.000758525
0.000756966
0.00075543
0.000753996
0.000752516
0.000750835
0.000750482
0.000749969
0.000748655
0.000746997
0.000745372
0.000744065
0.000743127
0.000742293
0.000746567
0.000746036
0.0007452
0.000743816
0.000744422
0.000743039
0.000741533
0.000739947
0.000738354
0.000736886
0.000735445
0.000734087
0.000738411
0.000737126
0.000735909
0.000734349
0.000733301
0.000735209
0.000734007
0.000733454
0.000732177
0.000732344
0.000731019
0.000729642
0.000729506
0.000729656
0.000728564
0.000727061
0.000725647
0.000724246
0.000724426
0.00072335
0.00072187
0.000720658
0.000719385
0.000718784
0.000718394
0.000717222
0.000716371
0.000714927
0.000713489
0.000712134
0.000710705
0.000710178
0.000710234
0.000709996
0.000712733
0.000711742
0.000710812
0.000709552
0.000708199
0.000707135
0.000706293
0.000704929
0.000703648
0.000702796
0.000701893
0.000700888
0.000699677
0.000701712
0.000700356
0.000699722
0.000698739
0.000697446
0.000696125
0.000695442
0.000694597
0.000693293
0.000692477
0.00069137
0.000690796
0.000689829
0.000688526
0.000687308
0.000686598
0.000685366
0.000684475
0.000683608
0.000682492
0.000681468
0.000680376
0.000679271
0.000679134
0.000680045
0.000678792
0.000677635
0.00067639
0.000675155
0.000676178
0.000675108
0.000673875
0.000672913
0.000672441
0.000671349
0.00067037
0.000669329
0.000668615
0.000668206
0.000667382
0.000666936
0.000665884
0.000664741
0.000664126
0.000663079
0.000661909
0.000661786
0.000660669
0.000659576
0.00065844
0.000659
0.000657975
0.00065719
0.000656904
0.000655765
0.000655116
0.000654675
0.000653648
0.000652563
0.000651622
0.000650531
0.000649487
0.000648644
0.000647609
0.000648994
0.00064881
0.00064821
0.0006471
0.000646293
0.000645592
0.00064449
0.000643503
0.000642461
0.000642382
0.000642572
0.000642224
0.000641138
0.000640126
0.000640418
0.000639344
0.000639362
0.00063942
0.000639522
0.000639333
0.000639418
0.000638354
0.000637421
0.000636548
0.000636143
0.000635324
0.000634275
0.000634094
0.000633132
0.000632286
0.000631517
0.000630519
0.000629898
0.000631156
0.000630787
0.000629883
0.00062886
0.000630273
0.000630519
0.000629963
0.000629185
0.000628218
0.000627209
0.000626238
0.000625519
0.000624732
0.000623967
0.000623029
0.000623261
0.00062245
0.000621919
0.000621283
0.000621248
0.000620266
0.00061935
0.000618434
0.000618399
0.000617428
0.000616615
0.000616301
0.000615423
0.000614491
0.000613893
0.000612954
0.000612004
0.000611558
0.000610991
0.000610055
0.000609417
0.000609205
0.000608936
0.000608009
0.000607082
0.000606489
0.000606376
0.000605461
0.000604542
0.000603992
0.000603111
0.000602565
0.000601731
0.00060202
0.000601169
0.000601249
0.000600458
0.000599766
0.000598901
0.000598278
0.000597406
0.000596525
0.000595924
0.000596174
0.000596001
0.000595163
0.000595152
0.000595317
0.000594915
0.000594064
0.00059319
0.000592369
0.000591715
0.000591732
0.000591127
0.000590889
0.00059026
0.000589514
0.000588664
0.00058839
0.000587541
0.000586797
0.000586395
0.000585678
0.000585685
0.00058526
0.000588019
0.000587285
0.000587012
0.000586887
0.000586153
0.000585492
0.000584761
0.000584173
0.00058334
0.000583185
0.00058246
0.000581634
0.000581067
0.000580284
0.000579474
0.000578917
0.000578157
0.000578242
0.000578045
0.000577244
0.000576469
0.000575814
0.00057501
0.000574973
0.000574199
0.000573472
0.000572693
0.000572645
0.000571949
0.000572585
0.000572056
0.000571378
0.000570602
0.000569904
0.000569407
0.000568823
0.000568058
0.000567305
0.000566544
0.000565843
0.000565558
0.000564805
0.000564039
0.0005633
0.000562789
0.000562366
0.000561647
0.000560984
0.000560396
0.000559921
0.000559228
0.000558542
0.000557979
0.000557273
0.00055653
0.000555843
0.000555188
0.000554617
0.000554697
0.000554014
0.000553919
0.000553186
0.00055246
0.000551845
0.00055114
0.000551175
0.00055103
0.00055065
0.000549974
0.000549396
0.000548843
0.000548141
0.000547739
0.000547037
0.00054642
0.000545715
0.000545055
0.000545156
0.000545035
0.00054433
0.000543685
0.000543017
0.000542454
0.000542081
0.000541974
0.000541749
0.00054143
0.000541464
0.00054116
0.000541098
0.000540794
0.000540168
0.000540243
0.000540054
0.000540247
0.000539571
0.000538947
0.000539201
0.000538724
0.000538207
0.000539497
0.000540314
0.000539643
0.000539027
0.000538967
0.000538855
0.000538393
0.000539163
0.000538569
0.00053909
0.000538694
0.000538547
0.000537881
0.000537307
0.000536758
0.00053651
0.000535892
0.000535235
0.000534585
0.000539759
0.000539538
0.000538934
0.000538316
0.000537847
0.000537297
0.000536647
0.00053625
0.000535823
0.000535181
0.00053455
0.000533973
0.000533563
0.000533292
0.000532647
0.000532163
0.000531573
0.000531036
0.000530534
0.000529898
0.000529728
0.000529168
0.000528544
0.000528494
0.000527896
0.000528526
0.000527908
0.000527356
0.000527473
0.000526848
0.000526536
0.000526486
0.00052649
0.000526297
0.000525685
0.000527077
0.000526455
0.000527101
0.000526524
0.000526296
0.000525861
0.00052568
0.000525299
0.000525679
0.000525532
0.000524991
0.00052438
0.000523836
0.000523278
0.000523109
0.000522531
0.000522392
0.00052181
0.00052159
0.00052126
0.000520686
0.00052009
0.000519566
0.000519154
0.000518563
0.000518165
0.000517776
0.000517205
0.000517001
0.000516913
0.000516325
0.000515814
0.000515298
0.000514812
0.000514229
0.00051374
0.000513218
0.000512675
0.000512272
0.000511702
0.000511248
0.000510723
0.000510243
0.000509869
0.0005095
0.000509001
0.000509336
0.000508787
0.000508236
0.000507935
0.000507472
0.000506935
0.000506512
0.00050622
0.000505713
0.000505294
0.000504977
0.000504894
0.000505192
0.000504703
0.000504248
0.00050473
0.000504176
0.000503998
0.000503491
0.000503049
0.000502584
0.000502078
0.00050159
0.000501238
0.000500769
0.000500323
0.000499896
0.00049937
0.000498989
0.000498814
0.000498353
0.0004979
0.00049812
0.000497661
0.000498124
0.000497943
0.000497491
0.000496984
0.000496571
0.000496176
0.000495648
0.000495141
0.000494624
0.00049467
0.000494145
0.000494388
0.000493928
0.000493443
0.000493443
0.000493035
0.000492545
0.00049207
0.000491577
0.000491088
0.000490654
0.000490229
0.000489956
0.000489818
0.000489619
0.000489212
0.00048955
0.000491392
0.000490995
0.00049051
0.00049007
0.000489634
0.00048915
0.000488968
0.000488975
0.000488497
0.000488117
0.000487663
0.000487158
0.000487262
0.00048698
0.000486525
0.000486123
0.000485768
0.000485777
0.000485871
0.000485912
0.000487583
0.000487455
0.00048696
0.000486506
0.000486767
0.000487419
0.000486938
0.000486508
0.000486259
0.000485839
0.000485348
0.000485083
0.00048489
0.00048462
0.000484642
0.000484482
0.000483994
0.000483516
0.000483042
0.000482649
0.000482322
0.000482209
0.000481736
0.000481277
0.000481114
0.000480941
