1.00287
0.998905
1.00005
1.0003
1.00095
1.00022
0.9998
1.00034
1.00178
1.00171
1.00131
1.00108
1.00023
1.00033
0.999951
1.00002
1.00013
1.00026
0.999881
1.00037
1.00073
1.00135
1.00116
1.00126
1.00064
1.00067
1.00056
1.00024
1.00024
1.00047
1.00057
1.00032
1.00071
1.00055
1.0003
1.00049
1.00067
1.00093
1.00099
1.00078
1.0009
1.0007
1.00056
1.00046
1.00034
1.00066
1.00066
1.00057
1.00064
1.00051
1.00058
1.0003
1.00024
1
0.999825
0.999756
0.999491
0.999624
0.999404
0.999362
0.999319
0.999214
0.999198
0.999152
0.999338
0.999419
0.999421
0.999386
0.999224
0.999155
0.999042
0.999057
0.999103
0.999032
0.99903
0.999027
0.999129
0.999229
0.999286
0.999294
0.999284
0.999428
0.99943
0.999451
0.99949
0.999332
0.999484
0.999395
0.999489
0.99956
0.999506
0.999575
0.999579
0.999514
0.999579
0.999657
0.999691
0.999733
0.999828
0.99987
0.999769
0.999864
0.999958
0.999959
0.999945
0.999906
0.999931
0.999899
0.999866
0.999884
0.999906
0.999976
1.00002
0.999941
1.00002
1.00005
1.00004
0.999941
1
1.00003
1.0001
1.00003
1.00005
1.00004
1.00005
1.00007
1.00005
0.999997
1.00001
0.999954
1.00008
1.00004
1.00005
1.00009
1.00015
1.00017
1.0002
1.00021
1.00028
1.00021
1.00019
1.00014
1.00004
0.999952
0.999883
0.999919
0.999894
0.99979
0.999761
0.999764
0.999753
0.999776
0.999742
0.999703
0.999658
0.999628
0.999616
0.999611
0.999615
0.999572
0.999559
0.999556
0.999544
0.999567
0.99958
0.999589
0.99959
0.999637
0.999692
0.999643
0.999661
0.999651
0.999643
0.999662
0.999639
0.999592
0.999626
0.999619
0.999621
0.999618
0.999686
0.99968
0.999627
0.999638
0.999618
0.999613
0.999648
0.999669
0.999655
0.999664
0.999603
0.999592
0.999563
0.999586
0.99953
0.999581
0.999563
0.999515
0.999504
0.999482
0.999475
0.999464
0.999485
0.99951
0.999489
0.9995
0.999484
0.999441
0.999423
0.999448
0.999467
0.999463
0.999482
0.999485
0.999509
0.999548
0.999524
0.999464
0.999434
0.999461
0.999405
0.999389
0.999388
0.999399
0.999433
0.999451
0.999429
0.999414
0.999395
0.999405
0.999404
0.999365
0.999393
0.999466
0.99947
0.999434
0.999456
0.999419
0.999414
0.999401
0.999419
0.999418
0.999449
0.99946
0.999474
0.99945
0.999456
0.999398
0.999459
0.999509
0.999563
0.999557
0.999547
0.999502
0.999499
0.999498
0.999545
0.999618
0.999593
0.999583
0.999591
0.999605
0.999593
0.999578
0.999542
0.999541
0.99953
0.999518
0.999513
0.999535
0.999536
0.999513
0.999502
0.999466
0.999454
0.999467
0.99948
0.999448
0.999449
0.9995
0.999545
0.99952
0.999508
0.999472
0.999487
0.999491
0.999511
0.9995
0.999477
0.999477
0.999477
0.999472
0.999429
0.999438
0.999377
0.999381
0.999364
0.999351
0.999339
0.999317
0.999322
0.999338
0.999368
0.999376
0.999389
0.999393
0.999402
0.999442
0.99945
0.999462
0.999468
0.999497
0.999483
0.999511
0.999545
0.999535
0.999533
0.999574
0.999544
0.999559
0.999565
0.999588
0.999601
0.999594
0.999575
0.999555
0.999526
0.999552
0.999558
0.999531
0.999533
0.999529
0.999513
0.999522
0.999551
0.999569
0.99956
0.999582
0.999559
0.999537
0.999556
0.999543
0.999527
0.999544
0.999536
0.999546
0.999545
0.999545
0.999577
0.999621
0.99965
0.999647
0.999616
0.999612
0.999604
0.999582
0.999556
0.999532
0.999513
0.999519
0.999513
0.99953
0.999526
0.999537
0.999554
0.999558
0.999564
0.999576
0.99957
0.999589
0.999557
0.999523
0.999553
0.999565
0.999541
0.999543
0.999506
0.999524
0.999518
0.999531
0.999529
0.999546
0.99955
0.999558
0.999568
0.999536
0.99954
0.999571
0.999575
0.999555
0.999537
0.999533
0.999542
0.99955
0.999557
0.999558
0.999549
0.99955
0.999539
0.999565
0.999585
0.999592
0.99957
0.999558
0.999541
0.99956
0.999577
0.999588
0.9996
0.999591
0.999597
0.999589
0.999586
0.999604
0.999585
0.999582
0.999572
0.999567
0.999585
0.999574
0.999548
0.999584
0.999604
0.9996
0.999607
0.999624
0.999612
0.999597
0.9996
0.99958
0.99959
0.999599
0.999593
0.999569
0.999553
0.999567
0.999579
0.999592
0.999595
0.999585
0.99958
0.999598
0.999601
0.999596
0.99962
0.999574
0.999552
0.999546
0.999562
0.999587
0.999594
0.999622
0.999607
0.999601
0.9996
0.999609
0.999623
0.999632
0.999641
0.999638
0.999601
0.999587
0.999601
0.999594
0.999614
0.999645
0.999663
0.999665
0.999647
0.999671
0.999684
0.9997
0.999706
0.999695
0.999703
0.999703
0.999708
0.999706
0.999711
0.999712
0.999687
0.999674
0.999689
0.999705
0.999717
0.999716
0.99971
0.999719
0.999729
0.999711
0.999714
0.999712
0.9997
0.999696
0.999672
0.999672
0.99966
0.999658
0.999648
0.999664
0.999691
0.999684
0.999679
0.99969
0.999707
0.999707
0.999702
0.99971
0.999711
0.999704
0.999705
0.999702
0.999723
0.999732
0.999739
0.999751
0.999767
0.999758
0.999759
0.999743
0.999761
0.999767
0.999766
0.999759
0.999752
0.999755
0.999772
0.999761
0.999745
0.999758
0.999763
0.999768
0.999756
0.999763
0.999759
0.99975
0.999734
0.99975
0.999759
0.999786
0.999789
0.999788
0.999804
0.999791
0.99978
0.999772
0.999761
0.999767
0.999751
0.999759
0.999774
0.999785
0.999761
0.999771
0.999772
0.999766
0.999774
0.999765
0.999755
0.999753
0.999746
0.999749
0.999759
0.999769
0.999752
0.999758
0.999759
0.999766
0.999774
0.999774
0.99978
0.999772
0.999776
0.999781
0.999797
0.999771
0.999762
0.999746
0.999735
0.999735
0.999723
0.999737
0.999736
0.999733
0.999726
0.99972
0.999728
0.999724
0.99974
0.999744
0.999753
0.99977
0.999764
0.999774
0.999758
0.999758
0.999747
0.999761
0.999751
0.999768
0.999764
0.999769
0.999759
0.999765
0.999773
0.999754
0.999774
0.999765
0.999767
0.999767
0.999778
0.999767
0.999739
0.999746
0.999751
0.999749
0.999741
0.99977
0.999763
0.99978
0.999777
0.999789
0.999776
0.999785
0.999783
0.999797
0.999807
0.999816
0.999806
0.999811
0.999785
0.999783
0.999795
0.999801
0.999798
0.999795
0.999787
0.999774
0.999756
0.999757
0.999754
0.999766
0.999776
0.999775
0.99977
0.999755
0.999747
0.999731
0.999726
0.99972
0.999724
0.999718
0.999734
0.999742
0.999741
0.99975
0.999748
0.999742
0.999752
0.999756
0.99976
0.999775
0.999771
0.999769
0.999754
0.999764
0.999765
0.99976
0.99975
0.999749
0.999748
0.999755
0.999765
0.999788
0.999783
0.999786
0.999777
0.999772
0.999761
0.999752
0.999747
0.999731
0.999729
0.99972
0.999736
0.999751
0.999758
0.999751
0.999752
0.999744
0.999737
0.999733
0.999721
0.999718
0.999724
0.999729
0.999749
0.999752
0.999754
0.999754
0.999758
0.999766
0.999772
0.999778
0.999773
0.999783
0.999792
0.999795
0.999794
0.999779
0.999779
0.999795
0.999793
0.999785
0.999781
0.999781
0.999781
0.999811
0.999784
0.999796
0.999796
0.999807
0.999802
0.999815
0.999832
0.999829
0.999817
0.999817
0.999827
0.999822
0.999834
0.999851
0.999853
0.999837
0.999838
0.999822
0.999815
0.999814
0.999827
0.999825
0.999823
0.999817
0.999799
0.999789
0.999778
0.99977
0.999786
0.999786
0.999799
0.999794
0.999777
0.999767
0.999775
0.999766
0.999764
0.999772
0.999783
0.999785
0.999783
0.999775
0.999763
0.999768
0.999769
0.999768
0.999778
0.999782
0.999783
0.999775
0.999761
0.999767
0.999764
0.999776
0.999777
0.999771
0.999779
0.999774
0.999784
0.999784
0.999775
0.999782
0.999787
0.999776
0.999789
0.999791
0.999792
0.99978
0.999771
0.999784
0.999785
0.999782
0.999782
0.999771
0.999772
0.999758
0.999746
0.999734
0.999741
0.999745
0.999767
0.999766
0.999768
0.999763
0.999774
0.999778
0.999778
0.999777
0.999784
0.999783
0.999791
0.99981
0.999809
0.999818
0.999828
0.999832
0.999835
0.999826
0.999836
0.999821
0.999824
0.999835
0.999828
0.999829
0.99982
0.999807
0.999821
0.999841
0.999834
0.999835
0.999829
0.999837
0.999841
0.999835
0.999837
0.999845
0.999849
0.999852
0.999864
0.999862
0.999863
0.999866
0.999868
0.999873
0.999876
0.99987
0.99988
0.999881
0.999883
0.999879
0.999869
0.999866
0.999866
0.999865
0.999858
0.999847
0.999831
0.999839
0.999843
0.999848
0.999836
0.999837
0.999834
0.999829
0.999822
0.99983
0.999842
0.999847
0.999855
0.99985
0.999873
0.999859
0.999859
0.99986
0.999848
0.999848
0.99985
0.999855
0.999851
0.999851
0.999843
0.999851
0.999846
0.999838
0.999837
0.999844
0.999842
0.999831
0.999813
0.999812
0.999817
0.999818
0.999819
0.999821
0.999821
0.999822
0.999827
0.999831
0.999828
0.999811
0.999813
0.999824
0.999818
0.999824
0.99983
0.999827
0.999826
0.999817
0.999816
0.999814
0.999824
0.99982
0.999807
0.999806
0.999816
0.999818
0.999816
0.999809
0.999782
0.999781
0.999767
0.999768
0.999781
0.999781
0.999783
0.999789
0.999794
0.999802
0.999814
0.99981
0.999813
0.999808
0.999805
0.999806
0.999802
0.999804
0.999808
0.999807
0.999807
0.999821
0.999813
0.999819
0.999823
0.999821
0.999825
0.999823
0.999817
0.999819
0.999823
0.999827
0.999828
0.999828
0.99983
0.999839
0.999854
0.999858
0.999857
0.999846
0.999841
0.999833
0.999834
0.999844
0.999847
0.999842
0.999839
0.999837
0.999825
0.999831
0.999825
0.999837
0.999825
0.99983
0.999833
0.999832
0.999825
0.999831
0.999834
0.999829
0.999834
0.999839
0.999848
0.999855
0.999864
0.999866
0.999868
0.999864
0.999863
0.999872
0.99987
0.999866
0.999877
0.99989
0.999895
0.999901
0.999891
0.99988
0.999885
0.999884
0.99988
0.999881
0.999877
0.999875
