0.988977
0.988592
0.987856
0.992105
0.994708
0.996606
0.992195
0.992013
0.993776
0.997939
0.999535
0.999217
0.99849
0.998945
0.99894
0.995652
0.996018
0.995913
0.995106
0.995551
0.995894
0.995569
0.996633
0.997448
0.997289
0.998698
0.998951
0.999183
0.999268
0.999441
0.999975
1.0001
1.00013
1.00013
0.999192
0.999103
0.999002
0.998747
0.998988
0.998845
0.998322
0.997892
0.997591
0.997683
0.998059
0.997934
0.997905
0.997587
0.997764
0.997112
0.997124
0.997251
0.997466
0.997269
0.997417
0.997455
0.996868
0.996372
0.996276
0.996302
0.996128
0.995692
0.995596
0.995659
0.995586
0.995473
0.995261
0.995777
0.995954
0.996009
0.996012
0.996725
0.996843
0.996819
0.996788
0.997007
0.99693
0.996703
0.996689
0.996393
0.996535
0.99702
0.997062
0.997353
0.99759
0.997623
0.997413
0.997299
0.99738
0.997339
0.997183
0.997419
0.997324
0.997388
0.997557
0.997555
0.997284
0.997588
0.997246
0.99732
0.997445
0.997531
0.997711
0.997531
0.997518
0.997789
0.997842
0.998031
0.998042
0.997836
0.997784
0.997866
0.997926
0.997677
0.997741
0.998189
0.998254
0.998257
0.998128
0.998193
0.998185
0.998089
0.998028
0.998277
0.998132
0.998108
0.998026
0.997855
0.997644
0.9978
0.997724
0.997689
0.997627
0.997502
0.997564
0.997706
0.997919
0.997859
0.997969
0.997973
0.997908
0.997738
0.997792
0.997872
0.997855
0.997914
0.997972
0.998101
0.998093
0.99813
0.998313
0.998429
0.998396
0.998519
0.998619
0.99875
0.998759
0.998731
0.99875
0.998726
0.998566
0.998472
0.998556
0.998696
0.998698
0.998837
0.998828
0.998873
0.998749
0.998576
0.998679
0.998705
0.998781
0.998886
0.998874
0.998924
0.998975
0.998881
0.998838
0.998803
0.998726
0.998679
0.998719
0.998679
0.99875
0.99882
0.998692
0.998601
0.998613
0.998685
0.998635
0.998585
0.998568
0.998491
0.998495
0.998493
0.99836
0.998378
0.998454
0.998404
0.998512
0.998488
0.998399
0.998308
0.998372
0.998457
0.998325
0.998309
0.998304
0.998268
0.998207
0.998296
0.998327
0.998448
0.998497
0.998471
0.998416
0.998299
0.998289
0.998362
0.998513
0.998543
0.998544
0.998478
0.998491
0.998559
0.998541
0.998578
0.99867
0.998825
0.998771
0.998739
0.998749
0.998766
0.998785
0.998795
0.998893
0.9988
0.998771
0.998641
0.998632
0.998545
0.998628
0.998599
0.998554
0.998428
0.998436
0.998381
0.99838
0.998352
0.998273
0.99832
0.998295
0.998354
0.998363
0.998484
0.99853
0.99854
0.998523
0.998493
0.998403
0.9984
0.998376
0.998318
0.998272
0.998309
0.998172
0.998067
0.998072
0.99805
0.998119
0.998101
0.997987
0.997975
0.997869
0.997729
0.997768
0.997725
0.997713
0.997745
0.997783
0.997876
0.997927
0.99791
0.997821
0.997767
0.997709
0.997691
0.997758
0.997718
0.997717
0.99769
0.997763
0.997714
0.997633
0.997657
0.997591
0.997725
0.997758
0.997742
0.997816
0.997858
0.997832
0.997827
0.997768
0.997782
0.997794
0.997777
0.997801
0.997782
0.997726
0.997847
0.997759
0.997799
0.997942
0.997981
0.997989
0.998052
0.997994
0.998017
0.998043
0.998086
0.99815
0.998175
0.998284
0.99829
0.998245
0.998293
0.998324
0.99828
0.998299
0.998354
0.99837
0.99837
0.998374
0.998367
0.998385
0.998393
0.998451
0.998418
0.998434
0.99843
0.998464
0.998499
0.998558
0.9986
0.998536
0.998507
0.998548
0.998607
0.998567
0.998505
0.998469
0.99848
0.998493
0.998488
0.998483
0.998434
0.998451
0.998491
0.998506
0.998521
0.998494
0.998538
0.998513
0.998518
0.998562
0.998552
0.998493
0.998406
0.998352
0.998341
0.998381
0.998437
0.998437
0.998469
0.998428
0.998379
0.998458
0.998454
0.998438
0.998363
0.998292
0.998291
0.998291
0.998251
0.998244
0.99831
0.998347
0.998335
0.998289
0.998254
0.998254
0.998299
0.99825
0.998271
0.998314
0.99835
0.998387
0.998411
0.998359
0.998351
0.998339
0.99835
0.998371
0.998394
0.998361
0.99837
0.998357
0.998388
0.998363
0.998273
0.99831
0.998354
0.998369
0.998384
0.998362
0.998374
0.998344
0.998333
0.998319
0.998295
0.998297
0.998308
0.998327
0.998372
0.998372
0.998408
0.998382
0.998397
0.998441
0.998477
0.998499
0.998493
0.998534
0.998578
0.998561
0.998524
0.998532
0.998608
0.998554
0.998575
0.998532
0.998516
0.998501
0.99852
0.998503
0.998503
0.998458
0.998417
0.998394
0.998393
0.9984
0.998422
0.99839
0.998424
0.998518
0.998477
0.998512
0.998493
0.99855
0.998569
0.998581
0.998577
0.998576
0.99859
0.998604
0.998622
0.998715
0.998694
0.998717
0.998717
0.998745
0.998816
0.998839
0.998877
0.998857
0.998907
0.998924
0.998939
0.998984
0.999033
0.999058
0.999055
0.999066
0.999078
0.999029
0.999005
0.999006
0.998986
0.998969
0.999005
0.998965
0.998945
0.998916
0.998917
0.998919
0.998909
0.998908
0.998944
0.99899
0.998949
0.999026
0.99905
0.999024
0.999038
0.99903
0.999052
0.99908
0.999085
0.999097
0.999124
0.999099
0.999076
0.999062
0.998993
0.998995
0.999026
0.999049
0.999057
0.999063
0.999032
0.999006
0.999012
0.999039
0.999022
0.999053
0.999075
0.999077
0.999088
0.999116
0.999125
0.999148
0.999172
0.999157
0.999176
0.999191
0.999177
0.999216
0.99927
0.999273
0.999284
0.999286
0.999283
0.999227
0.999212
0.999214
0.999233
0.999201
0.999188
0.99917
0.999155
0.999129
0.999161
0.999139
0.999171
0.999157
0.999165
0.999137
0.999151
0.999155
0.999192
0.999184
0.999173
0.999167
0.999214
0.999201
0.999223
0.999189
0.999185
0.999211
0.999241
0.999229
0.99922
0.999204
0.999212
0.999201
0.99922
0.999231
0.999174
0.999209
0.999183
0.999184
0.999165
0.999142
0.999142
0.999154
0.999146
0.999182
0.999141
0.99911
0.999111
0.999101
0.999143
0.999145
0.999182
0.99922
0.999259
0.999226
0.999187
0.999186
0.999173
0.999189
0.999217
0.9992
0.999199
0.999232
0.999242
0.999258
0.999276
0.999283
0.999306
0.999252
0.999281
0.999294
0.999293
0.999348
0.999388
0.999364
0.999346
0.999354
0.999356
0.999363
0.999382
0.999398
0.999415
0.999407
0.999446
0.999461
0.999437
0.999458
0.999492
0.999493
0.999484
0.999475
0.999441
0.99944
0.999426
0.999455
0.999465
0.999459
0.99948
0.999476
0.999477
0.999502
0.999523
0.999527
0.999546
0.999576
0.999547
0.999551
0.999548
0.999528
0.999559
0.999563
0.999561
0.999539
0.999546
0.999567
0.999557
0.999595
0.999604
0.999638
0.999627
0.999611
0.999617
0.999635
0.99963
0.999626
0.999608
0.999644
0.999615
0.999623
0.999591
0.999555
0.999531
0.999526
0.999527
0.999535
0.999519
0.999487
0.999505
0.999532
0.999549
0.99956
0.999557
0.99953
0.999533
0.999545
0.999568
0.99958
0.999548
0.999526
0.999461
0.99945
0.999424
0.999453
0.999442
0.999456
0.999467
0.999484
0.999484
0.999512
0.999501
0.9995
0.999483
0.99949
0.999486
0.999469
0.999461
0.999493
0.999466
0.999463
0.999457
0.99947
0.99947
0.999441
0.999435
0.999426
0.99943
0.999401
0.999412
0.999371
0.999389
0.999377
0.999381
0.999391
0.999409
0.999424
0.999428
0.999423
0.999427
0.999436
0.999412
0.999408
0.99941
0.999415
0.999432
0.999413
0.999406
0.999395
0.999409
0.999392
0.9994
0.999391
0.999406
0.999399
0.999397
0.999405
0.999395
0.999409
0.999379
0.999371
0.999345
0.999343
0.999341
0.999329
0.999335
0.999364
0.999389
0.999408
0.999415
0.999428
0.999442
0.999437
0.999419
0.999415
0.999405
0.999402
0.99941
0.999439
0.999414
0.999414
0.999406
0.9994
0.999412
0.999431
0.999456
0.999433
0.999453
0.999425
0.999446
0.999472
0.999451
0.999443
0.999472
0.999495
0.999526
0.999523
0.999531
0.999562
0.999547
0.999561
0.999515
0.999475
0.999472
0.99948
0.999505
0.99953
0.999515
0.999476
0.999485
0.999521
0.999538
0.999561
0.999563
0.999553
0.999542
0.999521
0.999514
0.999516
0.999519
0.999598
0.99962
0.999628
0.999621
0.999607
0.999596
0.999599
0.999582
0.999598
0.999594
0.99959
0.999599
0.999614
0.999634
0.999634
0.999647
0.99964
0.999629
0.999617
0.999618
0.999641
0.99965
0.999646
0.999671
0.999665
0.999702
0.999705
0.999696
0.999724
0.999726
0.999708
0.999683
0.999709
0.999688
0.999691
0.999737
0.999737
0.999773
0.99978
0.99976
0.999746
0.999767
0.999783
0.999815
0.999837
0.999829
0.999829
0.99982
0.999828
0.999849
0.999844
0.999822
0.999826
0.999806
0.99979
0.999784
0.999786
0.999777
0.999791
0.999794
0.999779
0.999765
0.99977
0.99975
0.999772
0.999771
0.999762
0.999754
0.999764
0.999765
0.999755
0.999747
0.999741
0.999728
0.99973
0.999719
0.999726
0.999736
0.999722
0.999736
0.999745
0.999775
0.999771
0.999775
0.999791
0.999781
0.999786
0.999798
0.999815
0.999822
0.99981
0.999795
0.999773
0.999743
0.999735
0.999725
0.999693
0.999692
0.999712
0.999705
0.999715
0.999706
0.999699
0.999707
0.999693
0.999702
0.999692
0.999681
0.999677
0.99969
0.999709
0.9997
0.999709
0.999737
0.999746
0.999777
0.999758
0.999749
0.999744
0.999755
0.999743
0.999741
0.999737
0.999733
0.999757
0.999755
0.999728
0.999736
0.99973
0.999707
0.999696
0.999691
0.999684
0.999689
0.999694
0.999685
0.999695
0.99971
0.999691
0.999709
0.999719
0.99969
0.999642
0.999631
0.999626
0.999618
0.999609
0.999614
0.999632
0.99961
0.999604
0.999615
0.999608
0.999609
0.999633
0.999648
0.999654
0.999664
0.999652
0.99963
0.999606
0.999629
0.999675
0.999656
0.999654
0.999661
0.999688
0.999654
0.999658
0.99965
0.999666
0.999674
0.999673
0.999658
0.999641
0.999655
0.999678
0.999695
0.999696
0.9997
0.999696
0.999687
0.999699
0.999718
0.999715
0.99971
0.999727
0.99971
