0.94553
0.953992
0.90786
1.08919
0.988958
0.97079
0.844327
1.20256
1.13668
1.05274
0.957582
0.908478
0.881794
1.12306
1.16996
1.04123
1.03205
0.967102
1.08925
1.13656
1.02763
0.956309
1.09515
0.907908
1.15666
1.01676
0.867715
1.01884
0.871302
0.951381
0.971459
0.969929
0.91608
1.08608
0.976205
1.06549
1.031
0.972746
1.00043
1.03763
1.05214
0.998422
1.0153
0.775357
1.03588
1.00427
0.973827
0.926094
0.858024
0.869768
0.969517
1.2715
0.788665
0.93357
0.968768
0.940526
1.02737
0.991512
0.844978
0.915894
0.932357
1.02956
0.881593
1.25222
1.02738
1.14851
0.923871
1.1244
0.963573
0.940883
1.02138
0.918476
1.20653
1.19405
0.975491
0.847428
0.99685
1.16852
0.75468
1.00312
0.991639
1.18107
1.008
0.978994
0.969237
1.02769
0.904636
0.901455
0.896358
1.11606
1.03229
0.881752
0.974101
1.04037
0.909486
1.07137
0.903391
1.07765
1.10998
1.074
1.07864
0.908062
0.98442
0.962781
1.04445
0.991717
0.910097
1.17747
1.04048
1.0822
0.825474
1.09604
1.06203
0.905348
1.07177
0.87126
0.962453
0.910032
1.09171
0.963236
1.11411
1.00079
1.01471
0.920013
1.12242
1.10415
1.05435
0.94838
0.898238
0.987056
0.839921
0.854405
1.00183
1.04273
1.06048
1.03635
0.883514
0.992505
0.881847
0.939438
0.983594
1.1815
1.19679
1.07667
1.01739
1.14875
0.946321
1.08738
1.10532
1.07291
0.919692
0.955233
1.14712
0.909887
1.0526
0.904436
1.21029
1.14037
0.973521
1.09547
1.07418
1.1033
1.05125
1.10922
1.11975
0.802942
0.827167
0.977587
1.04409
0.916073
0.8829
1.05271
1.14403
0.865167
1.06192
0.761859
1.09716
0.806378
1.11511
0.937162
0.989238
0.980262
1.15887
0.995447
0.881843
0.944738
0.840279
1.16664
0.952395
0.926312
0.933323
0.827873
0.955395
1.10982
0.837081
0.988181
1.02682
0.961568
0.844405
0.847415
0.863551
1.1519
0.816601
1.12319
0.976579
0.857353
0.917597
1.0235
0.894251
0.828989
1.04702
1.05581
1.02815
1.2794
1.1051
0.983944
1.0246
0.965501
0.912484
0.836871
0.92157
0.890414
1.00875
1.00531
1.08167
1.02449
0.821157
1.12132
0.974268
0.986013
0.957953
0.894647
0.94656
1.01528
1.09718
0.897625
1.00883
1.15642
0.986195
0.868716
0.880856
0.988353
1.02921
1.08074
1.14113
0.865808
1.00525
0.799536
0.882287
1.00364
0.968084
0.957847
0.981561
0.875598
1.10023
1.01568
1.03541
0.823288
0.940942
1.12482
0.941267
1.04575
0.807326
0.924903
1.03622
1.08847
0.95525
1.15812
0.834553
0.880682
0.951137
0.99653
1.2257
0.906037
1.01615
0.974423
0.898889
0.866439
0.996955
1.00585
0.908022
1.0835
1.1053
0.994726
0.954749
0.992542
0.971065
0.949021
0.991003
0.967504
1.07799
0.840603
0.882683
0.973613
0.847391
1.07952
0.999378
1.07293
0.979484
1.09481
1.02351
0.97643
1.00647
1.08706
0.911381
0.912691
0.994879
1.02422
0.954397
0.976447
1.12582
1.01157
0.896653
1.06787
0.991686
1.05983
0.933125
1.07167
0.961579
1.11309
1.14326
1.02811
0.826132
1.02085
0.954788
0.937737
0.923142
0.959263
1.00312
0.879591
0.981251
1.06723
0.797999
1.0731
0.811191
1.02913
0.957847
0.93401
0.958007
1.00361
1.07857
0.902068
0.897593
0.913113
0.91154
1.26008
1.14931
0.85852
0.979693
0.988938
0.893929
1.19478
0.931096
1.02348
1.04022
1.12877
0.952617
0.952908
1.07422
0.798087
0.846554
1.01034
1.16565
1.00861
0.998768
1.04963
0.932885
1.09583
1.05111
1.21268
0.895275
1.02307
0.991916
1.03594
1.19044
1.02413
0.895292
1.03828
0.94634
0.983202
0.800342
1.01492
0.867411
0.954965
1.08394
0.941516
1.02742
1.07409
1.0543
0.899969
1.03287
1.0548
0.936569
1.08766
0.879489
0.919119
1.07622
0.89929
1.08915
0.998664
0.971949
1.05752
0.915158
1.02695
0.94074
0.927135
0.990471
0.995366
1.05398
0.976275
1.07343
0.947281
0.879937
0.864081
0.945325
1.10937
1.00976
0.84135
0.956107
0.969355
0.93473
0.972015
0.93013
1.02136
0.975946
0.737593
1.08841
0.83484
1.09201
1.17312
1.02504
0.855121
0.795322
1.17389
0.819267
0.933318
0.812813
0.775238
1.12505
0.925459
1.04593
1.05059
0.951897
1.06249
1.043
0.989754
1.02315
0.982138
1.08255
1.01084
0.956433
0.984584
0.945917
0.889997
0.99034
1.08506
0.936404
1.10645
0.830352
1.12165
0.994193
1.18949
0.882773
0.851479
0.886693
0.925062
0.854725
0.861498
1.05007
1.13843
0.957259
0.876487
0.923734
1.02061
1.0177
0.773965
0.770606
1.07228
1.11216
1.02012
0.957749
0.906963
1.01062
1.14015
1.03148
0.921403
1.04849
1.1283
1.14307
0.934866
0.873631
0.973403
0.907976
0.973833
1.13411
1.00631
1.13189
0.9958
1.07248
0.948218
1.02726
0.931291
0.985966
1.13025
1.03899
1.10576
0.963764
1.09827
1.04037
0.935529
1.07825
1.06107
1.01345
1.14631
0.952581
0.979445
1.04688
1.03702
1.22191
0.892609
1.06251
0.984402
1.00594
0.962401
0.984956
1.00189
0.906178
1.10675
1.01539
0.975947
0.845151
0.844346
0.8172
0.912091
1.03032
1.05458
0.947174
0.996767
0.943118
1.05711
0.999137
0.959931
0.857555
0.883364
0.940211
0.89669
1.19222
0.947555
1.09325
0.948135
0.968771
1.11373
1.10901
1.10589
1.01563
1.16355
0.927801
0.955934
0.899747
0.958942
1.12203
0.818615
0.895166
1.04577
1.04459
0.965609
0.822834
0.905228
1.01755
0.808573
0.84543
0.958719
0.880503
1.00614
0.984837
1.07174
1.16249
0.933487
0.900304
1.28095
1.00796
1.11613
0.949166
0.818577
0.985215
1.0534
0.928493
1.01344
0.992025
0.904165
1.19889
0.885397
1.13642
0.907135
0.878736
0.914308
0.99434
0.920621
0.963251
1.00554
0.941279
1.09325
0.779648
0.937474
0.865521
1.11115
0.913565
1.06665
0.821541
0.963635
1.01656
1.11001
1.03327
0.87942
0.850406
1.0237
1.03562
1.25757
1.06684
0.985065
1.14318
0.867206
0.846043
0.904452
1.0439
1.04336
0.947377
1.04226
0.935193
1.00063
1.00002
0.991389
1.16655
0.997396
0.97334
1.12792
0.919203
1.04277
1.04633
0.888041
1.06173
0.881834
1.18867
1.0188
0.921893
0.943543
0.921551
1.03556
1.09754
1.14592
0.929698
0.854321
0.888817
0.962281
1.23114
0.860419
1.14676
0.897903
0.962787
1.18178
1.02757
0.991136
0.943219
0.93471
1.01091
1.24565
1.05396
1.05958
1.03919
0.982983
0.853853
1.15483
1.035
1.06769
0.784911
1.11712
1.09958
0.98771
0.985768
1.03228
0.972672
1.10919
1.06172
0.924236
0.847306
1.09272
1.14327
0.903698
1.17522
0.97365
1.14163
1.05135
1.18705
0.991555
1.03252
1.14419
1.14472
0.905913
1.01064
1.10693
0.815183
0.985636
0.985449
0.988102
1.0562
1.14628
1.08738
1.17204
1.0901
0.989152
0.907019
1.08915
1.18734
0.933272
0.841514
0.863261
1.06504
1.04574
0.948979
1.0002
0.972239
0.958575
1.08352
1.19069
1.1717
1.1522
1.00411
1.09493
1.1173
0.979723
1.08288
0.964158
0.802816
0.944644
0.874704
1.08796
1.18048
1.12525
1.00257
0.848332
1.03829
1.01892
1.19125
0.996554
0.936592
0.856739
1.08305
1.09432
0.985834
1.00835
0.95703
0.923848
1.0788
1.14116
1.0714
0.955078
1.03546
0.908367
0.971055
0.908685
1.10461
0.912967
1.15889
1.03115
0.994037
0.97226
1.13009
1.03784
1.09105
1.01618
0.784308
1.05791
0.868504
0.940214
1.28743
0.983785
1.01038
0.911409
0.98613
0.94757
1.09882
1.17535
1.25804
0.87721
1.06818
0.986968
1.18
1.11684
1.09884
0.913057
0.861646
1.15445
0.834829
0.905725
0.837558
0.791214
0.920906
1.06645
1.01531
1.0322
0.960345
0.805035
1.02228
0.690589
1.02182
1.08959
0.982347
0.913273
0.784381
1.01833
1.0913
1.02463
0.985222
1.05448
0.929162
1.01764
1.03149
1.00377
1.03915
1.07584
0.95718
1.21666
0.98983
0.840063
0.960838
1.13335
1.00831
0.959274
1.00264
0.837606
1.01896
0.943721
0.863752
0.85148
0.980376
1.09172
1.07264
1.03256
1.14535
1.14463
0.909269
1.14485
1.12599
1.14604
0.954948
0.915493
1.14001
1.19047
0.919411
0.952489
1.07781
0.908681
0.986733
1.02704
1.09204
1.03604
0.937566
1.15215
0.912394
0.978441
1.04113
1.10568
1.0118
0.817644
1.14377
0.990963
0.874483
0.950985
1.03589
0.958069
0.888147
0.932659
0.980815
0.831062
0.982825
0.882739
0.941475
0.857228
0.974823
1.02166
1.01271
1.23399
1.03359
1.05033
0.957781
0.916307
1.18231
0.909661
1.15351
0.874654
0.925266
0.870608
0.854375
1.05669
0.980197
0.926961
0.979618
0.968134
1.29994
1.13395
1.08506
1.15616
0.959457
0.96272
1.01641
1.0068
1.07201
1.06286
0.999305
0.938559
1.00385
0.973364
0.791038
1.0003
1.11821
0.921884
0.992879
1.15311
1.16768
0.976335
1.25931
1.16422
1.18611
0.924645
1.19551
0.913762
1.13738
0.998305
1.05295
0.846963
1.12923
1.13884
0.879494
1.00232
1.00152
0.940789
1.16355
1.00905
1.01177
1.09453
0.985318
0.992184
1.19763
0.983264
1.10019
0.941327
1.085
1.02997
1.12876
0.971914
0.921127
1.03597
1.11773
0.9503
0.879498
0.959201
0.922853
0.964464
1.02171
1.1347
1.13315
1.02265
0.826455
1.00965
1.13849
0.914407
0.993862
0.979865
0.979167
0.861414
1.28987
0.951005
1.11461
1.08152
1.09282
0.836015
0.936438
0.938731
1.00289
1.01369
0.955885
1.06707
1.11145
1.07214
1.02439
0.824251
0.834111
0.93646
0.990494
0.84489
0.975834
1.0936
0.915128
1.01315
1.03949
0.868129
1.01267
0.930549
1.00352
1.07306
1.03718
1.14726
0.867799
0.959055
1.18444
0.868577
1.00261
1.01717
1.00207
0.955676
0.994503
0.93481
1.10631
1.20654
1.09958
0.924621
0.767463
1.15658
1.07403
1.23119
0.940029
1.00854
0.996632
0.990975
0.984939
1.0103
0.973647
0.93225
0.910081
1.05414
1.0718
0.973809
1.05507
1.03465
0.97146
0.849398
0.901602
1.02279
1.13188
1.1895
1.04707
0.981737
1.07149
0.90596
1.18863
0.92237
1.08529
1.13465
0.901475
0.947131
0.910453
0.864978
1.13118
1.11996
0.942224
1.05601
1.06647
1.05311
0.919897
1.04975
0.985147
1.05257
0.968
0.977023
1.00293
1.02216
1.03044
0.95373
0.960136
1.05447
1.12627
0.867765
0.930949
1.14238
1.09213
1.19389
0.800803
0.968327
0.874139
0.938265
1.02545
1.04527
0.954893
1.0137
1.08932
0.934828
1.0465
1.05508
1.03062
0.853668
0.969707
1.0438
1.03513
1.10873
0.892951
0.859847
1.05042
1.02375
1.12013
1.01698
1.01323
1.11411
1.12529
1.04938
0.974346
1.06787
1.03739
1.07799
1.15109
0.917481
1.286
1.03029
1.00262
1.11539
1.15097
0.974934
0.914632
1.15408
0.848072
1.16332
0.987238
1.05209
1.10409
1.00986
0.798204
1.1397
1.00008
0.970262
1.03321
1.13104
0.972304
0.912536
1.08065
1.13091
1.14945
0.960594
0.804216
1.02599
1.03837
0.86608
1.04338
1.04546
0.949104
1.04277
0.928614
1.01034
0.857915
0.958558
0.775173
0.89594
0.904639
1.09107
0.868337
0.968762
0.966915
0.909263
1.01383
0.986784
0.865262
0.990343
0.878495
0.907305
0.921543
0.848752
0.846204
1.05063
0.998356
0.911396
0.992133
0.910027
1.09067
0.803578
0.929041
0.996252
0.907197
1.12488
0.963622
1.01924
0.954474
0.897332
1.08292
0.879645
0.996782
0.934232
1.09741
0.945913
1.10113
0.974446
1.07828
1.01176
0.955264
0.992835
1.09669
0.955161
1.0668
0.960023
0.919224
0.93045
1.02058
0.948519
0.967757
0.899909
0.91032
0.848662
0.951143
1.02066
0.991999
1.02128
0.862914
1.09057
0.897714
0.933145
1.04928
0.725889
0.995965
0.83796
0.874697
1.09573
1.03489
0.904006
0.867166
0.88303
0.993995
1.0561
1.04863
0.811758
1.07881
0.890145
0.922616
1.0008
0.946673
1.03553
0.980928
0.98268
1.14027
0.958119
0.9406
0.897761
1.08102
1.11806
0.972984
0.848317
1.05307
0.84398
0.862891
0.807093
0.954338
1.08447
1.13516
1.05671
0.964992
0.903037
1.13129
0.97679
0.954572
0.992336
0.867063
0.938852
1.01367
1.00061
1.01188
1.20581
1.04375
1.01596
1.04205
0.923597
1.12216
1.03658
1.06639
1.06577
1.04786
1.12082
0.979165
1.03765
1.06844
0.90302
1.0233
0.714453
0.960804
1.06105
0.937787
1.08435
0.891912
0.995278
0.974152
1.05688
1.02133
0.920552
0.854962
1.01631
1.04979
0.944707
1.05117
1.09512
1.01337
0.947979
0.996892
0.982384
1.03439
1.18467
0.947707
1.13721
0.841287
1.14758
0.77479
0.823981
1.04501
0.889758
1.01356
1.08632
0.964291
1.11421
0.891249
0.930226
0.95356
0.965007
1.0059
0.963892
0.975517
1.04
1.11251
0.941086
1.15454
1.14834
0.962698
0.91201
0.840801
1.00916
0.953869
1.0617
1.00681
0.925641
1.0528
1.06179
0.979797
0.859817
0.943984
0.957916
0.966289
1.05419
0.887153
1.02874
1.17559
1.02849
1.1375
0.97193
0.801603
0.951148
0.889733
1.10694
0.937518
0.896853
1.15371
0.996535
1.14558
1.02655
0.966391
0.979429
1.06042
1.05192
0.946087
1.15324
1.27642
0.994933
1.13176
0.897329
1.10615
0.954416
0.945629
1.03723
1.14375
1.04735
1.07553
1.12866
0.880519
0.8651
1.11381
1.02055
0.874323
1.05291
1.10199
1.12674
0.947024
0.970247
0.970075
1.02541
0.923994
1.13811
0.949073
0.964604
0.945445
1.08592
1.12419
0.820138
1.10816
0.941544
0.928259
1.10679
1.00198
0.92096
0.958601
1.19198
1.08443
0.956001
0.870408
1.13572
0.916543
0.95494
0.981488
1.06655
1.10401
0.970893
1.08332
0.872626
0.876732
0.827132
1.08005
1.06873
1.16709
1.09521
1.2591
1.13182
1.09078
1.07229
0.842932
1.12902
1.17557
0.93757
0.840988
0.967044
1.22872
0.981824
1.05974
1.05945
0.961654
1.04992
0.983903
1.05919
0.840643
0.893982
0.943135
1.19787
1.02441
0.929893
0.960005
1.06605
1.02877
1.00358
1.0336
1.02138
0.981625
0.816554
1.05066
0.973854
0.879488
0.783391
1.07649
1.07856
0.983026
0.926874
0.942864
0.861248
0.893367
1.11264
1.06011
0.882209
0.870006
0.953766
0.960809
1.04368
1.11379
0.908374
1.03323
0.880375
0.985806
1.07124
1.07495
0.928557
1.0109
0.961643
1.20234
0.893781
0.972957
0.906009
0.977182
1.04169
1.06168
1.16138
1.00079
1.0773
0.780807
1.02183
1.23171
1.16386
1.10403
0.925751
0.962363
1.37286
1.15768
0.862186
1.15454
1.04872
1.01651
0.846475
0.92439
0.993218
1.02125
0.961749
1.0204
1.10402
0.861112
1.00148
1.08367
1.09204
0.968248
1.0269
0.864718
0.954805
1.12613
1.05365
1.09891
1.09618
1.11971
0.98728
1.03266
0.944844
0.966187
0.999626
0.998521
1.10863
0.966705
1.00932
1.01395
0.955722
1.03465
0.975271
1.04423
1.03716
1.17404
1.03348
0.885531
1.15849
1.21655
0.956361
0.866567
0.960682
0.810031
1.25271
0.985726
0.917819
0.998333
1.16854
1.01908
0.983496
1.03955
1.16039
0.95576
0.897879
1.02236
1.03185
0.997693
1.0366
1.18297
0.980516
0.76329
0.995232
0.985007
1.08506
0.925541
1.00962
1.02615
0.916928
1.03265
1.0698
0.941163
1.05679
1.00785
0.959404
0.848136
0.906156
0.999367
0.995949
1.01804
0.921775
0.776187
0.974777
0.824321
0.948872
1.05463
1.03921
1.04518
1.1335
0.852368
0.976742
1.01919
1.14143
0.896209
0.922478
0.862047
1.19094
1.14915
1.04353
0.973869
0.996979
0.967426
0.976378
1.13492
1.16689
0.994951
0.943685
1.219
1.07408
0.840112
0.920586
0.939337
1.03159
0.845121
1.10559
1.01607
0.831902
1.04041
1.00079
0.985547
0.99938
1.00109
1.26527
0.984578
1.04675
0.993009
0.946822
0.982735
0.956174
0.934313
0.825894
0.852679
1.07079
0.996473
1.06108
1.07622
0.878729
1.02668
1.00134
0.954775
1.10502
1.05963
0.9162
1.12481
0.877274
1.03966
0.976238
0.983193
0.986967
0.927018
0.938388
1.00057
1.0441
0.937743
1.09162
0.956119
1.01653
1.0134
1.08062
0.734765
0.98104
1.06875
0.933815
1.03619
0.962003
0.917153
1.01454
0.895214
1.12347
1.06704
0.792098
0.961764
0.977037
1.0052
0.987995
0.905506
0.939456
0.931239
0.960926
1.00051
0.950027
1.20194
1.06899
0.868828
0.996681
0.999025
0.943013
0.914775
0.945256
1.03734
1.07483
1.10635
1.15106
0.96087
0.992701
0.996496
0.99353
0.941159
0.924524
1.09978
1.24265
0.996425
0.993546
0.989533
1.06157
0.924622
1.01418
1.06519
1.03403
1.03354
0.987639
0.912668
0.879036
0.9472
0.91711
1.10411
0.902365
1.04258
0.94893
0.931799
1.0612
0.996379
0.841993
0.949837
1.0938
1.14511
0.773589
1.01841
0.896006
1.21571
1.02202
1.01603
0.848152
1.05225
1.09858
1.04432
1.07431
0.994987
0.935892
1.01591
1.03407
0.824167
1.17736
1.0882
1.08482
0.970889
1.13576
0.795544
1.14388
0.992982
0.943979
0.982965
0.914819
0.914657
0.844042
0.978157
0.937968
0.915322
0.949511
0.928029
1.04909
1.0154
0.864788
0.837812
1.09596
0.902262
0.972485
0.982088
1.06613
0.992621
0.786064
1.06802
1.09005
0.862087
0.906918
0.890916
0.974929
1.07236
1.23282
0.87504
0.984584
0.92681
1.10344
1.02772
0.936348
0.944747
1.02371
1.03266
1.13341
0.798614
1.15298
0.759915
0.841398
0.971075
1.23344
0.887954
1.06506
1.0482
1.12827
0.885858
1.08206
0.863648
1.09031
1.0114
0.992302
1.05845
1.08159
1.03563
1.14135
1.03839
0.905879
0.838475
0.759875
0.962714
1.01966
1.03224
0.890833
1.13663
1.13996
1.05312
0.86432
0.939724
1.00199
0.992787
0.935153
1.1058
1.29787
0.899816
0.996336
1.16517
1.06308
0.753182
1.01544
1.13165
1.25064
1.10918
0.935993
0.963356
0.922525
0.962897
0.856711
0.901759
0.970393
1.01939
0.983515
0.82424
1.0051
1.09143
0.901732
0.934458
1.14093
0.807469
0.88802
1.10553
0.997703
0.988785
1.14512
1.10775
1.01329
0.800825
1.07923
1.13095
1.00825
0.892372
1.13353
1.12885
0.884587
1.09918
0.900414
1.00339
0.992929
1.00687
0.769361
0.972671
1.14594
1.04139
1.16061
0.880826
0.975946
1.00048
1.11004
1.00579
0.990864
1.05008
0.729812
0.947457
0.915059
1.00235
1.0293
0.958407
1.02595
1.01191
1.03422
0.970999
1.16052
1.07992
0.943883
1.02912
1.01549
1.06132
1.1135
0.996626
0.973731
0.850061
0.912129
0.914831
0.987852
0.75951
1.02515
1.0403
0.940248
0.940435
0.989351
1.03519
1.012
1.0967
0.9378
0.902573
1.01394
1.05997
1.03215
1.0527
0.90865
1.1246
1.21052
0.995169
1.03162
0.852184
0.952474
0.975553
0.960712
1.12787
1.04242
1.005
0.997189
1.07969
1.06268
0.95558
1.043
0.937595
1.00134
0.907988
1.20053
1.00974
0.85906
0.971691
0.957232
0.890308
1.19546
0.777889
0.970337
1.00834
1.03704
1.01504
0.895653
0.933079
0.994918
1.01365
0.986535
0.851886
0.967038
1.09988
0.92902
0.908677
1.04995
1.1663
0.927762
0.882584
1.11926
0.876435
1.03485
1.08051
0.99644
1.0856
0.872205
0.937834
0.883478
0.886568
1.02181
0.848185
1.11484
1.05848
0.903221
1.03616
0.934728
1.0331
1.14528
0.881197
0.955183
1.06813
0.977763
1.05797
1.0617
0.990167
0.945102
1.19352
0.926454
1.00302
0.823056
1.16426
1.08523
1.00232
1.00592
0.941697
1.09592
1.06479
1.0728
0.858248
0.916841
0.971534
0.916025
0.996008
0.925542
1.06994
1.14159
1.08671
1.01898
0.942395
0.867632
1.0463
0.85297
1.00695
0.914841
1.03748
1.12353
0.991771
1.0101
1.17752
0.962446
0.902775
1.03493
0.930161
1.00398
0.945057
0.855522
0.860171
0.864186
0.904069
1.19166
1.09543
0.918498
0.977559
1.12542
0.969571
0.9758
0.994137
0.931166
0.939589
1.21099
1.054
1.08214
1.0346
0.988885
0.97372
0.984467
0.926522
0.925865
0.877676
1.02011
0.892432
0.95144
1.03972
0.934994
0.957031
0.829053
0.891142
0.874608
0.998125
0.981425
0.888732
0.970183
1.03717
1.00536
1.01535
1.01583
0.874396
1.00749
1.06717
1.0563
0.943978
0.928071
1.11055
1.04467
0.867082
1.006
1.05361
1.12605
0.96576
0.97944
1.02668
0.878335
1.21565
0.98919
0.906288
1.06992
1.06103
1.05974
1.10969
1.04875
0.935703
1.00371
1.13656
1.05286
0.864152
1.06689
1.05942
1.13358
0.918164
1.12313
1.09436
1.15038
1.0792
1.15323
1.17755
1.04038
0.962655
0.925773
1.10728
0.93128
0.898677
0.825246
0.994028
0.969903
1.13553
1.09914
0.933734
0.928788
0.839126
0.979814
0.890277
0.88719
0.931865
1.1344
1.19696
1.00736
0.944485
1.03503
1.00503
1.04396
1.10161
0.857798
1.03196
1.09068
0.957295
1.09035
0.909053
0.812987
1.26441
1.05208
1.09106
1.02264
1.04543
0.941763
0.886526
1.06672
0.968387
0.891476
0.948998
0.975092
0.939637
0.773752
0.908937
1.08946
1.04791
0.839316
0.8048
0.912999
1.05763
1.11726
0.918558
0.80743
0.824539
1.11265
0.930727
0.908642
0.932339
0.939692
0.901202
1.00511
1.12039
1.13532
1.11536
1.11994
0.950193
0.855178
1.03852
0.957951
1.02548
0.954186
1.21293
0.87314
0.991353
0.995252
1.04565
1.08379
0.998978
0.965561
1.13139
1.11397
0.868365
1.0162
1.14567
0.951757
0.999292
1.04407
0.940029
0.841268
1.10101
1.08701
0.966995
0.976498
1.03258
1.09492
0.926649
1.19518
1.13428
0.997488
1.06566
0.94353
0.985412
0.927977
0.975731
0.951492
1.08944
0.954364
0.918768
0.939868
1.21628
1.14677
0.82351
1.16789
0.923562
0.940696
0.978389
0.976426
1.06616
1.17643
0.884118
0.983694
0.935161
0.921353
1.11135
0.964227
1.00869
1.13729
1.03742
0.997437
1.00187
1.10716
0.82485
1.01039
1.06355
1.08452
1.07173
0.991573
1.18962
0.863522
0.956574
1.03822
0.942125
1.01489
1.02389
0.925737
0.94905
0.88194
1.00199
1.12772
0.845231
0.995518
1.06403
0.925999
1.05199
1.0607
1.12286
0.761259
1.08119
1.05637
0.9246
0.849859
0.908662
1.06976
0.926782
1.22123
0.970712
1.07113
1.14128
0.881252
1.02834
0.994963
1.02141
1.04795
1.07637
0.963759
0.944146
0.862372
1.23607
0.966379
0.940059
0.90722
1.00946
0.741223
1.19496
0.996229
1.08129
1.02494
1.15584
0.964563
0.924592
0.892916
0.963046
1.06394
0.977388
0.876791
1.05607
0.984113
0.93209
1.03808
1.09578
1.00409
1.27227
0.838471
1.00421
0.955982
1.03826
0.855724
1.22596
1.0007
1.09432
0.939247
0.99997
0.921975
0.996993
1.01372
0.979495
0.920136
0.959691
0.951499
0.963467
0.973068
1.02199
1.04181
0.912272
1.08147
0.899569
0.923477
1.06388
1.13644
0.907038
1.19073
0.884478
0.93915
1.06305
0.931142
0.945321
0.959422
1.00656
1.0255
0.849741
1.08918
1.2553
0.924934
1.08738
1.10836
0.829154
0.960721
1.05098
1.05484
0.879258
0.999464
0.845215
1.13903
1.01033
0.937163
1.12746
1.03347
0.962531
1.05254
1.16303
0.916684
1.08973
0.857379
1.19869
1.30856
1.25953
1.15141
0.981455
1.02053
0.97945
1.30478
0.992888
0.892258
0.906431
0.902368
0.795835
1.06598
0.931948
0.757319
0.907906
0.914928
0.975671
1.07462
1.03543
1.03299
0.963863
0.891833
1.06332
1.11445
1.16149
1.19926
0.946419
0.963533
0.996487
1.09143
0.862859
0.943368
1.10112
0.953699
1.02584
0.936636
0.966683
1.07713
1.09608
0.897458
1.04264
0.963021
0.937795
1.05422
1.06029
0.943116
0.945486
1.26315
1.10175
0.927166
1.0621
0.89647
0.928613
0.851721
1.02334
1.18069
1.1468
1.06201
0.958071
1.02042
1.115
0.914031
1.10389
0.827119
0.906702
0.800388
1.01884
0.905296
0.859758
1.00213
0.984254
1.12315
1.11262
1.17215
0.977963
0.93095
0.988308
1.26515
0.931802
0.879637
0.879334
0.944397
1.06511
1.28672
1.01189
0.882842
0.969592
1.09746
0.825727
1.13783
0.935646
1.18112
1.11568
0.954414
0.980314
1.13793
0.890024
0.915495
0.960826
1.0176
1.03684
0.952773
0.974855
1.24912
1.11645
1.11676
0.881017
0.951696
1.13055
0.936553
1.21079
1.0268
0.802066
1.01099
0.957077
0.971983
1.0293
0.864878
1.05487
0.997113
0.922673
1.17663
1.17969
0.944529
1.0526
0.859718
0.89636
0.953609
0.919153
1.06373
1.13508
0.939048
1.01591
1.07103
0.954711
0.922106
1.1869
0.875959
0.947154
0.980312
1.03823
0.968025
1.0474
1.01206
0.921896
0.863691
0.971056
1.09945
1.10254
0.9604
0.921509
0.927006
0.910036
1.12029
1.09917
1.11259
0.899703
1.03769
0.996299
1.04333
1.02415
1.04595
0.989097
0.986149
1.16636
0.897872
0.84968
0.988183
0.885895
0.950544
1.15762
0.835549
0.864013
1.16325
0.971449
0.997636
1.14801
0.894625
1.07924
0.83879
1.15893
0.964016
0.951339
0.885527
0.922925
1.10685
0.924029
1.08371
1.06587
1.07185
0.884097
1.05245
1.13217
0.917399
1.00828
1.09011
0.960728
1.04306
0.928524
0.855384
1.02031
0.959371
1.13264
0.975243
0.964069
1.09251
0.896404
0.899057
1.16825
0.84567
0.825305
0.970996
0.932977
0.99334
1.09624
1.11449
0.990459
1.11446
1.03631
0.845262
0.891029
1.2085
1.01188
0.959878
0.82592
0.890873
1.14438
0.950512
0.963827
1.10338
0.946164
0.996671
0.949407
0.943086
1.01343
1.04879
0.981257
1.03472
0.942753
1.00482
1.04307
0.85933
0.923618
1.03249
0.868129
0.793744
0.934758
1.12379
1.18051
0.909104
1.10186
0.956316
0.754873
1.11543
1.08529
1.03989
1.0112
0.763403
0.937407
1.18274
0.989592
0.996113
1.04445
1.06654
0.927917
1.09473
1.01902
1.10794
1.06194
1.02743
1.03117
1.04852
1.02641
1.02997
1.12316
1.10548
0.915081
0.784629
1.12315
1.03131
1.12327
0.853482
1.02349
1.02815
0.915753
1.16134
1.08568
0.961642
0.939484
0.917079
1.00175
0.878705
1.12571
0.948488
1.1728
1.12814
0.996174
0.914661
0.944001
0.865766
0.970344
1.10593
0.813912
1.00779
0.951457
1.15568
0.968372
0.986482
0.840326
1.05197
0.913656
1.01339
1.10364
0.936972
0.947658
1.05448
1.04787
0.969379
0.85902
1.04516
1.02093
1.03982
1.08601
0.995878
0.912878
0.974187
0.902675
1.00074
1.19463
0.878068
0.942136
1.00901
1.08155
0.981619
0.89093
1.05326
1.0792
0.870576
0.974806
1.19167
1.02493
0.9761
1.0936
1.05688
0.911708
0.843364
0.936115
0.839456
0.900464
0.959883
0.859016
1.03458
1.03258
1.03536
1.27133
0.917714
1.23446
0.921379
1.0785
1.04238
0.969657
1.01607
0.955733
1.05447
0.943526
0.927534
0.995537
1.08479
0.911126
0.974008
0.898846
0.905036
0.979537
1.08218
1.07705
0.972097
1.09969
1.05427
0.786889
0.963376
1.03446
1.00735
0.822412
0.943397
0.842695
1.00753
0.970831
0.899132
0.940283
0.967998
1.02462
1.02334
1.07057
1.17347
0.873486
1.01931
1.06005
0.992836
1.10877
0.848998
1.05081
1.03984
1.09408
0.951585
0.990226
0.956312
1.00864
1.104
0.983527
1.01945
1.02889
0.959221
1.04773
0.849314
0.823971
0.919896
1.14405
1.12441
0.985784
1.1037
0.98515
0.928289
1.02964
0.861184
0.999289
1.16507
1.02432
1.11649
1.08804
1.07286
1.01123
0.963324
1.04044
0.957862
1.05638
0.862845
0.952926
1.0509
0.991083
1.03271
0.974162
1.02474
0.988792
1.01875
0.994526
0.943757
0.987394
1.13869
0.992864
1.00325
0.838909
1.022
1.08629
0.879606
0.943083
0.943905
1.10262
0.962001
0.885539
0.921323
0.938632
1.08238
0.889744
1.01858
0.998111
1.04572
0.868829
0.886144
0.967054
0.989078
1.04288
1.04997
1.01934
1.1201
0.790611
0.885573
1.05829
1.01994
0.977187
0.987728
1.22075
1.18069
0.958155
0.965819
1.09628
0.962713
1.01706
0.978351
0.859098
1.17342
0.961933
0.982891
1.03828
1.00218
0.910897
1.15235
0.936006
0.937791
0.998692
1.25271
0.845083
1.04201
1.11895
0.937414
0.915029
1.23218
1.06439
0.953982
0.982504
0.892643
0.991529
1.06464
1.06461
1.21192
0.956132
0.872722
1.04477
1.06366
1.04777
0.92014
0.93977
0.935557
1.17619
1.00121
0.976158
1.00295
0.97833
1.05121
1.29968
1.18175
1.22966
0.958652
1.05218
1.01868
1.16031
0.908567
0.959765
0.876683
1.08518
1.06032
0.859916
1.06835
1.01647
1.10889
1.1602
1.0245
1.01879
0.99284
0.856006
0.976809
0.949971
1.11021
0.889469
0.80714
1.0021
0.91413
1.10696
0.909677
1.10811
1.03551
0.908379
1.02442
1.23958
1.06089
1.04277
0.882842
1.07659
1.02617
1.01626
0.984724
1.027
0.906004
0.911897
1.09208
1.05556
0.818057
0.977588
1.27058
0.921891
1.11466
0.935635
1.06863
0.984548
0.968118
0.946008
0.884987
0.802316
0.942861
1.01751
0.933901
0.850774
1.2336
0.99783
0.950744
0.962734
1.12989
1.18885
1.09936
0.96557
0.831025
0.941355
0.852224
0.974674
1.04924
1.07213
0.945787
1.0812
0.992003
0.917979
0.90982
1.13264
1.00192
0.927189
0.91193
0.914063
1.01288
1.03867
1.05421
1.02546
0.802268
0.924793
1.00924
0.953563
1.03526
1.05461
0.886506
0.938597
1.01984
1.01224
0.988345
0.989101
0.967691
0.968465
0.94731
1.0654
1.01063
0.988342
1.23707
1.15658
1.05237
1.03018
1.04643
1.10356
0.830135
1.05184
0.864418
0.944297
1.12717
0.98941
1.0186
0.970281
0.889926
0.991586
0.96345
1.0042
0.948122
1.01142
1.13454
0.990317
0.995748
1.04155
1.00042
1.20146
0.93277
0.971346
0.870633
0.938777
1.08195
1.066
1.04556
0.970501
0.928044
0.928347
1.04463
0.968656
1.00227
1.04495
0.936025
1.07093
1.00066
0.904453
1.04548
1.0535
0.968052
1.06804
1.08479
0.92067
0.906103
1.08276
1.07876
0.92103
1.01607
1.00546
1.00052
1.14576
0.999186
0.925954
0.96423
1.01093
0.829504
1.05002
0.939423
0.982366
0.868675
1.03677
1.047
0.97261
1.07965
0.995285
1.05486
0.862451
1.04562
1.0164
0.935269
0.901742
0.896515
0.956234
0.87183
0.998967
1.03125
0.9632
1.1645
0.897607
1.06767
1.06508
0.991178
1.05846
1.06449
1.00882
0.911566
1.00533
0.974871
1.15984
0.85119
0.993977
1.27108
1.03005
1.03407
0.990149
1.02145
0.844261
1.04171
1.1842
1.02642
0.886303
0.989196
1.07904
0.853439
1.10152
1.04599
0.91182
1.02808
0.929036
0.80511
0.998856
1.07536
0.949504
0.946794
0.977183
0.936264
1.02357
1.16228
1.08546
1.1446
1.09362
1.07953
0.963359
1.05557
0.988734
0.951902
1.06444
0.905431
0.89728
1.0125
0.99532
0.973191
0.979809
0.887754
0.955943
1.02177
1.00084
0.882379
0.986401
1.00174
0.894315
1.07056
1.05167
1.16664
1.06396
0.999573
0.86223
1.08651
0.837132
1.27203
1.00397
1.03404
0.976582
0.912505
1.09252
1.10935
0.993577
0.847419
0.975654
1.02367
0.823584
1.04069
0.926053
1.1379
0.959581
0.946861
0.857787
1.01517
0.996731
1.07173
0.978622
1.04205
1.24793
0.999927
0.960081
0.860126
0.924204
1.08391
0.821494
1.02346
0.995748
0.965366
1.02901
0.831046
0.962069
1.09071
1.0035
0.885591
0.937031
0.864657
0.835948
0.975972
1.0388
1.15029
1.00052
1.01764
1.0963
0.914543
1.06188
0.996715
1.09141
1.22645
1.02303
0.826847
1.0697
0.905392
0.938017
0.949376
1.00039
1.06536
1.10454
0.997266
0.944453
0.984993
1.15774
0.966734
1.03154
1.02081
0.896899
0.764004
0.955338
1.06575
0.998383
1.05341
0.894417
1.05842
1.00069
0.992707
1.12017
0.914067
0.874821
0.931733
0.862687
0.807687
0.991175
0.986925
1.05616
0.998156
1.10611
1.01851
1.09408
1.07719
0.987733
0.88622
0.947837
1.03267
1.08732
0.993179
0.914898
0.965929
0.853019
0.918968
1.04739
0.966972
0.81204
0.915993
0.949049
0.979265
0.969731
0.966035
0.996818
1.12318
1.09812
0.891852
1.0639
0.897207
0.830538
0.977545
1.1176
0.970988
0.995336
1.00596
1.11042
0.927531
0.934586
1.05815
1.14072
0.960663
1.11263
0.895819
1.07991
0.954139
1.25432
0.854879
1.1073
1.08939
1.06592
0.917092
1.10123
0.939795
0.975618
1.08573
1.04424
1.04636
0.904012
1.05041
0.882003
1.11441
0.948456
0.968452
0.830545
1.03739
1.08263
0.909833
1.18986
1.03832
1.02026
0.903683
0.970585
1.01581
1.00622
1.0452
0.927438
0.953932
1.0635
1.05928
1.05176
0.918117
0.871335
1.17003
1.16369
1.11661
0.986507
0.867551
1.03627
0.926551
1.06732
1.04093
1.09292
1.19376
1.1245
0.966536
0.983716
0.895345
1.01838
1.03871
0.888431
0.89389
1.10812
1.00554
0.8588
0.948004
0.963568
1.0137
0.893713
0.978946
0.951546
0.91801
0.986018
0.994774
1.07776
1.04712
0.915554
0.947995
1.14119
1.04163
0.98101
1.12316
1.03699
1.00264
1.09938
0.92604
1.01724
1.05495
0.886573
0.960929
0.889676
0.99149
1.07284
0.945648
0.906296
0.935808
0.962455
1.08615
1.09435
0.838897
0.980117
1.06615
0.957018
1.06637
0.902133
1.07376
1.10089
1.08872
0.86244
0.901879
1.05032
1.07118
0.897819
1.06953
0.878385
0.985824
0.889185
0.933496
1.09055
0.792224
1.0239
1.01802
1.17615
0.99483
0.915099
0.895781
1.11055
0.977311
1.11044
0.897069
0.9342
0.931566
1.08254
0.877202
0.950844
1.05767
1.1097
0.958971
1.0535
1.05671
0.99859
1.04954
0.959205
1.07623
1.06799
0.965484
1.15235
0.912034
0.997117
1.08938
1.03473
1.1067
1.08081
1.02023
0.838098
0.799108
0.94402
1.08581
1.04224
0.904625
1.08901
0.930834
0.937917
0.950979
0.878807
0.996324
0.978069
1.05025
1.00942
1.06073
0.941802
0.99036
0.992246
1.08877
0.889247
0.704607
0.904568
1.13947
0.936727
0.897708
0.960759
0.916691
1.06866
0.998432
1.11399
1.0758
1.00698
1.17361
1.10528
0.865878
1.053
0.915818
0.973037
0.873993
1.03928
1.03798
0.914849
0.90454
0.970027
0.854464
0.964443
1.05475
0.929
1.04968
0.866743
1.11496
1.04436
1.14399
0.84805
0.836212
0.987098
0.892049
0.952253
0.893195
0.924543
1.08466
0.865542
0.858214
1.0921
0.940486
0.888645
0.977772
0.89192
0.94814
0.923502
1.06056
1.04927
0.812811
0.970268
0.859258
1.14354
1.17725
1.20431
1.00744
0.980967
1.07117
0.900579
0.863135
0.975396
0.972796
0.9726
1.02611
0.910257
1.03876
1.17671
0.897093
0.975334
1.03526
1.16687
0.927863
0.862628
0.724961
1.04895
1.04551
0.956818
0.851248
0.961313
0.89043
1.09223
1.04756
0.921081
1.17726
0.917313
0.951321
0.900858
0.782526
1.15018
1.05878
0.930706
0.957503
1.03282
1.01961
0.999489
0.967573
1.18188
0.986105
0.871889
0.996497
1.05356
1.03148
1.23726
0.973123
1.06045
0.878865
1.07342
1.06953
0.949447
1.15309
0.985611
1.03604
0.994939
0.964797
0.902445
1.10696
1.04643
0.971773
1.0136
1.01511
0.825581
1.13504
0.944787
1.0611
1.05145
0.96462
1.01335
0.970801
1.08751
1.01011
1.00691
0.894245
1.16359
1.0783
0.806903
0.913039
1.04897
1.08492
0.975021
1.08796
0.844642
1.06166
0.989703
0.970523
1.09925
0.926385
1.21609
0.872947
1.15199
0.975159
0.950398
0.9674
0.985139
1.07526
1.11101
1.23203
0.950774
1.12575
1.08056
0.966676
1.06352
1.12902
1.02046
1.10555
0.917384
1.01493
1.11996
1.01243
1.06918
1.10632
1.16183
1.01058
0.997827
0.980118
0.959772
1.15949
0.816593
0.758245
1.01275
1.14886
1.05186
1.08101
0.917608
0.994004
1.04515
1.03711
0.909949
0.901562
0.94739
0.891857
0.889638
1.35583
1.01269
1.12529
1.05485
1.01839
1.03402
0.789417
0.92203
1.19695
1.05841
1.02659
0.995253
0.990167
0.866682
0.856304
0.925093
1.0736
0.918999
1.01776
1.00308
0.893364
0.911439
1.0686
1.02197
1.07765
0.910976
0.943039
1.01897
1.00651
0.960879
1.06522
0.991283
0.795251
0.977954
0.917421
1.03812
0.97205
1.07908
1.05409
0.954893
0.95764
0.896963
1.03683
1.04772
0.987234
1.07341
0.789125
1.04188
0.931123
0.948026
0.929308
1.04723
1.0541
0.901605
1.06819
0.834323
0.905569
1.00121
1.0191
1.16646
0.789964
0.859679
0.900006
1.01227
0.915425
1.03539
0.93271
1.01253
1.07567
1.08636
1.07472
0.881022
0.884787
0.946152
1.07322
1.00934
1.06885
1.06834
0.874703
0.929465
0.933657
1.11509
0.983064
1.00552
0.96766
1.13519
1.02335
0.955702
0.951724
1.15539
0.799626
1.03345
0.927627
1.06761
0.854791
0.865995
0.925763
1.21559
0.803383
1.03611
0.921388
0.908508
1.04725
0.926167
0.986477
0.8855
1.01622
0.94526
0.890775
1.09665
1.007
1.05666
0.959753
0.858685
1.05861
0.904755
1.03097
1.04643
1.05714
1.12407
1.01235
0.981396
1.08245
0.901525
1.00742
1.01172
1.16766
1.20761
1.06514
1.14351
1.05228
0.996879
1.16963
1.10971
1.13007
1.04707
1.05239
0.915043
0.8542
1.07532
0.901873
0.881818
0.742426
0.906624
0.907282
1.27383
0.88996
0.919356
0.953967
1.14937
1.03716
1.12186
1.02506
0.92507
0.839661
0.916421
1.14652
0.884418
0.984841
1.0085
1.06169
0.992691
0.844347
1.02608
1.05391
0.951309
1.00296
0.986474
0.976666
0.9368
0.884284
1.08175
0.95449
0.981622
0.766452
1.05442
1.29875
0.949118
1.02528
0.960358
1.02594
0.969191
1.07476
0.967418
1.01093
0.782117
0.902376
1.09007
0.860913
0.907694
1.2715
0.823215
0.989147
1.1257
0.892876
0.98635
1.01742
0.979807
0.943309
0.96883
0.964595
0.88823
1.15178
1.08457
1.13125
1.12548
0.994177
0.860988
1.04785
0.903412
1.23163
0.981423
0.9449
1.27297
0.878197
1.00406
1.29275
1.07906
0.899351
1.10458
0.90044
0.873061
1.13366
0.965389
1.09107
0.948094
1.0592
0.950411
0.919723
0.973137
0.873632
0.996689
0.864747
0.984957
0.983817
1.00683
1.09257
0.914931
0.994319
1.0617
0.932528
0.968844
0.891787
1.06538
1.02858
1.04402
0.970668
0.854514
1.00456
0.986131
0.972707
0.815588
0.972626
0.953122
0.889013
1.0464
1.1778
0.932129
0.918311
0.870905
1.04145
0.892861
1.06543
0.828131
0.940623
1.1348
1.00723
1.02033
0.862795
0.83239
0.918851
1.03362
1.00119
1.04713
1.03952
0.882386
0.878177
0.797122
1.01649
1.01585
1.1069
1.04514
1.00525
1.10078
0.979164
0.978105
1.06938
1.08267
0.969393
0.969016
1.01011
1.1225
0.838464
0.884678
1.05549
0.88039
1.08577
1.00722
1.06463
1.08567
0.96854
1.04563
0.974843
0.989701
1.0483
0.902217
1.10811
0.946541
1.05029
1.04791
0.945739
1.01782
1.14597
0.997441
0.8268
0.992411
0.984364
0.813705
0.983008
1.03326
1.0753
1.08414
0.963798
1.09896
0.934875
0.920436
1.17513
1.12859
0.921233
1.06402
1.15254
0.964234
0.876455
0.89995
0.949172
1.16259
0.958528
1.00099
0.998455
1.03482
0.969909
0.932342
0.798164
0.886148
1.0239
0.851611
1.01528
1.12222
0.935496
0.89073
0.95436
1.09605
0.955356
1.02833
1.05226
1.03811
1.02711
1.01937
0.832823
1.04804
1.03175
1.24494
0.963571
1.03454
0.860462
1.16309
0.890855
0.938637
1.13957
0.850746
1.10458
0.982358
1.23322
1.06535
0.909058
0.925866
0.999512
0.841788
0.913229
1.18789
1.02032
0.914606
1.06243
0.948534
0.847634
1.15279
0.883418
0.956253
0.894252
0.979621
1.00609
0.912424
0.908398
1.17573
1.08347
1.02077
0.86456
0.870868
0.900429
0.855506
1.03192
0.890865
0.879893
1.06278
0.978071
1.1285
0.953233
1.15075
1.18258
1.0994
0.991047
1.09271
1.06625
1.0848
0.956092
1.12841
0.802265
1.00504
0.823385
1.11829
0.993684
1.08733
0.872537
0.975769
0.991611
0.813711
1.17074
1.08533
0.945478
0.752507
0.860528
1.15715
0.949644
0.874157
0.906184
1.05338
0.777895
0.980043
1.1112
1.27377
1.05241
0.995841
1.11549
1.13202
0.828429
0.926058
0.871007
0.916677
1.01556
0.98648
0.929323
1.19418
1.0308
0.891675
1.10871
0.949045
1.02524
1.06285
0.876054
1.15274
0.920273
0.852142
0.852761
0.935347
0.858887
0.989136
1.06364
0.966011
1.11403
0.969816
0.885749
0.982585
1.07039
0.956613
0.903044
1.04289
0.98573
1.21453
1.00309
1.09458
0.926503
0.873435
0.978183
0.977127
1.21519
0.926993
0.906457
1.02559
0.896478
1.00867
1.09775
0.953461
1.13467
1.00199
1.03755
0.880022
1.02556
1.05599
1.05316
1.06393
0.955799
0.929232
1.14114
1.041
1.0453
1.23894
1.04193
1.09232
1.02349
0.916578
0.976315
0.787877
0.930591
1.01673
1.04026
0.934794
0.997304
0.871444
0.948803
1.00393
1.07881
0.878138
0.954476
0.941662
1.04748
1.14797
0.909095
1.16156
0.909164
0.894926
0.932353
0.947012
1.18918
1.04504
1.06465
0.954198
1.03493
1.07773
0.900897
1.08314
1.0907
1.07829
0.76139
0.983022
0.927706
0.989336
1.0229
0.964868
0.996457
1.03006
0.958787
1.02309
0.892557
1.00126
0.953188
1.08657
1.1059
0.932284
0.960697
0.954273
1.09454
1.11651
0.975732
0.932846
0.989319
1.14878
1.07589
1.18621
0.967893
1.03512
0.844211
0.926805
0.922978
0.98722
0.953092
0.915157
0.917285
0.990353
1.15879
0.855027
0.897
0.892208
1.04961
1.07277
1.08894
0.896015
1.11563
1.01631
0.872253
0.96986
0.975295
0.872379
1.14321
1.01812
0.95529
1.06038
0.941532
0.979396
1.02374
1.09314
0.952211
0.869043
1.08745
0.864876
1.08445
1.19312
1.02849
1.09582
0.952786
0.901309
0.930587
1.01256
0.936706
1.02434
1.00267
1.05595
1.07949
1.10297
0.989859
1.00905
0.82437
1.02335
0.964325
1.20323
1.12009
0.996516
0.961045
1.03036
0.969404
0.912116
0.833139
0.904333
1.22436
1.08507
1.01625
0.802101
0.905276
1.22533
0.889939
0.940981
0.840517
1.16852
0.799214
1.02736
0.897071
1.03765
0.959869
0.971481
1.11052
1.0097
1.08944
0.876072
1.01257
1.01026
1.00037
0.939522
0.990607
0.874003
0.902369
1.00135
0.86402
1.09804
0.96949
1.08866
1.10641
1.09637
0.979784
0.94809
1.1527
1.09497
1.17792
1.03894
1.02908
1.11211
1.02398
1.02999
0.859509
1.05414
1.06189
0.816093
1.05645
0.967812
0.965189
0.801897
0.938085
1.18526
1.18288
1.00396
1.05569
0.898847
1.08942
1.052
1.01429
1.03445
1.05935
0.953675
0.961594
0.853714
1.02932
0.856475
0.85859
1.0461
0.9525
1.02391
1.08197
1.10686
1.01856
0.931799
0.990751
1.02594
1.02367
0.989179
0.978529
0.956782
0.948668
1.00793
0.883332
0.992347
0.952056
1.04806
0.922909
0.792525
1.06532
0.919845
0.967383
1.08526
1.26316
0.865239
1.10296
1.05489
0.931568
1.04882
1.02327
1.11628
1.03525
0.939203
0.92433
0.975193
0.924812
0.849716
1.10529
1.00929
0.992516
0.900179
0.794553
0.94948
1.06844
0.815143
0.914086
1.03235
0.988621
1.06202
0.94088
0.988792
1.02377
1.10705
0.963745
1.06291
0.874614
0.909799
0.884739
1.00152
0.981233
0.828459
1.07117
1.03133
0.927126
1.09437
1.12805
1.06395
0.982168
1.0856
1.19636
0.979673
1.04269
1.08459
0.986661
0.920103
1.04424
1.03834
1.13046
0.969557
0.977837
1.15341
0.895991
0.903721
0.915997
0.983525
0.987053
0.824304
0.99723
0.985601
1.03093
0.940374
1.06633
1.17329
1.0258
1.27511
1.07097
1.03845
0.973175
1.00115
1.1247
1.00914
0.875365
0.888968
1.09776
0.884921
0.855664
0.977242
0.96816
1.01881
1.07162
0.991249
0.978453
1.07038
0.813721
1.02795
0.899925
0.992225
1.09612
1.02645
0.898117
1.1141
0.85052
0.978956
0.897451
0.942327
1.16829
0.991682
1.12145
0.836136
1.04419
1.05043
1.07057
1.02893
0.974017
0.970983
1.1216
0.971665
1.12603
1.10797
1.08195
1.00889
0.952109
1.01311
0.849955
1.09011
1.04823
0.805386
0.902861
1.21464
0.998227
0.87212
0.921957
1.01914
0.883289
1.05011
1.04686
0.880351
1.14502
1.05679
0.93258
0.919206
0.784839
1.08221
1.09334
0.917373
1.02518
0.955355
1.10226
0.856888
1.13562
1.13975
1.09708
1.03622
0.972872
0.984797
1.08357
0.921931
0.958997
0.902449
0.904179
1.05002
0.845269
0.919012
1.03656
0.89777
0.925171
1.13979
0.922324
0.975929
1.03491
0.909231
1.04489
1.04599
0.838673
1.03632
0.972707
1.16773
1.06653
0.891796
1.19884
1.06027
0.958176
1.06838
1.01109
0.979898
1.10405
0.903196
0.872803
1.06413
1.01675
0.823752
1.00351
0.847639
0.952732
1.06124
1.04093
0.940966
0.953695
0.952691
0.857491
0.930321
1.13307
0.901863
1.0928
0.785788
0.828619
1.08766
1.00262
0.875354
0.913846
0.968511
0.969955
0.842244
1.08333
0.902938
1.23118
1.09391
0.874495
1.00458
1.03425
1.00791
1.05257
0.960231
0.836086
0.946898
0.972819
1.05724
0.849069
1.01923
1.02311
0.93301
1.0909
0.945687
1.1107
0.999905
0.976434
1.07137
1.07826
1.13863
1.09243
1.12137
1.19909
1.11644
0.794476
1.05568
1.01584
1.07956
1.00968
1.03245
1.06563
1.07037
1.10761
0.994268
0.844542
1.00052
0.881126
0.881112
1.05463
1.07157
0.95252
0.970616
0.924623
0.995251
0.981001
0.84736
0.939401
0.913827
0.948478
0.93596
1.18581
1.34261
0.905819
0.987287
1.13467
1.06186
0.91053
0.907554
1.02752
1.0943
1.04699
1.09468
0.998616
1.06775
0.997823
1.0545
1.10986
0.99822
0.90551
1.1659
0.956598
0.990801
1.01157
1.22907
0.75578
0.954874
0.851041
0.860365
0.81823
0.916656
0.905837
0.954118
1.07714
1.05608
1.05048
0.961937
0.964098
1.06115
1.16601
1.00971
1.13001
1.07237
0.981181
1.08748
0.951826
1.16937
0.89889
1.04658
1.02038
0.891841
0.986569
0.974534
1.07626
0.832441
0.879755
0.961219
0.974093
0.893358
1.04544
0.857364
1.00812
0.997361
1.00979
0.945935
1.00537
1.08334
0.959174
1.04405
0.891199
1.14333
1.03838
1.06196
1.13197
1.11823
0.943905
1.08112
0.899823
0.872206
1.05133
0.843735
0.993682
1.09709
0.997092
1.12451
0.994497
0.889101
0.974813
1.10776
0.880866
0.916826
0.886968
0.886034
1.06836
0.970644
0.948046
0.8208
0.967733
0.964968
0.842312
0.779269
0.853965
1.10239
1.12822
0.990897
1.10802
0.986239
1.13904
0.958661
0.88912
1.05094
1.04881
1.05286
0.808287
1.02796
0.89688
1.05693
0.892712
1.04196
0.95169
1.14173
1.05243
0.971227
0.91291
0.982123
1.02002
1.09143
1.04529
1.0712
0.908027
0.836923
0.997425
1.15692
0.859069
0.944866
0.918263
1.0424
1.07668
0.979098
1.11597
0.87239
0.87242
0.939587
0.963999
0.856559
1.04009
0.949477
1.00912
1.17823
0.86885
1.00172
0.72684
0.96619
1.05152
1.27899
0.919197
0.990798
1.13411
0.928357
0.993261
1.03485
0.876172
0.972316
1.20543
0.87753
0.994054
1.05577
0.953569
1.02949
0.998006
0.98592
1.01598
0.960704
0.962745
1.04615
1.06561
0.936838
0.90065
1.15117
1.30401
0.975919
0.887885
0.843519
1.09819
1.07241
1.00268
0.932649
0.992257
0.89081
1.03385
0.933169
1.07592
1.06293
1.02719
1.11621
1.00968
0.973585
1.04913
1.11731
0.821919
0.921226
1.08953
1.20703
0.996683
0.848541
0.974823
0.959319
1.09097
1.04368
1.06233
1.12459
1.22895
1.0141
0.901345
0.888184
1.12648
1.13622
0.913513
1.06687
1.00914
0.975591
0.97039
0.946268
0.922832
1.09844
0.983343
0.947076
1.06692
0.893105
1.02199
1.14178
1.16657
1.08374
1.07261
1.0721
0.951117
1.16399
1.10957
1.13381
1.13816
0.812513
0.980574
1.04917
1.03185
0.979348
0.929092
0.832968
0.870605
1.05821
1.00412
1.02276
1.09286
0.974638
1.12131
0.764169
1.08063
0.967469
0.982488
0.949792
1.04602
0.879703
0.913395
1.04077
0.894333
1.08068
1.1331
1.00224
0.917697
0.77382
0.905555
0.850644
1.05421
0.871535
0.951531
1.17054
1.10505
0.935357
0.992653
0.95237
0.948242
1.18124
1.10815
0.941874
1.05587
0.891089
0.948049
0.898683
1.05729
1.09507
1.11906
0.876927
0.907825
0.977432
1.02904
0.981808
1.14408
0.896161
1.23055
0.937926
0.89856
0.942276
1.07453
0.826604
1.12566
0.834463
1.04398
0.888119
1.06426
1.10652
0.885419
1.02928
0.86864
0.816544
0.988177
0.930393
0.763653
0.939761
1.10405
0.936505
1.06252
1.08729
1.26702
1.16739
0.954821
1.18439
1.12894
1.28698
1.03018
1.00407
0.893519
1.06452
1.09243
1.02232
1.08735
1.11088
0.839477
0.932837
0.934841
1.03834
0.967452
1.15294
0.879645
0.928307
0.923504
1.06787
1.13605
1.08226
1.06277
0.967104
0.911762
1.0124
0.931798
0.958291
1.12365
0.782589
1.08748
1.12702
0.98384
0.961308
0.931436
1.02474
0.953112
1.05444
1.10754
1.02421
0.949163
0.971083
0.912208
0.867899
0.995101
1.00631
1.02444
1.13798
0.975854
1.05087
0.935149
0.972572
0.984191
0.830798
0.91675
0.943712
0.906284
1.13098
1.09078
0.991678
1.15899
1.13436
0.841722
1.17991
0.937691
1.16274
1.08825
1.02051
1.02625
1.13738
1.13083
1.00664
0.781711
1.01808
0.895599
1.17333
1.16636
1.09386
0.975667
0.878954
0.965252
0.871476
0.911254
0.754504
0.913264
0.986599
0.997444
1.06537
1.055
1.0246
0.984371
1.16217
1.05539
1.08739
0.872976
0.9092
1.41733
1.02045
0.83148
0.969274
1.06872
0.938037
1.06702
1.02989
0.989052
1.06184
1.09859
1.05441
0.917408
0.991491
0.930342
1.04309
0.912216
1.06885
1.08043
0.824374
0.897868
0.821166
0.955079
0.886708
0.948523
0.990968
1.1163
1.05201
0.937322
1.05888
1.06617
1.04231
1.00834
0.951821
1.00347
0.983233
0.953738
1.05354
1.1416
1.00516
1.07596
1.0449
0.914338
1.17284
1.05229
0.987923
0.939912
1.32183
0.977877
0.938236
1.0653
1.1305
1.03816
0.93215
1.04173
0.839071
1.17689
1.06061
0.916612
0.976086
1.01591
1.09561
1.0375
0.857145
0.908014
0.982775
0.814341
0.992016
0.949228
0.989019
0.870851
1.08873
1.05715
1.11983
1.12317
0.951827
0.904735
1.02128
1.0377
1.0908
1.01533
0.901661
0.984467
1.16694
0.913069
1.00095
0.949834
1.01764
0.983914
0.9037
1.04105
0.954484
1.13102
0.969325
0.938649
0.951584
0.924012
0.946626
0.843201
0.98918
0.786732
0.877381
1.14152
0.887474
1.03011
1.04795
1.0216
0.919662
1.16735
0.974242
0.994538
0.855533
1.04924
0.838282
0.845453
1.17847
1.17288
0.942374
1.10773
0.968231
0.791126
1.11289
1.05869
1.05154
1.03051
1.07753
1.0195
0.930899
0.995466
0.83425
0.817999
0.896595
1.1393
1.0225
1.06309
0.877956
1.00001
1.0636
0.894387
0.926269
0.962999
0.891763
1.10878
0.940345
0.936178
1.0158
1.08263
1.02092
0.989675
1.29096
1.08156
0.998322
0.958218
0.886325
1.19054
1.09132
0.84154
1.07855
0.972023
0.968818
0.879809
0.956956
1.13172
0.932364
0.973756
1.0361
0.927401
1.06778
0.891453
1.23507
1.12412
1.15637
1.21293
0.888463
1.10277
1.01115
0.979812
0.85999
1.00682
1.0132
0.961062
1.12969
1.0722
0.986421
1.03157
0.929216
0.930014
1.10831
1.07045
1.09323
0.857466
0.966109
1.05818
1.05018
0.941833
1.00438
0.981279
0.982508
1.05148
0.941784
1.14619
0.919914
0.91625
1.04905
0.976472
1.17444
1.05006
1.00018
0.994203
0.855739
0.903978
0.83346
1.14375
1.0412
1.11248
1.03455
0.980809
0.892284
1.06928
1.22311
1.27735
1.00439
1.09851
0.789803
1.02365
0.836184
0.928354
0.938832
0.971893
1.21159
1.10089
1.11806
0.959416
0.885617
0.958529
0.985282
1.07538
1.05574
1.04351
0.945275
0.949809
0.977926
0.838551
1.05794
0.943271
1.16227
0.903348
1.05065
1.15107
1.21943
1.01495
0.935208
0.909632
1.018
0.985718
0.885807
1.03482
1.04287
0.903109
0.958126
0.853381
0.958263
1.00959
0.92112
0.983404
1.19735
1.04599
0.880105
1.04145
1.01774
0.896301
0.941998
1.12958
1.08336
0.91967
1.06187
1.05792
0.985239
0.84408
0.991438
0.847477
1.00743
0.997606
1.00423
0.909559
1.01133
0.96021
0.958431
1.11953
1.20271
1.08523
1.00889
1.08604
1.11792
1.0922
1.19576
0.918139
1.20511
0.928931
0.883461
0.949965
1.00578
1.01786
1.28185
0.964928
1.12256
0.934655
1.11865
0.974377
0.91298
0.916027
0.94629
1.01281
0.847284
1.04086
0.863035
1.0554
0.944881
0.918279
1.04667
1.01222
1.07775
1.01475
1.16581
0.902245
0.995669
1.03103
0.874472
0.963321
0.945996
1.02609
0.88793
1.01494
1.05056
1.08237
0.76725
0.940004
0.89025
0.983268
1.09416
0.947876
1.17603
1.03643
1.00482
1.16759
0.90447
0.863324
1.09202
0.967228
0.841836
0.848845
0.99307
1.09577
0.899004
0.798225
0.907237
1.08508
0.923999
1.04746
0.917058
1.07877
1.14552
1.11551
0.908469
1.03492
1.14624
0.992293
1.00554
0.833574
0.966679
1.24428
0.926628
0.97942
0.975841
0.826682
1.07899
1.09499
0.961559
1.0299
0.948237
1.06546
0.955001
1.06471
1.16303
0.923138
1.06057
0.931093
1.01655
0.950341
0.913336
0.928889
0.983868
0.87808
0.774302
1.19871
0.942803
1.12318
0.953138
1.16926
1.15132
1.00506
0.950116
0.933592
1.08882
1.02254
1.08129
0.906249
0.841864
0.835958
0.915373
1.00017
0.88433
0.942441
1.00213
1.11906
0.98224
0.791478
1.06283
1.04823
1.0293
0.91387
0.83085
0.93652
0.818939
0.991732
1.03426
1.03245
1.28818
0.953267
0.988468
0.979094
0.945382
1.06995
1.06935
1.00847
0.945557
1.01319
1.23806
1.02176
1.00902
0.919868
0.895062
0.96305
1.04216
0.908188
1.06255
0.934294
0.828122
0.843264
1.22381
0.973532
1.07294
1.00832
1.11642
1.01857
0.945513
0.997962
1.0414
1.09179
1.02699
1.0308
0.998248
0.993434
1.03813
0.943566
0.845922
0.855797
1.02466
1.0443
0.860244
1.15149
0.979442
1.15963
0.990476
0.968475
0.779681
1.15393
0.967948
0.90716
0.990465
1.04138
1.04475
1.06152
0.901285
1.01396
0.920839
1.06775
0.97456
1.10378
0.998713
0.95272
1.13781
0.936087
1.05213
0.936134
0.916475
0.940155
0.891016
0.874573
1.21834
0.782744
1.08393
0.872835
1.2701
1.14267
1.10063
0.969826
1.00436
0.877094
0.990709
1.04512
0.876093
1.11691
0.868858
1.02398
1.23414
0.888021
1.01794
0.940925
0.985973
0.887659
0.927298
1.03551
1.00671
0.974962
0.874894
0.99784
0.849272
1.04476
1.01257
0.995997
0.848771
1.00517
1.05053
0.997308
0.994941
1.09901
0.855415
1.1233
1.01506
0.785821
0.973571
0.936945
0.894875
1.06891
0.846503
0.986172
1.20353
0.972384
0.857798
1.05583
0.910707
0.967025
1.13187
0.809872
1.22917
1.06176
0.910347
1.06347
0.978007
0.998553
1.16753
0.984338
1.00724
0.947879
0.913126
1.0517
0.959794
0.898529
1.07213
1.0004
0.97289
1.07114
1.0885
0.891855
0.892553
1.11717
1.13406
0.912728
1.01064
0.932015
0.897867
0.925652
0.860952
1.04435
1.20353
1.02277
0.937158
1.10716
0.90958
1.1236
0.990856
1.11522
0.934034
0.955916
1.09147
1.01443
0.868372
1.01295
0.945025
0.813828
0.846403
0.869922
1.10986
0.998874
1.12365
0.94847
1.15344
0.918123
1.03208
1.16786
0.950398
0.927046
0.908761
0.968478
1.07141
1.00685
0.920505
1.10105
0.954943
0.936965
1.03261
1.03458
1.03751
0.986245
1.02862
0.981222
0.961874
0.931942
1.00412
0.845039
0.9713
0.987857
0.939049
1.0501
0.954525
0.954826
0.971524
0.970672
0.951002
1.05973
1.08281
1.01072
0.980823
1.05256
1.20947
1.01804
1.1456
0.903108
1.01462
0.896348
1.11142
1.05806
0.925394
1.04879
1.03408
0.872942
1.21634
1.05888
0.997443
0.837894
0.990278
0.981565
1.10384
1.01077
1.0478
0.996774
1.02103
0.928669
0.967017
0.968929
0.9227
0.941509
0.868904
1.15215
1.04269
1.08433
1.06064
0.891698
0.893789
0.917123
1.21096
0.88568
1.17584
0.951019
1.0308
1.02072
0.914808
1.06175
0.940954
0.919089
0.94827
0.908689
0.998141
0.926068
1.08831
1.19386
1.12233
0.971186
1.1063
0.996583
1.04322
1.16761
0.999565
0.991997
1.01587
1.02319
1.23824
1.07003
0.945927
1.0172
0.925665
1.17225
1.00744
0.873509
1.06778
0.86964
1.18014
0.840409
1.11884
1.05545
1.17098
1.10893
0.859943
1.00867
1.00376
1.01131
1.1467
1.03901
1.06637
0.862198
1.08532
1.06822
0.947191
1.07491
1.10443
1.03464
1.08819
0.913869
0.985901
1.05783
1.0091
1.03235
0.922776
1.02865
1.08798
1.00162
0.978103
0.978005
0.936171
0.878785
1.18203
0.892303
1.0166
0.957534
1.05227
0.884122
1.00451
0.875534
0.926541
0.884613
0.913132
0.997897
0.978742
0.972631
0.934848
1.00252
1.11328
0.986514
1.19021
1.09131
1.09278
1.02401
1.02502
1.13463
1.09893
0.937385
0.861924
0.897076
0.936355
1.06862
1.02539
1.20736
1.07023
1.03573
0.918795
0.935248
0.841327
0.717347
0.957581
0.747818
0.984766
1.00939
0.910746
1.02814
1.26635
1.08272
0.845243
1.05775
1.08486
0.865399
0.953506
0.920218
1.16512
1.11397
0.999502
1.06886
1.21978
0.914237
1.03989
0.944281
1.00871
0.888272
0.999115
1.08691
1.06689
0.978353
1.29939
1.01416
0.855453
1.22173
1.01968
1.0015
1.04502
1.03925
1.05195
0.946223
0.810691
0.969969
0.970993
1.08744
0.982584
0.87149
0.979318
1.13457
1.17193
0.955475
0.975863
0.862853
0.996802
0.982754
0.918947
1.04264
1.0386
0.973949
1.0349
0.926726
0.788973
0.977914
0.972202
0.914277
1.0663
1.00611
0.922229
1.07343
0.874071
0.98991
0.999194
1.10308
0.992163
1.13606
0.919996
0.900419
0.929629
0.913281
0.954383
1.01558
1.04837
0.90745
1.14548
0.730958
1.10307
0.944376
1.12537
1.14165
1.06934
0.952769
0.91247
1.10366
1.07438
0.921331
1.1314
0.973351
0.883983
0.938884
1.02267
0.99039
1.07859
0.996342
1.05688
1.07378
1.07935
1.15478
1.01835
0.902495
0.878248
0.935595
1.13456
1.04629
1.00502
1.06671
0.925942
0.908199
0.883419
0.889253
0.864971
0.962599
0.901401
1.01811
1.01272
1.13198
1.14989
1.02199
1.25088
1.03974
0.944477
0.994041
0.976047
1.18462
0.990392
1.12914
0.882063
1.00111
0.987617
1.11019
1.04784
1.00656
0.86487
0.94039
1.0727
0.910677
1.18438
1.05537
0.856622
0.860814
0.949595
0.865601
0.898359
0.955046
1.10265
1.05849
0.901849
1.01457
1.08258
1.1262
0.88243
1.01462
0.858294
1.11366
1.04799
1.19084
0.834526
1.02208
0.977623
0.981727
1.00295
1.05561
1.05773
1.07062
0.862591
1.00083
0.989736
1.01901
1.22091
0.943134
0.846791
1.0213
0.89436
0.952415
1.00044
0.85283
1.00558
0.927632
1.1828
0.989404
1.00517
1.03075
1.14645
0.949874
0.86304
0.905546
0.916152
1.2349
0.9113
1.2112
1.08135
1.19065
1.23744
1.03565
0.93477
1.01358
0.929751
1.02038
1.0477
1.16957
1.05084
1.01168
1.06124
0.933617
0.92847
0.930731
0.98681
0.936885
0.926716
0.974781
0.879909
0.996948
1.05558
1.05482
1.11937
1.08351
1.05985
0.892151
1.2224
0.949854
0.948883
1.00376
0.820347
1.17709
0.905739
1.22202
0.993467
0.974047
0.84605
0.968927
1.1515
0.963245
1.12201
0.958827
1.16925
0.997793
1.07451
1.07122
1.01815
1.00647
1.13191
1.03945
0.965053
0.941594
0.93885
1.0208
0.820877
0.894371
1.12031
0.903537
1.174
0.99372
0.977703
1.03927
0.942855
1.02417
1.05506
0.899255
0.85468
1.04714
0.995165
0.811396
1.11836
0.92001
1.03247
0.859119
0.650002
0.942141
0.966911
1.05109
0.877795
0.968502
0.959814
0.977946
1.05729
1.02238
1.03682
0.838235
1.08575
0.93907
1.03784
1.10521
0.83584
1.17907
1.00062
1.01536
1.14211
0.974386
1.00218
0.873927
0.97482
1.15441
1.20953
0.848809
1.00174
0.955041
0.998148
0.982578
0.82403
1.07519
0.967057
0.869713
0.96669
0.961288
0.984073
0.881809
0.926816
1.03601
0.973125
1.01521
0.992853
1.14492
1.08899
1.19772
1.11453
1.02281
0.928166
1.2349
1.04891
1.07774
1.18026
1.17465
0.908307
0.971854
1.00793
1.01689
1.03187
1.10322
0.893531
1.22541
1.10718
0.908677
1.02886
1.08293
0.903529
1.12555
0.797741
0.997402
0.995038
0.96967
1.18842
0.979428
1.00225
1.10404
0.926158
0.926732
0.947067
0.98967
0.964732
0.839069
0.824988
1.12896
1.01028
0.938508
0.947964
1.00373
1.0134
1.22242
0.825177
1.05925
0.962626
1.00192
1.02679
1.18052
0.895783
0.832955
0.955759
0.925449
1.10019
0.959928
0.877235
1.11861
1.00026
0.903359
1.00098
1.12804
0.962622
1.00819
1.06464
1.07966
0.994403
1.05865
1.02215
0.938906
1.03762
0.997967
1.07634
0.783343
1.04916
0.905554
1.15614
1.00137
0.848062
1.14573
0.961578
1.15089
0.978178
1.02205
1.00512
1.08486
0.878527
0.984062
0.89493
1.06151
0.857434
1.1648
0.979703
1.02713
0.911609
0.991083
0.888055
1.19208
0.814619
1.02316
1.15048
0.891574
0.983855
1.04284
1.173
0.859479
1.02921
0.978375
0.982191
0.911848
1.06784
0.85715
0.960443
1.11816
1.00495
1.08653
0.899522
0.831205
1.02379
0.994233
0.911749
1.01815
0.982307
0.95805
0.865144
0.79726
1.04452
1.08328
1.02454
1.06599
0.826422
0.996655
0.919499
0.987071
1.03003
0.998245
1.15428
0.948147
0.8075
0.988969
0.969788
1.16424
0.863942
1.13078
0.96724
0.884501
1.10732
1.00224
1.0867
0.921782
1.01434
0.981998
0.995335
0.998497
0.873638
0.784083
1.16474
0.906569
0.842188
0.913652
0.786633
1.0162
1.00848
0.794382
1.00432
1.07956
0.82978
1.10984
0.885974
0.962708
1.04909
0.944729
1.00989
0.917852
0.96561
1.00396
1.02813
1.06842
1.10987
1.07884
0.989088
0.947295
1.05028
1.00245
1.17275
0.899767
0.966252
0.807631
1.10823
1.02725
0.908876
1.0593
1.01233
0.834786
1.08443
0.888594
1.00812
0.959114
1.05818
1.01701
1.04112
1.0357
1.14307
0.94033
0.918215
0.932919
0.88476
1.04281
1.09254
1.11417
1.17044
0.972143
0.904941
1.15242
0.907445
1.13514
1.11029
0.961432
0.951558
1.00234
0.994516
1.01853
0.992652
1.14762
0.793683
0.956798
0.942966
0.827492
1.01267
0.797792
0.97337
1.14141
1.05742
1.08375
0.932639
0.915234
1.12061
1.06108
0.909841
1.1382
1.11894
1.0497
0.888269
0.898067
1.0899
0.92716
0.735932
1.03149
0.870349
0.972835
0.868323
1.01391
0.98438
1.01933
0.917284
1.02718
0.798495
0.987112
1.04769
1.095
1.04427
1.06241
0.97507
0.932236
0.772263
0.969099
0.983114
0.970779
0.991622
0.892377
0.945327
0.950384
1.06513
0.997102
0.843265
0.966701
1.04573
0.813022
0.923985
1.00718
1.03867
1.07489
1.02705
0.905001
1.00619
1.02474
1.03467
0.954143
0.835623
0.969758
1.04918
0.949153
1.10979
1.05545
0.945945
1.05526
0.972562
1.05932
0.957147
1.0078
0.930327
0.978029
1.04462
0.976184
0.998383
0.881082
1.02319
0.964768
1.14739
1.22513
0.983384
0.978135
0.971119
1.1048
1.0144
0.94325
1.01401
0.929797
0.987654
1.00268
1.07692
0.960932
1.02562
0.929365
0.958492
1.00219
1.03006
1.03911
1.104
0.840789
1.07794
0.973068
1.15439
0.986424
0.952589
0.867996
1.03759
1.05645
1.15007
1.19685
1.10335
1.11225
1.04769
0.934949
1.10419
0.976088
0.852466
0.944595
0.950769
1.11053
1.15315
0.945809
1.06159
1.03509
0.869065
0.840466
1.02076
1.0496
1.06803
1.04544
1.02237
0.996381
1.0625
1.1029
1.00291
0.791584
0.843576
1.20026
1.0353
0.938297
1.06093
1.04788
1.00914
1.00604
1.06361
1.16281
1.02546
1.07439
0.949898
0.961366
1.03065
0.985577
1.10788
0.905206
0.995405
1.00593
1.08003
0.986327
0.896809
0.941716
1.03197
1.04248
0.853345
1.1512
1.16582
1.11128
0.952126
1.03771
0.861976
0.94406
0.950607
0.89151
1.14069
0.885739
1.05355
0.986148
1.15185
1.00839
1.154
0.933782
1.0168
1.03797
0.997013
1.12143
1.02364
0.982397
1.02801
1.01683
0.963605
0.98141
0.999401
0.984369
1.18587
0.952842
1.09209
1.05701
1.20553
1.0084
0.993864
1.07598
1.02767
1.07694
0.941416
0.84677
0.987401
0.983648
0.951866
0.895417
0.971715
1.01205
0.985322
0.910916
0.954062
0.899944
1.0938
1.13166
0.977741
0.948869
0.850888
0.830417
1.02052
0.97597
1.09233
1.0634
1.03131
0.915868
1.14075
0.990648
0.999336
1.06335
1.00672
1.01742
0.996899
1.0754
1.11757
0.928734
0.92314
0.865525
1.00145
0.875249
1.14212
1.04877
1.08047
0.893935
0.839668
1.05107
1.0249
0.808246
0.774784
1.11175
0.771692
0.958951
0.994589
0.865893
0.946121
1.00066
0.968079
1.03766
0.903756
1.09525
1.02451
0.860781
0.937347
1.07256
0.902958
0.957086
0.973445
0.992487
1.14841
1.19294
0.898406
0.93773
1.01416
1.09757
1.06579
1.01932
0.986164
1.06246
1.22624
0.870376
1.01669
1.03561
1.04635
1.27427
0.869516
0.821486
1.04274
0.96939
1.01659
1.11125
1.11781
1.06035
1.12557
0.924253
1.20719
1.04446
0.985824
1.01956
0.847299
1.01225
1.02898
0.969224
0.873819
0.765163
1.19395
1.07038
1.01133
0.970951
1.12062
1.07105
1.12369
1.00185
0.982272
0.956221
1.13757
0.905875
1.07481
0.943761
0.969577
0.949407
1.17041
0.852621
0.913251
1.00304
1.0613
0.861245
0.962929
0.906851
0.946114
0.974775
1.08126
0.90543
0.949751
0.934746
0.92635
1.1061
0.851663
0.894218
0.964126
1.00711
0.990138
0.864635
0.917028
0.98953
1.16091
0.998228
0.904632
1.07397
1.10183
0.986152
0.958942
1.17751
1.29427
0.917264
1.02069
0.970549
0.848058
1.00837
0.969764
1.02181
0.968975
0.90687
1.00061
1.02337
1.01611
1.16738
1.1424
0.973854
1.00513
1.01235
0.967409
1.00082
1.07907
1.05833
0.984085
1.03148
1.10337
0.90003
0.953501
0.96363
1.03118
0.951751
0.91773
0.971089
1.13236
1.00813
0.989778
0.986326
0.941281
1.08349
0.919328
0.927108
0.953764
0.894586
1.14063
1.06367
0.983015
1.02114
1.03649
0.95228
1.03126
0.948455
0.969352
1.09948
0.79534
0.890669
0.883449
0.91561
1.0338
0.968891
1.09039
1.08769
1.1138
1.09767
0.985403
1.0159
0.942573
1.12885
1.04361
1.00185
1.07548
1.00676
1.2235
1.02111
0.892097
0.767216
0.970026
1.22012
1.04541
1.01345
0.993051
0.9692
1.04873
1.09453
1.0975
0.929157
0.915654
0.972481
0.882721
0.877741
0.918469
0.976073
1.08265
1.16434
0.964777
0.812967
0.86055
0.960604
0.910477
1.02352
0.819303
1.01609
1.08204
0.991002
1.07855
0.971282
1.1116
0.919372
0.934616
0.917125
1.05105
0.86169
1.18036
1.07881
0.976546
1.13289
0.925232
1.17159
1.0724
1.02456
1.12906
0.983169
1.23493
1.00834
1.05821
0.86207
0.985666
0.985469
0.88206
1.21451
1.02378
0.896759
0.933741
0.805158
1.25094
0.947119
1.11841
1.02124
1.00336
1.0582
1.17985
0.999643
0.977401
0.982676
0.849674
0.876457
0.880566
1.00013
0.887246
1.13798
1.06429
1.05236
0.96024
0.905528
0.794457
0.993735
0.949135
0.862217
0.965671
1.17514
0.805041
1.15216
0.858241
0.97088
1.00313
0.971002
1.12732
0.964287
0.943675
1.10671
0.74793
0.827594
1.10566
0.956355
1.03679
1.27603
1.04149
0.922812
0.908382
0.999577
0.90419
0.955861
1.10836
1.05842
0.873102
1.07098
0.980456
0.916087
0.839161
0.858921
1.04129
1.01152
0.957031
1.17439
1.02694
1.05138
1.03861
1.01146
1.05856
1.06629
1.03422
1.05459
0.939316
0.884236
0.871065
0.793667
1.1259
1.12216
0.900342
0.832544
0.859787
1.07787
0.95113
0.955633
0.97471
1.15758
0.967558
0.843906
1.0585
0.946276
1.15458
0.9838
0.888622
0.995835
0.941346
1.04284
0.990439
0.786073
0.810886
0.955049
1.10642
0.924132
1.11871
1.08787
1.00647
0.938212
1.09944
0.856625
0.934284
0.895598
1.13146
1.10235
1.07538
1.24502
0.861299
1.13048
0.868296
0.975542
0.961424
1.09456
0.919891
0.878592
1.08028
0.983769
1.04973
1.11985
0.992815
0.999255
1.06581
1.07118
0.971729
0.811836
1.03625
1.04718
0.974768
0.995298
0.979445
1.03978
1.07466
0.901721
1.07418
1.06299
0.981332
1.06142
0.95095
1.05401
0.98512
1.01409
0.900763
0.804096
1.09036
1.21862
1.24196
1.06714
0.904813
0.903467
0.998278
0.900231
0.925733
0.887955
0.825208
1.03902
0.966243
0.925153
0.983139
1.08238
1.01748
0.967559
1.05557
0.968326
0.899068
0.904828
1.01459
1.12084
1.02151
1.07605
1.04253
1.02711
1.06834
0.788074
1.12907
0.896907
0.982335
0.999347
1.07864
1.00083
0.905503
1.1364
1.07697
0.902461
0.823115
1.06323
0.974321
1.06763
0.890701
1.12261
1.07469
0.805616
1.03486
0.920442
0.87754
0.787731
0.976725
0.99775
1.02522
0.999254
1.00294
0.866844
1.06473
0.839193
1.01273
1.12658
1.06684
1.10953
0.912347
1.05215
0.908053
0.853165
1.12109
1.05435
0.965492
0.964562
1.02684
0.890555
1.02667
1.08187
1.00262
0.940137
0.93242
1.08971
0.777509
1.02155
0.978714
0.906424
0.963338
1.08579
1.03763
0.922113
0.923523
0.994361
1.14651
0.890996
1.12598
0.908749
0.826226
1.03842
0.964539
0.865666
1.00102
0.974672
0.932628
1.05424
0.825845
0.854859
0.909466
0.933712
0.995319
1.13073
1.06279
1.06658
1.01882
0.933528
1.15278
0.931758
0.915512
0.894829
1.03432
1.01474
1.07171
0.922218
1.00893
1.10065
1.14116
1.07409
1.01498
1.0311
0.922206
1.04116
0.766051
0.861549
1.02737
1.03161
1.11301
0.93382
1.08752
1.0118
1.03276
1.12488
0.99786
0.734221
1.26627
1.05974
0.953494
1.14791
1.03221
1.05763
0.984603
1.00636
1.07856
0.905466
1.11345
1.03265
1.00952
0.967536
1.05537
1.06122
1.10596
0.971353
0.974493
0.956925
1.04118
0.751018
0.983946
0.934985
0.874317
1.11632
1.06712
0.805556
0.989665
1.13402
1.12377
0.971466
1.04407
1.08888
1.23605
0.958906
0.995325
0.902131
1.05838
1.15858
0.795247
1.11858
0.951354
1.10174
0.898104
1.09611
1.31681
0.887598
1.08738
1.03677
0.989379
0.954521
1.13871
1.10214
0.989374
0.929066
0.913743
0.937327
0.988548
1.09994
0.838844
1.05121
1.10728
0.827539
0.997536
0.881672
0.844677
0.967443
1.00911
1.0039
0.881222
0.951731
1.05045
1.1123
0.913008
0.969076
0.987854
0.908875
0.989992
1.15786
1.02406
0.929528
1.04238
1.02009
0.92031
0.830915
0.963234
1.15802
0.780668
0.96021
1.31203
1.01591
0.998649
0.883105
1.18423
1.1405
1.09017
1.1433
0.9344
0.862306
0.99236
0.857699
1.1007
0.935201
0.972418
1.09766
1.31707
1.01975
0.950398
0.989184
0.933694
1.00109
1.07358
0.86728
0.99192
1.02315
1.01289
0.849615
0.975513
0.918217
1.05176
0.896004
1.12841
0.949974
0.857569
0.909683
1.11359
1.0245
0.880782
0.884278
0.959183
0.96351
1.11041
1.0042
0.937506
0.866758
1.03856
0.96705
1.13912
0.967608
0.85738
0.94136
1.03816
1.09426
1.0111
0.951049
1.07403
0.971838
0.905198
0.978908
0.980671
1.01293
1.05801
0.890514
1.02255
1.13343
0.938511
1.10993
1.12363
0.940456
1.09045
0.961585
1.0613
1.09385
0.955308
0.937633
0.947414
1.06473
1.01004
1.10628
1.11281
0.935135
1.02335
1.03955
0.916474
1.02866
1.04395
1.17441
0.984591
0.84208
1.02185
1.01145
0.888174
0.870118
0.93471
0.974435
0.94009
0.849283
0.997341
1.02324
1.0359
1.03025
0.949566
0.716444
1.26464
0.904227
0.95255
0.926449
0.980038
1.09174
1.13667
0.987825
0.965419
0.913614
1.04365
1.20389
1.10765
0.925995
0.973587
0.8649
0.926123
1.02815
1.14038
0.959657
0.861505
1.05538
1.07957
0.917494
0.886986
0.894142
0.858336
0.895372
1.06924
0.98948
0.931021
1.09603
0.889089
1.01542
1.05815
0.838944
0.911945
1.04232
0.957741
1.12274
1.05912
0.938453
0.95541
1.15352
1.12536
0.97316
1.00894
0.958278
1.12151
0.862359
1.01466
0.956224
0.923706
1.26016
1.00012
0.999689
1.02107
1.21331
0.858396
0.987034
0.947233
0.910141
1.06519
1.08144
0.880913
1.00867
1.1375
1.05542
0.748834
0.972172
1.10502
1.08526
0.931982
0.963101
0.731246
1.04694
1.30049
0.994393
0.939562
0.871474
1.00981
0.784361
1.00394
1.06379
1.03051
1.04092
0.982503
0.968358
0.941335
1.02359
0.922213
0.996192
0.84621
1.06091
0.895491
1.07438
0.980921
1.02783
0.998858
1.14979
1.11541
1.08689
0.885223
1.31258
1.01866
1.01543
0.888801
1.12271
1.01831
1.06988
0.989887
0.99174
1.08232
0.902951
1.04153
0.969145
0.908299
0.958987
0.900074
1.17575
1.11781
1.02304
0.977764
0.987279
1.05167
0.927871
1.22845
0.896724
1.15259
0.969515
1.02488
0.848442
0.970655
0.925657
0.941598
1.16941
1.03403
1.2911
0.924029
0.97259
1.0586
0.965182
1.07075
1.09765
1.10496
1.15758
0.924641
0.935758
1.08751
1.1062
1.04578
0.842551
0.988607
0.802538
1.08712
1.00595
0.931286
1.00546
1.07415
1.09279
0.782059
1.00959
1.00576
0.88814
0.95901
1.19199
1.1317
0.921288
0.990569
1.00066
0.978036
1.0681
1.15887
0.954495
0.963146
1.01497
1.09338
1.18149
0.765641
0.932039
0.821664
0.809925
1.16507
1.10226
1.04657
0.853971
0.921824
1.03067
1.04982
0.947037
1.00473
1.21592
0.922331
1.18355
1.01309
1.14673
0.848839
0.921592
1.02109
0.906506
1.09032
0.949963
0.802502
0.96133
1.03831
0.992873
0.911306
0.938663
1.10099
1.08296
1.10781
1.03
0.850485
1.01545
0.845042
0.941323
0.900426
0.902932
0.88901
0.899582
0.85827
0.804515
0.929349
0.813302
1.17772
1.15932
1.11961
1.08357
0.963348
0.964822
1.01676
1.04914
0.984013
0.728859
1.12138
1.12038
1.08209
0.950751
0.791085
0.95712
1.00991
0.940093
0.914526
0.933943
0.964985
1.10186
0.923629
1.14328
1.10541
1.14312
0.959703
0.995594
0.981867
0.953199
0.868758
0.928062
1.04791
1.05211
1.04751
0.98428
1.09146
1.00104
1.02929
1.08124
1.01967
0.859099
0.997655
1.0157
0.87362
1.03808
0.920047
0.964548
0.80295
0.860582
0.870432
1.16121
1.0636
1.03211
0.975197
1.04793
1.02456
0.930514
0.945213
1.02297
1.03316
1.06344
0.85151
1.06036
0.980201
0.913475
1.01738
1.15751
0.888412
0.969081
1.05685
1.09934
0.983729
0.966709
1.05697
1.10107
0.913625
0.967165
0.959948
0.889314
1.05425
1.04102
0.878764
0.918659
1.0085
0.93512
1.06841
1.02026
0.929242
1.015
1.1185
0.843727
1.02339
0.913876
1.0717
1.25083
1.12065
1.14105
1.04398
1.01419
0.992078
1.03892
0.984365
0.948065
0.924585
1.11698
1.04672
0.968169
1.24416
1.03352
1.05003
1.07909
1.05147
1.02595
1.12271
0.930415
0.922773
0.830791
0.953756
1.07846
0.922493
1.00849
1.02327
1.13177
0.919727
0.867812
1.06062
0.937865
0.937193
1.04255
1.04723
1.02469
1.01461
1.13366
0.875275
0.864813
1.05798
0.943382
1.09543
0.930289
1.00943
1.11464
0.940884
1.10602
1.22963
1.04561
0.886073
1.10283
0.945279
1.06259
0.989196
0.929751
0.780461
0.927482
1.21513
0.968452
0.929953
0.949468
0.934125
1.08877
0.97289
0.914107
0.977693
0.942527
0.956635
0.97719
1.01847
0.9811
1.04517
1.00101
1.098
0.870088
0.91283
1.02557
1.12367
0.810034
1.13524
0.923795
0.972713
1.13748
0.985939
1.04017
1.09622
0.938341
1.01447
0.986873
0.979649
0.909486
0.922545
1.01819
0.992331
1.1229
1.00646
1.16451
0.945847
0.910611
0.766178
0.996764
0.981585
0.894823
1.11801
1.12393
0.890276
1.09371
0.961019
1.16999
0.916153
0.92885
0.939045
0.98084
1.01858
1.0044
1.02753
1.12044
0.992771
1.03853
0.812592
0.988889
1.05427
1.06827
1.04461
0.818022
0.896377
0.903756
1.07821
0.884469
1.20685
0.863738
0.958842
1.11893
1.07606
0.949534
1.16893
0.976002
1.18607
1.1102
1.06806
1.14275
1.03745
0.842292
0.983983
0.924615
0.961174
0.925359
1.31975
0.850318
1.01154
1.05187
0.919075
1.00579
1.1715
1.27629
1.23731
0.854269
0.823562
1.03266
1.03747
1.04032
1.07889
0.942045
0.981738
1.15942
0.832948
1.15488
0.916677
0.98768
1.02635
1.03436
1.01777
0.970984
1.0527
0.888928
0.934691
0.92653
1.06879
0.953571
1.09706
1.07099
0.81375
0.996444
1.05212
0.915172
1.05632
0.920845
1.03002
0.945348
0.99599
0.97783
0.995787
1.13856
1.01701
1.09114
1.03125
1.2197
1.02721
1.08963
0.929253
1.11122
1.02512
1.03995
1.13862
0.870325
1.00113
1.07346
1.02037
0.903148
0.865648
0.99055
0.950779
0.997967
1.0435
0.905652
1.12575
1.25692
1.00783
0.91015
0.87129
0.835065
0.893232
1.03886
1.01441
0.951584
1.00915
0.797388
0.965348
0.926949
0.958164
0.783598
0.819197
1.07232
1.12406
0.910168
0.989679
0.878228
1.1413
0.902579
0.903918
1.15886
0.897115
1.0429
1.13038
1.25527
0.913215
1.12641
1.07243
0.890142
1.00236
0.92706
0.997179
0.977645
1.24745
0.896819
1.17935
0.927275
1.12631
0.877259
0.963291
0.992156
0.832938
0.878812
0.932737
0.932168
1.01122
1.02815
1.16565
0.98756
1.05742
0.901732
1.22033
0.918398
0.947225
0.866223
0.909709
1.13074
1.072
0.937297
1.14475
1.13929
1.06332
1.02985
0.949043
0.771822
0.952112
1.05817
1.07949
0.840198
1.09187
0.932922
0.964801
0.958773
1.03872
1.05313
0.869761
0.961688
1.0011
1.01271
0.778864
0.976813
0.973212
0.868391
0.978258
0.930221
1.02819
1.28644
1.20804
1.15439
1.15053
1.03596
0.978016
0.986255
0.933917
1.06234
1.03641
1.03051
0.997845
0.927604
1.07619
1.08993
0.985338
1.11172
1.01575
0.92223
1.09139
0.937185
0.761808
1.20035
1.01888
1.0591
0.987387
1.11907
0.902813
1.06064
0.99755
1.06427
1.04752
0.972936
0.969319
0.978014
0.824688
1.23051
1.0038
0.829733
1.1191
1.04376
1.03515
1.07728
0.848648
0.922049
1.09167
1.04259
0.975444
1.09957
1.10765
0.877573
1.1032
1.1295
0.914472
1.05249
0.993686
0.968929
0.856993
1.07637
0.953191
1.09072
0.966879
0.840188
0.878913
0.841818
1.12697
1.09579
0.885324
0.964893
0.931025
0.985979
0.908177
0.975978
0.937656
1.13186
0.918893
1.13623
1.08749
0.98319
1.11606
0.930482
0.934836
0.895913
1.01978
1.06501
1.00786
0.919783
0.779694
1.01423
0.994248
1.06641
0.979797
1.02747
1.06416
0.933204
0.989349
1.13233
1.05713
0.867957
0.980469
0.96544
1.06891
1.03641
1.12693
1.09766
1.01246
0.914103
0.869597
0.975165
1.00013
1.06113
1.00609
1.15252
0.94613
1.04008
1.02035
0.911341
1.00634
0.97079
0.980601
0.965071
0.880129
0.973919
1.07407
1.14348
0.995774
0.939655
0.937153
1.09693
1.0359
1.13287
0.953983
1.04108
1.01612
1.15983
1.08616
0.893793
1.03004
0.933258
1.01759
1.05889
0.935067
0.930942
0.98846
0.883064
0.963669
0.892829
0.807353
1.05296
1.06384
1.05695
1.03927
0.840169
1.18008
1.01728
0.995035
0.964308
1.1121
1.09033
0.90999
0.939346
0.99518
1.04629
0.95462
1.06672
0.956334
0.926295
1.07774
1.1076
0.916777
1.16419
1.22545
1.14807
0.92681
1.00794
0.927328
1.03941
1.00907
0.991684
1.02081
1.03282
1.15942
1.06277
0.812173
0.906816
1.06032
0.787915
1.12348
0.98553
0.988932
0.920246
1.07113
1.12198
0.87785
0.956944
1.11205
0.90769
0.962953
1.14366
1.03278
1.09498
1.03562
0.94558
1.08223
0.962055
1.02498
1.00702
1.03671
0.956623
1.0624
0.982027
0.962231
0.982581
1.05476
1.19014
1.25827
1.05138
1.2076
1.08283
0.925739
0.904143
1.03193
0.91286
1.05044
1.03967
0.996745
0.9272
0.997788
0.987689
0.789274
0.933713
1.13368
1.0033
1.00449
1.00662
1.17906
0.981152
0.973207
0.996861
1.09098
0.891655
0.881266
0.932443
1.01186
1.09973
0.901511
1.11194
0.98407
0.959004
1.05664
0.924976
1.04616
0.957382
1.06055
1.12474
1.12838
1.10077
0.979723
0.939947
0.966203
0.851466
0.884617
0.976321
1.00302
0.928331
0.88184
1.02992
1.0647
1.20303
0.834832
1.11061
1.01072
0.977386
1.00288
0.948024
1.06076
0.989302
1.13685
0.942441
1.04788
1.04339
1.13264
1.11006
1.17048
1.09499
0.919261
0.982572
1.07607
0.903325
0.977126
0.976558
0.994631
1.04663
0.986586
0.955682
0.951904
1.07822
1.14125
0.813804
1.22115
0.990349
0.896916
1.10504
0.920208
0.897914
0.793639
1.0485
0.947701
0.929497
0.946924
0.923344
0.959424
1.02784
1.14411
0.937939
0.891561
1.00694
1.10958
1.07602
1.14093
1.00802
0.975459
1.11388
0.988848
0.926937
0.927205
0.940602
0.843757
0.886271
1.08465
1.00389
1.09935
0.987574
0.946953
1.02021
1.16296
0.975109
0.945939
0.897109
1.07507
1.10837
0.910408
1.10141
1.0546
1.13137
0.849597
1.25667
0.981326
0.976587
1.01918
1.12524
1.02027
0.951694
1.22901
1.15347
0.916154
1.18885
0.890557
1.01923
1.07337
0.879436
0.985152
1.17259
0.943503
0.79149
0.973401
1.11357
1.11924
1.02368
0.976064
0.988851
1.10236
0.942556
0.897712
0.908457
0.981921
1.01722
1.0419
0.955311
1.0483
0.907289
1.03009
0.961623
1.08533
1.07078
0.884366
0.981512
0.831781
0.831675
0.997449
1.20825
1.0983
1.04193
0.990324
0.992678
0.976764
0.920652
1.15177
0.947489
1.05884
0.88718
1.14256
0.941787
0.987609
0.903855
0.837499
0.759106
1.05226
0.992708
1.05955
1.15339
1.03491
1.07306
0.920982
1.126
0.875662
0.91815
1.00298
0.910427
1.08992
0.899702
0.918024
1.03995
0.892573
1.02224
0.99952
0.855773
0.932316
1.03275
1.06393
0.91923
1.10685
0.960692
0.803887
0.887694
1.06478
1.13161
0.897795
0.961791
1.02808
0.869528
0.95014
0.832953
0.887771
1.05372
1.08057
0.961265
0.891901
0.802936
0.995037
1.29236
0.904822
1.08038
0.934085
0.950907
0.896002
1.05182
1.0559
1.07893
1.0729
0.871075
1.00014
1.00747
1.13547
1.0103
1.02483
1.07887
1.04312
0.845751
1.04501
1.06534
0.942086
0.804998
0.915697
1.12362
0.833769
1.21532
1.0309
0.936791
1.03979
1.00263
1.00062
0.953209
0.907925
0.883836
0.981788
1.13077
0.836455
1.09382
0.892914
0.83113
1.14064
1.01127
1.05724
0.800154
1.06892
0.931474
0.857887
1.134
0.945126
0.969201
0.97566
0.988883
0.936385
0.934113
1.00708
0.946399
1.00152
1.04893
1.10855
0.865429
0.986529
1.06122
0.990521
1.10139
0.91925
1.01964
1.03383
1.15484
1.01237
1.12457
1.04754
0.920234
0.915631
1.1347
1.00448
1.03921
1.02101
1.09226
1.09619
0.945559
1.04951
1.04108
0.999535
1.00022
0.852538
1.02655
0.982134
1.09263
0.902539
0.965222
1.02118
0.835217
1.10974
1.22022
1.02979
0.942536
0.869412
1.01064
1.32621
1.05562
0.969135
1.11006
1.10395
1.14058
1.15944
1.08674
1.19794
1.09131
0.973127
0.749944
1.03223
0.999766
1.00736
1.20738
1.01528
1.14275
1.04823
1.0177
0.90395
1.0357
0.904483
1.01734
1.09495
0.922983
1.04351
1.13884
1.05798
0.843694
1.06246
0.756885
0.915501
1.04635
0.823372
0.814311
1.13877
1.02765
0.872694
0.85743
0.994446
0.986775
0.891541
0.865985
0.920076
1.03785
1.18707
0.935841
0.992535
0.964126
1.08374
0.957724
0.799401
0.962125
1.04927
1.16964
0.91238
1.18168
0.87708
1.05967
1.01244
1.10914
0.735692
1.03079
1.12705
1.03137
0.912723
1.0785
1.18706
0.876741
1.0412
1.01357
0.941443
1.12448
1.12655
1.1281
0.98568
0.910214
0.987827
0.974529
1.09466
1.02258
1.18505
0.963344
0.905502
1.12062
0.945106
0.80767
1.05216
1.00704
0.928624
0.911867
0.950591
1.06204
0.998707
1.06221
0.812091
1.04781
1.0028
1.12027
0.926072
1.17098
0.902901
1.14581
0.86011
1.13483
1.01089
0.894245
1.01501
0.94327
0.992672
0.93774
1.05698
0.872163
0.986683
1.01188
0.964828
0.897258
1.13109
0.989671
0.882776
0.884138
0.864049
1.19095
0.88275
0.89348
0.957434
1.03069
1.00648
0.967171
1.13713
0.921825
1.03797
0.916618
1.12594
1.06933
0.96334
0.930752
0.943598
1.09908
0.983557
1.04061
1.06924
1.09556
1.07403
0.996077
1.03433
1.01881
0.956501
1.00641
1.06499
1.08979
0.924196
1.12861
1.03288
0.933118
0.897157
0.956359
1.15344
0.959747
1.04093
1.07236
0.900657
1.07183
1.0288
0.947426
0.887065
1.02911
1.0031
1.02093
0.938779
1.00049
0.94555
1.02701
0.904998
0.919731
0.957119
0.952682
0.935641
0.878851
1.05894
1.03991
1.0119
1.32195
1.04172
1.01001
1.10604
1.04498
1.12808
0.965063
1.00237
1.04082
0.949023
1.03552
0.899355
1.08977
1.00247
1.06017
1.19194
1.1677
1.04284
1.04784
1.0172
1.07937
1.02442
1.05104
1.12021
1.09902
1.16929
0.823443
0.956169
1.01382
0.966435
1.11337
0.895842
0.96212
0.931435
1.10653
1.35571
0.920135
1.03361
0.913585
1.06233
0.955817
0.890902
0.997638
0.849054
1.00674
0.915456
1.10539
1.04039
1.03504
0.993397
1.00682
0.966979
1.13725
1.08511
1.00794
0.984494
1.26035
1.09013
0.973127
1.04331
0.890261
1.05845
0.975297
0.950227
1.11081
1.00942
0.910699
1.15463
1.20961
0.908012
0.927529
1.02079
0.982668
0.930991
1.15976
1.03967
1.02246
1.06608
0.984737
0.992037
1.14039
1.19638
0.91129
0.923828
0.990796
1.18159
1.2522
0.952631
0.975242
0.922435
0.938964
1.14976
0.806639
1.09511
1.1094
1.16578
1.05396
0.880141
1.02948
1.25594
1.07036
0.977203
1.00517
0.948731
1.04719
1.17445
1.06676
0.883445
1.05283
1.00787
0.788008
1.0017
0.982518
0.957192
1.16686
1.01014
0.954119
1.01138
0.867758
1.00148
1.05319
0.917159
0.870823
1.04496
0.991835
1.03499
0.89804
1.05013
0.999698
1.1151
0.986183
0.83401
1.03571
0.958972
0.942173
0.739857
1.03653
0.951834
1.01688
1.12781
1.18109
0.874569
1.08753
0.996206
0.999609
1.04192
1.17178
1.05156
0.985924
1.07014
0.983319
0.957626
1.14985
0.896869
0.854414
0.926037
0.97732
1.01888
0.943215
1.07736
1.00233
1.00237
1.1551
0.979885
0.934439
1.00376
0.949727
1.08067
0.999177
1.09276
0.889908
0.973115
1.03775
0.943565
0.935927
0.981236
0.848766
0.944102
0.972393
1.02464
1.113
1.17477
1.05809
1.07968
0.97144
1.09719
0.917125
0.935602
0.978902
1.00571
0.91119
1.14645
1.10272
0.971445
1.04509
0.995643
0.963641
1.0461
0.982635
1.03122
0.930638
1.02034
1.01154
0.871574
0.872689
0.960198
0.986997
1.00078
0.938263
1.01188
1.03749
1.2754
1.10291
0.91776
1.03626
1.19128
0.828194
1.00741
1.01932
0.991726
0.858782
1.15913
0.965257
0.824693
1.01298
0.900494
0.955664
0.947986
0.989891
0.979963
1.08951
0.967342
0.78581
1.12429
1.02029
1.08035
1.1017
1.07852
0.939101
0.971671
0.955248
1.10486
1.01442
1.10634
1.13332
1.21556
0.959276
0.875828
0.881076
1.0372
0.926837
1.03281
1.13663
1.13597
1.12976
0.913547
1.09732
0.912112
1.08864
1.03409
0.944742
1.01747
0.772314
1.26779
0.919676
1.0173
1.01198
1.06427
1.0087
1.02816
1.03653
1.19968
1.01381
0.906419
1.26857
0.897202
0.918113
1.18941
0.934967
1.20481
0.93635
0.861219
1.18091
1.08489
1.06299
0.938698
0.992504
0.961799
0.932784
1.00381
1.01692
0.989132
0.913373
0.991771
1.05094
0.961729
1.01818
0.95074
0.906881
0.913918
0.958526
1.04491
0.844894
0.972124
1.07323
0.912924
0.917768
1.1419
0.999147
1.02828
1.04757
1.02592
1.00342
1.04462
0.94919
1.12273
1.03129
0.970237
0.84929
0.934216
1.01203
1.10487
1.05306
1.21511
0.90317
0.985492
1.00799
0.902217
1.18919
0.946757
1.03887
0.872312
1.09374
0.886002
1.0246
1.0364
0.989096
0.970457
1.01728
0.9986
0.952266
0.866241
0.973787
1.0287
0.992197
0.93562
0.958225
1.09984
0.962677
0.971608
0.906564
0.983424
1.06185
0.871144
1.01213
1.07817
0.993372
1.19754
0.994721
0.88653
0.918757
1.11994
1.11535
1.00301
0.962105
0.991544
0.865935
1.11433
1.09287
1.12296
0.985428
1.06414
0.986778
1.07221
0.956007
0.94466
0.928348
0.862244
0.992125
0.951312
1.05014
0.958461
0.740177
0.988113
1.16461
1.10338
1.08569
0.941432
1.03576
0.968056
0.982463
0.920012
1.0121
0.997626
0.959316
1.037
0.822069
1.04683
1.17377
0.997774
0.993854
0.934257
1.1738
0.918951
0.997116
0.998444
0.856614
0.945379
0.921193
1.01024
0.80993
1.09841
1.08711
0.968513
0.911653
0.812611
0.928087
0.881825
0.784675
0.803168
0.902233
0.999107
1.09148
1.04844
0.945744
0.964331
1.10399
0.853468
0.858335
0.990594
0.806788
0.788947
0.943655
1.00999
1.1029
0.775031
1.20888
1.02241
0.940307
1.05088
0.961012
0.860749
0.932351
0.952841
0.897587
0.963331
1.00153
1.08537
0.90104
0.923682
0.979582
0.90645
0.986761
0.910239
0.786123
0.969998
1.0164
0.886915
1.05806
0.898743
0.96271
0.972027
1.08832
0.793076
1.09752
0.905391
1.04792
1.22551
0.982607
1.02583
1.13031
1.01899
1.09574
0.995557
1.15945
1.00046
0.997721
0.874335
0.891531
1.01088
0.929348
0.968844
1.13188
1.06842
0.914337
1.1967
1.14055
0.964786
1.0452
1.03549
1.01292
0.817067
0.951017
0.997817
0.928199
0.764442
1.10088
0.868119
0.921407
0.948037
1.07591
0.937189
0.95745
0.902839
0.973567
0.838407
1.1891
0.926673
0.801528
0.924301
1.13098
0.964012
0.985724
1.02889
1.10414
1.05747
0.987291
0.98083
0.93009
1.09509
1.04864
0.874843
0.988091
0.91343
0.991257
0.96327
1.11894
0.919018
0.889982
0.966059
0.883546
0.927259
0.974117
1.03478
0.911144
0.976289
1.09526
1.11317
0.973253
1.07199
1.13346
1.02927
0.945726
1.05734
0.970102
1.06201
0.973841
0.974824
1.09656
0.989478
0.923165
0.966725
0.949594
0.932913
1.01047
1.03627
1.05541
1.06056
1.054
0.974825
1.0469
0.990106
1.0354
1.03831
1.08695
1.08821
1.2516
1.0498
1.108
1.03552
1.04142
1.09513
0.963641
0.907514
1.11821
1.11378
0.921221
0.915541
1.04091
0.91301
1.05049
0.945133
0.865492
0.871674
1.05918
1.13757
1.02354
0.948071
0.782719
1.19582
1.11675
0.97487
0.970672
0.86581
0.967057
0.935766
1.12875
1.16192
0.982985
0.864757
1.00402
1.0967
1.10238
0.870348
0.911783
1.07617
0.953946
0.953968
1.03268
1.03325
1.05671
0.918087
0.865569
0.96656
1.01655
1.24651
1.01714
1.00621
1.32753
1.04047
0.916307
0.976167
0.867148
0.920135
1.16045
0.975146
1.02996
1.03639
1.03846
0.878522
1.00171
0.871843
1.11468
0.985977
0.966263
1.12424
1.08302
0.960081
0.997077
1.06004
0.953685
1.21294
0.924459
0.924405
1.16315
1.10389
0.945718
1.11465
0.971425
1.14327
1.19606
0.875023
0.916358
1.10438
0.945206
1.13294
0.955065
0.952145
1.12655
1.13949
1.23635
0.953296
1.03701
0.858537
1.01636
0.91647
1.0337
0.872327
0.819627
0.85018
0.847942
0.848745
0.929181
0.895497
0.979221
1.108
0.989937
0.931099
0.914107
1.00037
1.03999
1.054
1.08274
0.845685
0.75538
1.11178
1.01174
0.812947
1.06625
0.996118
1.27878
1.0921
0.792827
1.09244
0.943671
1.19074
1.10722
1.03406
0.850026
0.914855
0.922302
1.06444
0.908126
0.996518
1.01149
0.852195
1.05536
0.856909
0.891026
0.96741
1.01801
0.888062
1.07183
0.972743
1.05733
0.781007
1.01921
0.930576
0.931914
0.8653
1.05988
1.07169
1.09926
1.02802
0.88617
0.930907
0.947476
1.01566
0.921625
1.07168
0.917977
0.913301
0.938319
1.07329
1.1834
1.02807
0.972957
1.02794
1.1172
1.09895
0.947107
0.922777
1.10579
1.06284
0.82213
1.08091
0.845111
0.936901
1.09821
1.03229
1.0502
0.991072
0.898852
0.941998
1.11829
1.02013
0.980081
1.01232
0.926799
0.966518
0.978137
0.972734
1.07534
1.1256
1.02068
1.00509
1.04796
0.935568
0.969451
0.98422
0.99379
1.02722
0.899158
0.884852
1.0048
1.07231
1.11637
1.08256
1.06392
0.932369
1.02763
1.12939
1.07409
1.00902
0.799792
1.13027
1.08236
1.0497
0.95262
1.06846
1.18033
0.936522
1.105
0.87655
0.95607
1.02967
1.01737
0.909864
0.889282
0.980799
1.07558
1.17701
1.08362
0.868748
1.03185
0.994861
1.05955
1.02586
1.18203
0.980888
0.883968
1.06829
1.00147
0.909688
0.957843
1.1053
0.974418
0.925384
0.892616
1.06219
1.09563
1.0204
0.908746
1.01952
0.738945
0.970222
0.862019
1.23846
1.13363
0.962394
1.01489
0.909578
1.11585
1.02718
1.06708
1.2137
1.00231
1.00451
0.937855
0.858601
0.874016
1.21241
1.25268
0.859843
0.95744
1.15022
1.03315
1.00575
0.932605
1.00283
1.01451
0.832458
1.14085
1.09715
1.02684
0.91371
1.07052
0.990305
0.900645
1.01974
0.856107
1.15893
1.0022
0.99357
0.913565
1.18567
0.926777
0.967855
0.911808
1.14017
0.964614
1.01722
0.998649
0.947803
0.960183
0.96216
0.820658
0.896343
0.821042
1.01784
1.04111
0.923635
0.799032
0.972208
1.25711
0.861994
1.05132
0.919797
0.946706
1.01567
0.853118
0.914238
1.05139
0.951298
1.07738
0.872469
1.14898
1.18163
0.967339
1.12944
0.994595
1.00756
0.832478
1.04916
0.94669
0.857001
1.05094
0.87537
0.991669
1.02515
0.888986
1.1316
0.945262
0.869254
1.10508
1.19749
0.944408
1.07154
0.99072
1.0503
0.975221
1.04222
0.989693
1.04641
0.764816
1.15762
1.01495
0.918491
0.959744
1.09856
0.995112
0.953989
0.935474
1.04724
0.87678
1.13016
0.983277
0.862354
1.00042
0.851585
0.982964
0.881785
0.968126
0.969173
0.970151
0.924242
0.882017
1.07166
1.13364
1.00693
1.17306
1.2054
1.06398
0.948953
0.962984
0.972219
1.1388
1.10511
1.30848
1.097
1.13806
0.985592
0.839947
0.989517
1.13318
0.886761
1.02356
0.957881
1.04252
0.850491
1.14393
1.07631
1.11891
1.0129
1.00395
0.932465
0.920933
1.08313
0.976672
0.89892
1.0226
1.0052
1.04362
0.918587
0.944027
0.864442
0.969136
1.1736
1.1699
0.871186
0.963114
0.85595
1.06537
0.959325
1.00275
1.04722
1.00013
0.989075
0.89024
1.11191
1.05203
0.930176
1.18584
1.1044
0.994034
1.0696
1.02205
1.04846
0.90842
1.20729
0.872948
0.836523
0.710193
1.0773
0.95386
1.13469
1.07995
1.06466
1.18974
1.08085
0.99465
1.00435
1.16048
1.04342
0.861211
0.891178
1.03907
0.962498
1.02613
0.934827
1.05186
1.11998
0.91254
0.950302
1.33021
0.96084
0.965332
0.942769
0.993443
1.03603
0.910442
0.959294
0.963624
1.1268
0.879766
0.960768
1.05803
0.966727
0.862293
1.06787
0.891302
1.06907
0.968469
1.01094
0.980027
1.22252
1.01525
1.06958
1.01676
1.08903
1.00769
0.903132
0.948424
0.944788
0.993169
1.25403
0.990267
0.9307
1.08482
0.929804
0.978605
0.857939
1.07819
0.879021
0.964466
0.887615
0.955726
1.2509
1.07804
1.05114
0.963932
1.03695
0.867497
0.810473
1.10927
0.771952
0.866623
0.892389
0.937918
0.793688
1.03848
1.06216
0.861538
0.895504
1.03735
0.963748
1.02454
0.94597
0.974398
0.993448
0.991379
1.09462
0.96371
1.08026
0.970122
1.03176
1.03084
0.885122
0.980811
0.954081
0.897208
1.0118
0.963743
1.18374
1.09568
1.02619
1.09157
0.984799
0.8925
0.958132
1.00759
1.21009
1.01504
1.22084
1.10007
0.943259
0.99744
1.00712
0.998579
0.803674
1.04621
1.21368
0.810217
1.04458
0.933903
1.12738
1.06061
1.13481
0.987754
1.37105
0.975302
0.941897
0.941296
1.11259
0.963191
0.898541
1.10637
0.885018
1.07095
1.1448
0.919203
0.919321
1.08018
0.954483
0.940787
1.15425
0.85765
1.13128
0.909338
1.02132
0.917266
0.94138
1.15947
1.11315
0.889723
0.838427
1.12318
1.00954
1.11164
1.23667
0.884577
0.951817
0.990425
0.866668
0.928228
0.965115
1.01895
1.06738
1.10875
0.996086
0.951058
1.08949
0.949118
1.06915
1.14637
0.996093
1.05185
1.22505
0.996515
1.1739
0.989646
1.20163
1.01744
1.01235
1.13973
0.986933
0.918426
0.810579
0.947208
0.902764
0.74285
0.815157
1.00355
1.06137
1.18281
1.0058
0.806167
0.868477
0.928577
1.05144
0.96294
0.951616
1.02362
0.920689
1.01525
1.02051
0.994884
1.11506
1.04681
0.98834
1.05917
1.02293
0.836621
0.788219
0.934725
1.0526
1.16005
0.968633
1.02961
0.944841
0.864989
0.687139
1.14186
0.993118
0.984837
0.989133
0.925025
0.868229
1.11932
0.963092
1.15799
0.981574
1.11394
1.02846
1.03944
1.01594
0.866419
1.02118
1.05969
0.922556
0.945653
