0.351724
2.79339
2.12396
2.25325
0.233585
1.72614
1.90073
0.970887
1.47137
0.257119
0.208263
0.389826
3.46407
3.546
0.0404342
1.35381
0.478511
1.78564
1.11557
0.306456
1.8608
0.232263
0.650941
0.575775
0.306738
0.429325
0.231482
1.01717
0.831671
1.0545
0.931474
1.28194
0.63889
1.20658
0.58289
0.39774
1.74768
0.308552
0.867037
1.00845
1.76392
0.400294
0.554339
3.0491
1.8937
0.992513
1.1888
0.623682
0.174735
0.158325
0.676335
0.395162
0.00746785
0.796419
0.712443
0.758125
0.768112
1.36703
0.577243
0.569724
1.66846
0.554715
0.105153
0.727739
0.188217
1.3565
0.553038
0.159772
1.30127
2.22503
0.220716
0.166611
0.631293
0.461244
1.22104
1.34637
0.288617
1.2626
0.796936
0.565797
0.340242
1.13166
0.452045
0.74113
0.609307
0.556134
1.49426
0.208245
0.0129065
2.03853
0.751202
1.01764
1.95333
0.60477
0.30769
0.118096
0.195133
0.463843
0.218908
0.177952
1.59996
3.22669
0.170976
1.83995
0.824765
0.325419
1.46321
0.351338
1.76369
1.24039
0.456031
1.87321
0.651311
1.61995
1.0313
0.487347
0.877011
0.86365
1.39324
0.338719
1.22366
0.267506
1.78779
0.020258
0.659705
0.485887
0.0496165
3.58464
0.0107752
1.56966
0.557555
0.36397
0.315269
1.83807
3.21547
2.17376
0.76606
0.692132
3.72489
1.47119
2.10855
0.443366
2.83961
0.840167
0.577105
4.25271
0.419495
0.127161
0.474091
0.581126
0.977882
1.89107
0.150901
1.24789
0.611046
0.279779
2.13182
0.277692
0.838108
0.144084
0.300255
1.48406
0.707446
0.829981
0.212103
1.17101
0.099472
0.759377
2.51283
2.40753
0.884118
1.79555
1.13592
0.3916
0.367506
1.11125
0.611391
2.21181
0.889704
0.0819863
0.606774
1.20819
0.0823209
0.0386898
1.57009
1.48186
0.229129
0.313255
0.234542
1.73741
1.58799
0.102774
1.13049
2.92431
0.353232
1.37474
0.329023
1.0009
2.68396
0.364233
2.56386
0.123003
0.990235
0.273738
0.658544
0.097968
0.163102
0.568191
0.313412
0.953876
2.56207
0.820202
0.00016877
1.96911
0.812847
0.452792
0.0527805
0.905185
0.945253
1.67939
0.319113
1.95085
3.24298
1.11561
0.0598844
1.33114
0.24954
0.0598158
0.212791
0.602028
0.865942
2.80216
0.035816
0.148667
0.42793
2.93927
0.171129
0.141737
0.578187
1.52997
0.206739
0.0688945
0.554795
2.44897
0.910312
1.61317
3.21583
0.0828157
1.22669
0.0778096
0.0701798
2.24905
0.465253
2.50369
1.0624
1.44909
2.15461
2.59155
1.1492
0.683642
0.186217
1.56336
1.21073
4.93822
1.03098
0.653195
0.292064
1.72963
0.645813
0.366378
0.305843
0.200928
0.718699
0.633588
1.17176
3.98423
3.31647
0.452507
1.77774
1.46328
3.06682
1.20343
0.0266934
0.56989
0.332576
0.10331
1.04887
0.122261
1.36581
1.91647
1.80163
0.0736533
0.11405
1.90707
0.354952
0.178648
1.14101
0.850696
1.33429
2.35925
0.0528049
0.821466
2.16759
3.11573
0.248195
0.000276972
0.969952
1.8808
0.862822
2.7473
4.07816
0.145279
2.6055
0.386313
0.349235
2.80838
0.509222
0.579841
0.568917
3.54302
0.760935
0.279024
1.10061
1.90624
0.000764365
0.957751
0.585063
0.353523
0.347667
0.949061
0.339006
0.28361
2.59104
1.87664
8.20526
0.0757581
2.39165
0.825821
0.0776579
2.46479
0.238428
0.0399295
0.907083
4.1813
1.40298
1.58936
0.536299
0.286647
0.0142717
0.132293
0.595629
1.26373
0.527979
1.10747
0.585893
1.69056
1.6112
0.831539
4.03943
0.0992388
0.767895
1.47688
0.340843
0.3838
1.60311
0.392806
0.22965
0.456983
0.0359844
1.16195
0.408156
0.35669
0.44204
2.71244
1.48581
0.511825
0.15116
0.746721
0.137917
0.435504
1.41157
0.53437
0.0444928
0.585305
0.799526
1.04406
0.628312
0.768748
1.09632
2.34759
0.224754
0.704135
0.0861351
1.58846
0.511397
4.84612
2.50737
1.63913
1.16689
0.225302
0.537642
0.853771
0.550234
0.7931
0.799247
0.254804
0.816211
0.124799
0.622444
2.00301
2.63276
0.33071
0.185256
0.449853
0.148256
0.61049
1.05656
0.458536
0.203382
1.14084
0.953982
0.369077
0.583815
1.77473
3.47698
4.33295
0.750133
0.0911707
0.930202
0.622621
0.125951
0.883388
0.000986586
0.299426
0.280168
1.09885
0.9119
0.654796
0.526271
0.0922124
0.517277
0.542006
1.18001
0.0670888
0.58496
0.315903
0.907094
1.37857
0.258878
0.053397
0.986338
0.398901
0.846562
0.175137
1.17015
0.7084
0.438501
0.832137
0.473829
0.677242
0.571636
1.60294
1.38084
1.31992
2.6094
2.47009
0.846634
0.667083
1.20683
1.9197
0.155676
0.284908
0.0978227
0.251732
0.532699
1.43755
0.346135
2.42234
0.376884
0.496853
1.09239
3.02334
0.205948
0.126455
1.67502
0.366765
0.121204
0.913724
0.369399
0.534389
0.910568
1.91805
0.068561
1.99233
1.33154
0.0592551
1.80706
0.347392
1.97976
0.405339
0.639167
1.25292
0.408629
0.63887
1.54369
1.64627
6.66421
0.82874
4.22769
0.697353
0.0123523
2.29681
0.0600631
3.5534
1.28315
0.228046
1.69651
0.382924
0.861407
3.58025
0.962388
0.237566
0.704411
1.8036
1.25565
1.35774
1.09445
1.00047
0.648996
0.335682
2.46841
0.0247808
1.96982
0.344228
0.189194
1.30932
0.0600401
0.151821
0.191283
3.13365
0.72619
0.587329
1.37079
0.727653
1.73366
2.68737
0.0176059
0.0376658
0.700043
0.296704
0.103939
0.193746
0.971358
2.80392
0.509979
3.04082
0.332131
0.345674
0.339641
0.0803073
0.852381
0.985591
0.447662
0.208889
3.37533
0.380426
1.52614
0.569114
0.739844
0.613375
0.613146
3.53793
2.68435
1.68126
0.130215
0.624371
0.0761477
0.616019
0.80381
3.55044
2.1119
3.08448
0.330796
0.0135066
0.0680965
1.5107
0.612496
3.41648
0.135082
0.147244
0.63511
2.30196
3.34099
1.31936
4.24496
2.30473
1.41482
1.14582
0.0148023
4.12912
0.0793582
3.60087
0.264669
0.668704
1.62317
0.951242
0.258242
0.13223
1.4968
0.722366
0.998665
1.14957
0.078871
1.58408
1.21171
1.64405
4.23253
0.492338
0.254441
1.99769
0.658911
2.59036
0.434044
0.329521
0.0255108
1.08457
2.26724
1.01803
1.16147
0.108636
1.14375
0.706803
1.08958
0.629904
2.22711
0.967754
1.8658
1.52104
0.31545
0.18824
1.14838
0.787304
1.80905
0.535704
1.57127
0.00752539
0.298678
0.44917
0.929692
0.826989
1.1346
0.494549
0.768469
1.8382
1.26962
0.359452
0.438401
0.245781
0.72984
0.832686
0.230245
1.54946
0.30679
1.56898
0.840046
1.48733
0.0896665
0.181643
1.17028
3.13452
2.66513
1.06578
0.0297787
0.331838
1.68935
0.0370222
0.139051
0.626445
0.650228
0.97938
0.311312
0.321325
2.21172
0.180323
0.150517
0.470815
0.872588
0.976712
1.3543
0.199127
0.55837
0.128716
0.189156
0.124285
0.0819951
0.545362
0.255608
0.140797
0.0402648
0.139102
1.60421
0.00387882
0.544784
0.0184649
0.0119957
0.177717
0.534428
2.6639
1.77149
5.16414
1.57391
0.0345001
0.480402
0.110566
0.309788
0.454749
0.197954
0.437834
3.53617
0.924311
0.510231
1.11387
0.0263095
2.90904
0.181352
0.40065
2.31141
0.0968476
0.819112
0.557021
3.42357
0.376798
0.763939
0.352471
0.298885
0.0674521
0.0367659
0.484406
0.145847
1.18518
2.3859
0.20649
1.45651
0.846532
0.50631
0.0464106
0.469683
3.7421
0.897084
0.254488
2.75582
1.98772
0.650175
1.05846
0.0420675
0.123575
1.18231
0.248246
0.0556552
0.15807
1.84319
0.39039
0.839673
4.01612
0.461679
1.41665
1.40303
2.10397
1.34261
0.90284
2.84749
1.09399
1.1606
1.29346
0.345064
0.697406
1.62284
1.18783
0.448895
0.951468
0.0281259
0.909415
1.45141
0.356302
1.87753
0.813435
2.06624
1.22548
0.353685
1.79316
3.16258
0.322944
0.0811181
0.305826
0.934014
0.89513
0.296266
1.05694
0.223951
1.11943
1.53388
0.244502
0.489982
0.30514
0.257949
0.243982
1.34217
1.69941
0.154551
1.78112
3.00839
2.50422
0.176827
0.0513601
0.521956
0.78061
0.167407
0.0503813
1.47476
1.09291
0.828791
0.203151
0.145634
0.584026
2.43094
0.452784
0.878044
0.908489
0.142154
0.163592
1.51926
0.936155
0.567414
0.513121
0.0945366
0.169544
0.174182
0.74287
0.0765464
0.453984
0.0684581
0.459639
0.0296501
0.728464
1.07293
0.20698
0.109626
1.90502
0.168876
2.62401
1.87338
0.0155989
0.01974
3.37813
1.15997
3.89755
0.0598665
0.207291
0.673142
0.390473
0.877733
1.01196
0.205092
0.746284
2.15767
0.953527
0.776294
0.280748
2.41833
0.970642
2.70287
1.14457
0.490542
1.19016
1.72056
0.820882
1.48781
3.10202
0.282356
0.634682
0.384973
0.160979
2.57193
0.47454
2.87876
0.332872
0.242425
2.286
0.292887
0.505394
1.02865
2.40732
1.06151
1.51007
2.77093
1.06684
0.499062
1.96657
0.273878
0.631118
0.401967
2.82756
1.07739
0.72676
0.202684
0.514344
1.03253
1.71474
0.97463
0.248235
0.551022
0.532938
1.22373
4.78163
0.256332
1.64281
0.0646936
0.478986
0.253877
0.481021
1.34056
0.353423
0.95905
0.392462
1.59587
0.452222
0.567902
0.287519
0.171183
0.757964
0.2046
0.557494
1.27058
0.275202
0.356966
0.0529297
2.32967
0.477916
0.29284
0.463089
0.0783774
0.911824
1.19723
1.2261
0.122605
0.433762
2.27998
3.04653
0.163638
0.487666
3.38868
0.65409
0.290544
0.298437
0.293824
0.593762
4.38751
2.10056
1.17468
0.184728
4.12739
2.29031
1.13756
1.793
0.284629
3.55312
0.830834
1.69839
0.704527
0.377099
1.49267
1.76649
0.38299
0.796806
0.0841366
0.072114
0.724435
0.186038
0.446993
0.783731
0.754619
0.0603548
1.42154
5.8614
0.826388
0.0130071
1.44192
0.258002
3.52965
1.9265
1.66479
0.532425
1.28147
0.258782
0.661484
1.47951
1.52553
0.169323
1.3575
0.360028
0.980267
0.805119
0.243967
0.187591
0.0555189
1.28242
0.254566
0.0444829
1.33791
4.62064
0.709823
0.204466
0.621506
0.790285
1.41794
0.855435
0.712839
1.91448
2.30643
2.34497
1.09817
3.76855
0.157275
0.912653
0.646481
0.760133
0.363137
1.56329
0.111122
1.48549
0.886663
0.303971
1.38178
0.448942
0.849004
0.123736
0.437332
0.832961
0.394484
0.833306
0.597056
1.06835
1.3341
0.659472
0.599733
0.162439
0.21654
3.5636
0.867376
1.17859
0.276022
0.365972
1.27213
2.77615
0.203212
0.476499
0.879628
3.15598
0.952931
1.62744
0.757744
1.06562
0.169207
1.26425
0.563792
0.819819
0.714615
0.0880991
0.172599
0.204767
0.268832
4.33523
0.510292
0.146445
1.64998
0.662089
0.554646
0.100692
0.0744727
0.768545
6.26515
0.0258635
0.770037
0.243931
0.221813
0.0583972
0.154099
1.66697
0.482066
1.60058
1.67428
1.72283
2.62861
2.15447
0.932076
1.05886
0.733175
0.773844
1.04365
1.27078
0.549889
0.642098
1.5345
0.773646
2.74112
0.654871
0.805841
0.579232
1.83491
0.379464
0.385976
2.10077
0.42583
1.42656
0.169001
1.63837
0.586687
1.07108
0.317002
1.10077
1.29132
0.162614
1.2667
0.686492
0.138229
1.21431
3.44882
0.525569
0.533855
1.10114
0.52262
4.37954
2.48842
0.664975
0.37989
0.274288
1.58766
2.46699
0.52689
2.17169
1.08048
0.268494
0.542271
1.30574
1.22894
2.74272
0.938313
0.152753
0.0634443
0.22349
2.01928
1.18073
0.35166
0.212449
0.51296
0.676628
1.39022
2.72676
1.97959
1.45666
0.415858
0.0772766
0.624278
1.84725
1.10292
0.0791988
0.568365
0.291966
0.192083
0.067996
1.57495
0.0501796
0.291028
0.843912
0.638864
0.00850876
0.393208
0.396496
0.182285
1.44477
0.0730268
0.192211
7.84944
1.65327
1.15258
0.105056
0.428417
1.099
0.516833
2.33588
0.203785
1.33047
1.06827
1.69582
1.51574
0.620495
0.0575847
1.59247
3.10465
1.15518
0.0647742
0.377812
0.368656
0.834932
0.186237
0.136432
1.39894
0.0767323
1.59487
2.63365
0.813465
0.404287
0.215164
1.38081
2.97447
0.298823
0.261391
0.917601
3.37431
0.0926311
0.360245
2.03562
1.40813
0.0262932
0.191394
0.563101
0.245323
0.0591805
0.807387
0.0491335
0.08533
1.77714
1.93962
0.344449
1.58092
0.756045
1.82921
0.970257
1.21182
0.190703
1.53312
0.381301
1.383
0.419293
0.355879
0.191542
0.435789
1.21298
1.06123
0.161033
0.538779
1.95062
0.326053
3.47129
2.57763
0.255753
0.711369
2.00775
1.36183
0.283452
0.127768
0.676706
1.49254
2.01424
0.280634
0.684344
0.228367
1.92526
0.15602
0.667817
0.495871
0.0972188
0.282526
2.38981
1.76466
2.45243
4.78815
3.09981
0.0695672
0.297457
0.600439
1.35939
1.58814
1.42494
0.203808
1.08406
0.146628
1.10184
0.600744
1.61186
0.250699
0.00621656
0.267689
1.2685
0.426444
4.14142
0.460535
0.0541198
0.391292
3.04273
2.37737
1.25089
0.586894
5.03978
0.223544
0.088879
3.03039
1.04603
0.426627
1.45478
1.31546
0.647319
0.066061
0.468035
1.02084
1.31239
1.21734
1.1643
0.623913
5.14977
0.451289
0.418074
1.53249
0.205972
0.892201
0.193632
0.300634
3.61963
0.293464
0.922961
0.391399
1.37617
0.314176
1.12196
0.551809
0.60357
0.00359498
0.240725
0.493022
0.81807
1.62545
0.149442
0.0557628
0.33252
1.73322
0.107022
1.48135
0.164196
0.808479
0.756752
0.0990654
0.536755
0.90259
0.112513
1.5824
0.916973
0.551554
0.432615
0.145902
0.285312
0.724468
0.387703
0.161573
5.16383
3.58665
3.54801
1.13018
1.18587
0.171761
0.785747
1.06899
0.0667817
0.211986
2.23931
1.61414
1.83986
1.10628
1.4753
0.669845
3.05453
0.0953484
0.49375
1.51204
1.09172
2.6268
1.16104
0.503658
1.15166
0.701698
0.241746
4.00609
0.385837
0.410172
0.0778369
1.3608
2.58278
0.759778
0.336383
1.01388
0.0141046
1.01849
4.472
1.30408
0.0664014
2.53549
0.416319
0.690137
0.475541
1.02254
0.442633
0.0697865
0.795871
0.368199
1.07371
0.28722
1.04133
0.0431683
0.688769
1.02576
1.2835
1.43799
2.52978
0.968021
1.25163
1.28573
1.22544
0.117199
0.23811
0.383561
0.269764
0.903313
0.517141
1.3818
1.54751
0.415523
0.0747758
0.374644
0.264405
1.88258
2.97813
0.14919
2.86682
1.00124
0.880777
0.274404
2.43593
0.877115
1.54623
0.00387715
0.00725963
0.243991
1.05913
0.854618
1.43788
0.405309
0.402904
0.0314065
0.609034
0.236532
0.299028
0.74914
0.282329
2.57069
0.461483
0.677506
0.0562725
0.467273
0.559134
0.0795823
0.645123
1.8856
0.156852
3.42046
0.399729
0.411055
0.718611
1.42468
0.51976
0.787102
0.0683587
1.5008
0.42977
1.35097
0.562307
1.16927
0.499075
1.26621
0.300879
1.42948
0.721847
1.18206
1.60836
0.0551565
0.53479
1.46757
2.88611
0.642819
0.235189
0.402203
0.864845
2.85381
0.916482
1.00244
1.39441
0.15353
0.331258
2.2152
3.64123
1.48879
0.0723525
2.05112
1.42865
1.4314
0.386662
1.08409
3.44694
1.65054
0.346886
1.39589
0.0238138
1.00875
1.22302
0.628158
1.78053
0.306803
0.511554
0.224321
2.25586
0.392593
0.337886
2.2592
0.553996
0.572455
4.42569
0.0152911
0.429935
0.648058
0.52091
0.548894
0.0189217
1.73581
0.0299451
0.766385
2.04762
0.4295
1.42286
1.30589
1.05428
1.65754
0.706647
0.0734957
0.334844
2.90683
0.370196
0.105573
1.93491
1.09596
0.375256
1.70755
0.138566
1.03098
0.1424
0.849986
1.36743
1.63257
1.94881
1.36628
1.95153
2.81398
1.07014
1.12692
0.144359
0.0740875
0.960344
3.13568
0.2884
0.717
0.363542
0.0611318
0.535309
0.981214
0.989204
0.603415
4.23897
0.183985
0.00877049
0.0705851
0.59341
0.642647
0.931691
1.76014
0.344551
0.633927
0.66141
0.550107
1.14803
0.0965349
0.0066591
0.64955
0.0308171
1.55004
0.659607
0.788017
0.1022
1.19889
2.31525
0.199092
0.553514
0.514859
0.789633
1.53209
0.497707
1.44013
0.0510572
0.73783
2.80455
1.97665
3.71169
1.73421
0.154747
0.0836753
4.2839
0.846026
0.817607
0.321791
2.61814
2.11737
0.370607
0.446418
0.376729
0.603449
2.19641
0.63228
0.914945
2.86187
1.03545
1.18469
1.27077
0.0163588
0.117474
4.38202
0.787506
0.334078
0.152332
0.651684
0.628874
1.05814
1.99388
1.7783
0.0911188
1.24248
1.04087
0.537572
0.391333
0.733542
0.993454
0.65654
1.36042
1.04671
0.296814
0.0617815
5.92127
2.1607
0.113167
0.359544
0.507941
0.00556156
3.50868
0.0461303
0.249686
0.14499
0.556416
1.20242
1.3824
0.0109706
0.566771
0.905809
1.02105
0.0999347
1.97317
0.844058
0.322054
1.26375
0.442542
0.243701
0.855857
1.31617
2.42193
0.689304
1.00782
1.2053
0.536834
0.801359
0.996338
0.0634992
0.412169
2.66135
4.41892
1.00997
0.0325814
0.390012
2.48354
0.139696
1.61949
0.120627
0.33229
2.23331
0.946181
3.64506
0.536317
0.35946
0.420286
3.60769
0.00958289
0.0534222
0.247154
0.202043
1.23801
1.44485
2.27044
0.338923
0.406061
0.416985
1.2349
1.47132
2.50569
0.173199
0.665593
0.784223
2.02337
0.47599
1.17402
1.11081
0.268631
0.77473
0.865362
1.04289
0.97855
0.396387
0.75845
0.984845
0.00328214
0.642067
0.515816
0.389551
2.42213
0.845013
2.17654
0.044356
1.04799
0.0518014
1.35762
0.598953
0.0986655
0.470423
2.75449
0.0471165
0.25707
1.43779
2.61486
2.11791
0.266975
1.0097
1.0803
0.207164
0.895492
1.73116
0.374061
0.335701
1.08819
1.4248
0.0562261
0.665428
0.723597
0.372719
0.992972
0.801554
0.698106
0.0294928
0.244409
0.713775
0.233784
1.33851
0.040545
1.81844
0.0694549
0.434034
1.14762
0.0664908
2.0764
0.106131
1.10561
5.44061
2.53433
0.239515
0.33238
1.23709
3.11315
0.372118
1.42734
0.390458
0.154167
1.87581
0.134499
1.69987
1.40652
3.85188
0.460847
1.48806
0.0901971
0.195325
0.0792299
0.1488
0.0509449
4.19436
1.507
1.14471
0.819881
2.27178
0.361637
4.0062
0.200033
4.61168
0.623504
1.67872
3.47237
0.232333
0.129674
5.67901
2.75979
0.108542
0.858658
0.153094
0.660968
0.234484
0.536692
0.329515
0.319954
0.329666
0.566734
0.1017
1.42899
1.15955
0.635324
0.0837425
1.02736
1.27884
0.715821
0.294584
0.190002
0.138929
3.80313
1.16111
0.31693
0.674945
1.96441
0.578298
1.80199
0.256851
0.473919
0.364761
0.464421
2.73807
1.17821
6.46098
4.62887
1.44672
0.759172
1.02805
1.13074
0.0481401
0.282197
1.19021
0.830377
2.42934
5.04787
1.35199
0.260311
2.02851
1.23477
0.0523706
1.7624
0.186092
1.77646
0.235542
1.02079
0.31907
0.224046
0.29576
0.256845
2.93051
0.130153
0.467689
0.545028
0.00529503
0.505828
1.85887
0.582415
1.0584
1.64428
0.14283
0.215091
1.3068
0.594392
0.19144
1.41349
0.683576
0.91531
0.401286
1.63308
0.0179353
0.376734
0.666139
1.11239
1.29275
0.137621
0.330484
0.634966
1.18712
0.84861
1.56058
0.851809
0.00477988
0.436408
1.57136
0.187705
1.41744
0.119473
0.180843
0.0648813
1.35589
1.04235
0.610477
0.690929
0.235986
2.71354
0.208103
0.261574
1.60133
1.174
0.375679
0.100316
0.857235
0.664966
0.138761
1.97616
1.47118
0.78
0.0401618
1.26122
0.890788
1.17033
0.429652
0.140776
0.258676
2.05875
1.53297
1.39949
1.0007
1.99268
1.88122
2.13676
1.2867
0.618696
0.591045
1.60962
1.72212
0.415633
0.426772
0.0552326
0.194022
0.754241
1.42399
0.805117
0.453853
0.78903
0.600783
0.280411
0.364195
0.652538
2.15357
2.8127
1.45415
1.33372
0.575101
1.26658
0.220328
3.72991
0.47116
3.12282
1.48141
0.585306
0.0644698
0.628898
1.56974
0.164465
0.457136
0.192569
0.851632
3.94887
0.498539
0.164517
0.0883614
3.46597
0.895768
0.434071
1.16568
0.121415
0.105185
2.37234
0.231017
0.682727
0.656884
2.31423
0.247872
0.153071
2.80172
0.0866335
0.163932
3.72657
3.50232
0.441568
1.18566
0.318432
0.197456
0.047816
2.40534
0.199755
2.04671
0.189296
0.907621
0.253015
1.02319
0.120815
0.0228374
0.699038
1.31933
0.507679
1.92542
0.588132
1.19008
0.946967
0.172761
1.4268
2.488
2.46606
0.0515453
0.36924
0.0849887
2.38228
0.244936
0.76273
0.379941
3.17272
2.48112
3.21009
1.2003
0.0162011
1.08312
0.232585
0.910309
1.09812
1.57426
0.377665
1.22812
0.14919
0.376484
1.02221
0.160455
0.416838
0.175981
3.01794
0.170046
0.131017
1.12888
0.943454
5.0782
3.22563
0.10371
0.334186
0.180136
0.583334
4.54465
1.69957
2.11732
0.398615
0.800618
0.792805
0.238602
1.72213
1.17007
0.341838
0.551853
3.59185
1.19766
1.04069
0.697078
0.115992
1.27537
0.900803
1.56802
0.910389
0.424677
2.71294
0.772786
0.514746
0.234508
0.177748
1.15107
0.792143
0.337313
0.471853
0.0742309
1.47361
0.569408
0.651434
0.938707
0.297221
1.94353
0.621462
0.479525
0.261501
1.27069
1.08502
0.450942
0.245981
0.811324
0.643865
0.686368
1.6288
2.27148
0.348319
0.587805
0.482948
0.671762
0.687351
0.52097
1.2084
0.402518
6.08545
1.28662
0.421341
1.11336
1.25943
0.787514
1.25549
0.145699
0.599475
0.106521
2.40154
1.39209
0.171915
2.84846
4.11867
0.183489
0.0864068
0.115498
3.63055
0.919356
0.076689
0.310051
0.267056
1.12044
1.27875
0.611785
1.37517
0.486561
1.09572
1.28559
0.746806
0.0233478
2.51053
0.450152
0.821151
0.23956
1.45098
0.279143
0.452183
2.0845
0.83323
0.182323
0.686696
0.335931
0.593143
1.33434
1.78498
0.414303
1.37881
0.267636
0.149629
0.815451
0.42366
0.366128
0.132448
0.204467
0.818871
0.492536
0.971658
0.464179
1.18188
0.312725
0.674218
0.0318672
1.50519
0.292797
0.0927523
0.282839
1.46497
0.837571
0.275762
0.799426
4.62013
1.57089
0.597671
0.079793
0.779042
1.43135
3.03896
0.233148
1.51627
0.0341711
0.0945254
0.417885
2.01582
0.126753
0.720059
1.73742
0.180303
0.777505
2.0591
0.961409
0.840561
0.847373
0.0508914
0.38659
0.466829
0.694072
0.518317
1.11104
0.163732
0.298815
0.110097
0.549081
0.66971
0.694987
0.107387
1.22891
1.47985
0.276702
1.37604
1.53505
0.335479
0.0119385
0.0851533
3.97376
0.489801
0.858913
0.69331
0.0421444
2.01639
0.500554
0.45043
2.10963
1.25702
0.472685
0.125239
0.93637
0.534471
1.86221
0.251618
1.87687
1.97341
1.49192
0.471588
1.2351
0.684293
0.120028
2.10412
0.0829656
0.0208002
1.32497
0.0334931
0.0722838
3.77723
0.0300093
2.38121
1.36184
1.46273
0.812984
0.120057
3.64822
0.855592
2.88162
0.0208771
1.22317
2.20447
0.988622
0.838157
4.16575
0.824635
0.00814175
2.42763
0.230077
1.07982
0.578246
0.233356
0.706182
0.0210197
2.33775
5.27554
1.32286
1.77597
0.280363
0.917993
0.900794
0.478207
0.0931783
1.72033
0.644917
0.46296
1.90853
0.382009
2.45056
1.25985
2.68015
2.4977
0.127256
0.313645
3.76348
0.949733
0.974938
0.764528
0.198326
1.10543
0.837102
0.441212
0.440249
0.197491
0.0505078
0.452072
0.171796
1.09477
0.135064
0.25666
0.469508
0.185176
0.780183
0.89944
1.47861
1.23901
0.162758
2.15712
0.432927
0.166465
0.940749
0.671331
3.61504
0.435052
1.3657
1.35251
1.68688
0.0789386
0.844219
0.338992
1.05888
0.595088
0.189032
4.09705
0.116417
0.979304
0.36715
1.06395
0.137164
1.67745
2.04717
0.247972
0.676505
1.25441
0.624778
0.993875
0.394802
0.763335
1.00185
0.934428
0.688447
0.00724764
0.522664
0.574147
0.894157
2.90233
0.519533
0.48554
1.76742
0.759966
0.987772
0.301823
0.941528
1.05346
0.551212
2.56744
0.261403
0.912388
2.49104
0.243116
0.48721
0.348093
2.76768
0.0152597
2.51363
0.207854
0.860189
0.395121
0.508168
0.0123157
1.04707
0.181187
0.014781
0.0165473
0.251771
0.422155
0.151338
1.32789
0.197381
0.157279
0.0845886
0.423957
0.378974
1.19329
0.0563691
0.845636
0.41319
3.86619
0.567251
0.6368
0.598152
1.34159
0.850186
0.981418
1.67809
2.41072
0.166423
0.937433
1.01959
1.72012
0.541218
0.863483
3.48924
1.14895
2.42521
0.931244
0.438444
0.601725
1.00865
0.345067
2.48553
1.24303
0.938019
0.865868
2.57643
0.0327078
2.26701
0.908488
1.24119
0.49121
1.01121
0.169038
0.0162107
0.337629
0.804867
0.252508
0.988135
2.20708
0.108151
0.795255
0.558144
0.923104
0.987362
0.88032
1.62539
0.496688
1.42027
0.172477
0.14141
4.84987
0.640454
1.77537
0.24556
0.863814
0.803472
1.58337
1.05161
0.438056
0.19588
0.196313
4.40764
1.52727
1.37342
3.51138
0.22686
0.122238
3.21552
0.16005
0.265313
2.49594
0.428989
5.15206
1.55501
0.140995
1.43653
1.48145
0.514862
1.17314
0.269013
1.69702
0.498535
0.044974
0.0586668
0.408669
2.04237
0.376928
1.631
1.30886
1.73184
2.72018
0.60843
0.779811
1.91657
0.101562
0.250869
0.141552
0.435221
0.374668
0.155943
0.440656
0.287349
2.52941
0.57029
0.896055
0.328938
0.0280518
0.475704
4.53881
2.10824
1.05191
3.18353
0.544116
1.64344
1.24033
0.383394
1.17725
1.38851
0.0161227
0.200125
1.98296
0.23296
1.7262
0.395936
0.185039
0.7413
0.534895
0.517823
2.15399
0.190509
0.303167
0.733327
0.621731
0.0744492
0.635691
0.188492
0.324358
0.507875
1.78512
1.76997
0.192654
0.259494
3.25381
0.846595
0.843442
0.0290833
0.956356
0.145824
1.74821
0.202724
3.37945
0.128632
1.92677
0.519875
0.738498
0.110042
0.0342678
1.41722
1.46591
0.993728
0.293766
1.15691
2.53787
0.364636
0.00805534
1.78563
0.176482
3.66931
0.33728
0.49356
0.411645
2.21503
0.918024
0.850346
0.393606
0.126022
1.80212
1.16616
1.27051
1.05675
1.90936
1.44557
0.650835
2.2972
2.12885
0.401824
1.31343
1.02287
0.898876
0.848278
2.15514
0.116554
0.598138
0.706504
2.62592
1.11072
0.266674
0.402294
1.14367
0.242826
0.80195
1.05274
0.66863
0.0331475
0.451269
0.924314
0.354064
1.16716
0.0860767
0.245701
0.608839
0.682016
0.257714
1.02549
2.90397
0.474608
1.83847
1.51745
0.161609
0.358164
0.77414
1.11038
1.95815
0.88271
2.12576
0.635586
0.731215
0.319574
0.462199
2.56046
0.858846
0.931838
0.648712
1.25101
1.89784
0.419032
0.153436
0.278909
0.849453
0.401755
2.8981
0.719589
0.213122
2.15851
2.47611
0.299689
0.0781371
0.308711
0.598054
0.0891594
0.449434
0.0886358
0.367063
0.881357
1.61994
1.42321
1.70025
0.872085
0.320537
0.225181
0.550538
0.453406
1.26076
0.913299
0.106177
1.68222
1.07011
0.0991775
0.238422
0.73086
1.22977
0.279685
0.545493
0.567217
0.00258835
1.06753
0.819175
0.826313
0.399117
2.42629
0.246406
1.88125
1.56839
2.23816
0.421496
0.750911
0.525855
0.671804
1.15223
0.369996
1.14049
0.369848
0.652309
0.987872
0.601469
1.68233
1.00725
0.050841
0.539135
3.47183
1.24558
1.01288
0.365422
0.276599
0.929222
0.142967
1.47365
0.180631
1.06131
1.08728
0.798635
0.961073
0.369242
1.45978
1.26875
2.97078
0.1387
2.96373
0.661893
1.48707
3.9526
0.236335
0.717665
3.06273
0.710112
1.09993
0.627067
0.674423
0.500291
0.130388
0.101013
2.50742
0.19276
0.331353
1.00146
0.670895
0.816031
0.27053
0.930795
0.106061
1.3456
3.33047
1.55622
0.642716
0.327677
0.805814
0.470311
0.446111
3.24876
1.66505
0.527509
0.684122
1.83488
2.2726
0.038099
0.137455
1.14888
0.167153
0.389746
3.17854
0.10698
1.09796
2.06076
1.15155
0.376412
0.123858
1.14258
0.717731
0.35416
1.83698
0.868767
0.214092
0.89637
1.38507
0.394479
1.27967
1.23388
2.47562
0.111709
1.81479
0.678939
0.858871
0.82058
2.86694
0.245649
0.404176
0.0413675
8.33633
0.221882
0.183463
1.24652
0.146087
0.876027
0.178476
0.611679
3.15948
0.0649973
0.683787
1.15434
0.662812
2.77834
0.440213
1.57132
1.71983
0.55438
0.261768
2.16892
1.00565
1.2156
1.05971
0.92002
0.810392
0.033455
2.27745
1.07083
0.11578
1.24663
0.631722
1.09849
1.7971
0.935352
1.89621
0.49216
0.0516926
1.83711
0.58289
4.46111
0.218754
2.152
0.496776
0.0766966
1.52451
2.87258
0.208959
1.35008
0.732116
0.10939
0.0554523
0.051143
2.58655
0.340003
1.70594
0.227035
0.180783
0.915838
0.023917
0.083237
1.42122
0.0236613
0.241177
0.0899116
0.401401
1.06086
0.019285
1.62572
0.480178
0.705297
1.44022
0.678761
0.0861041
0.387692
0.759604
2.0912
1.69038
0.762504
0.288952
0.0291096
0.478002
0.43932
0.322049
1.99194
1.13223
1.13938
3.57522
0.320111
3.08565
1.33017
2.50126
0.115141
0.314859
0.0371409
1.36896
3.85995
0.427604
0.977042
1.37044
0.572107
0.0284004
1.15445
0.68355
2.54296
0.998776
1.73134
1.36718
0.834936
0.143151
0.232555
0.376109
0.479635
0.442226
0.00253797
1.54685
1.01521
1.61884
0.586366
0.743154
1.03276
0.166628
0.0799615
0.0885857
0.131766
0.292874
0.789082
0.157689
1.83822
0.0325939
0.220006
2.2066
1.70436
1.20374
0.194692
0.460617
1.39663
3.03368
1.67461
0.728633
0.436827
1.61441
0.524086
0.210246
4.23506
0.63013
0.212006
0.23764
2.92285
0.00798124
0.757759
0.175272
0.132375
0.503625
1.15241
0.113733
1.35428
2.81489
0.932792
0.487406
0.11417
0.417164
1.67955
0.90702
0.294885
0.757172
0.086226
0.391446
0.181888
1.04652
0.0248046
1.44174
2.61107
0.0524729
0.378474
1.4184
0.166653
2.18927
1.0044
0.292443
1.7108
0.370027
0.227918
0.435963
0.0941551
0.38587
0.137519
2.28836
2.36143
0.418576
0.737775
1.01597
0.107822
3.46828
0.770081
1.40578
0.275046
1.26233
1.5625
2.75536
1.55457
2.12666
0.0980951
1.63699
0.991803
0.233934
1.49155
1.71262
0.357325
3.12978
1.95598
0.722648
0.140486
0.0472617
1.8061
3.2032
0.147742
0.395318
0.409918
1.07693
2.42165
0.213708
0.618412
2.62582
1.60197
1.09964
0.576937
0.542945
0.833056
0.194208
0.427943
0.574621
0.00709187
0.0630712
0.516805
0.8293
0.0981911
2.19264
0.445508
1.57241
0.284176
0.0676552
0.626523
1.45599
0.202568
0.568204
0.922348
2.35301
1.64567
0.648035
0.212822
0.801861
0.486353
1.05919
1.2479
0.126995
0.527833
3.3734
0.651865
0.205668
0.135596
0.268324
0.244708
0.37396
1.93023
0.235876
0.216597
3.18003
0.374426
0.629505
0.820867
0.274686
1.84675
0.614575
0.49641
1.1699
0.662252
0.99897
0.0519346
3.09798
0.478173
0.790706
2.27193
0.0823049
0.230712
1.60439
0.840274
0.27333
1.58871
0.345929
2.34662
0.771643
0.559389
0.406961
0.524589
0.674537
0.630192
3.08991
2.61251
0.739384
0.171314
1.761
0.119971
0.271974
2.32245
2.58816
0.200186
0.0675755
1.28156
0.41828
0.801275
0.840617
1.35902
0.251586
0.0945375
0.200063
0.463588
2.06444
1.83291
0.143764
1.16062
0.672037
0.15763
0.155063
1.49951
1.42973
0.00199874
0.127256
0.114169
0.193296
2.31147
0.25504
0.422619
0.477277
0.61602
0.854798
0.643146
0.486691
0.315851
0.575239
2.74705
2.56044
1.00907
1.84256
0.392812
0.600812
1.28042
0.0380804
1.64751
0.383236
0.0113365
0.625247
1.32283
1.30631
0.26083
0.130893
0.190576
0.514792
0.0518736
2.55137
1.43854
0.366614
0.151702
0.704212
1.8526
0.425158
0.412071
1.55369
0.546005
0.492375
0.316988
0.259524
2.09951
0.0336905
0.239751
0.762298
0.107872
2.75508
1.1671
0.868658
0.140069
0.86781
0.0199908
0.0393199
0.469451
1.76964
1.18206
0.311901
2.33297
0.748352
1.9857
0.155491
0.369456
0.325148
0.752718
0.732458
1.3109
0.408778
0.701883
0.0434065
0.383634
0.687925
0.313545
0.386062
0.85412
1.59054
1.12325
0.199574
1.13011
1.50903
0.253247
1.2886
0.424853
1.15066
1.11953
0.640446
0.740534
3.37451
0.0114312
0.263015
1.68553
0.872406
1.11475
0.0890542
0.287957
0.113739
0.226656
0.902171
0.678197
0.192188
0.905494
1.78505
1.15463
0.853122
0.133856
0.0976914
0.0870413
0.669126
2.08142
0.353843
0.548938
0.319995
0.0484759
0.356303
0.687939
0.876769
1.20248
0.222807
0.0789069
1.52111
0.748362
1.10605
0.358268
0.0219323
1.16253
0.244448
0.0248136
0.160952
0.233092
2.2843
1.46723
0.0251082
0.122969
0.758895
0.731649
3.42736
1.56193
2.63011
0.583057
1.38061
0.0013754
1.08181
1.20677
1.89666
0.319708
1.21195
0.300358
0.342721
0.553866
1.62224
0.276631
2.29311
2.22973
0.429863
3.55487
0.16683
0.747447
2.16389
2.12879
3.71426
0.525727
0.380139
0.790563
1.44518
0.820373
1.49107
0.182403
0.909543
0.972302
0.184397
1.67812
0.383508
0.38815
1.13974
0.163607
0.173459
0.0786543
0.289815
0.648485
1.43872
0.097887
1.17462
1.17185
1.75311
0.0184482
0.247142
0.0198102
0.0119643
0.0329673
0.917259
0.397561
2.58311
1.07381
0.778806
1.55873
1.04881
1.10846
1.11334
0.702672
2.72593
1.24516
0.784757
1.76546
0.351213
1.71039
1.94212
0.0467927
0.379108
0.11419
0.301049
1.04722
0.876929
1.65103
0.117762
0.736568
0.309093
0.750942
0.566407
0.340658
0.289999
0.640168
2.43766
0.163668
0.328586
0.252966
0.46564
0.75036
0.283636
1.7378
1.97794
0.587044
2.14902
0.252258
0.0546742
0.132293
2.52897
1.22753
0.394999
1.27541
0.329386
1.16242
1.68132
0.441004
0.514165
0.124253
0.674465
0.0555988
1.68887
1.28339
0.418019
0.0302365
0.0711379
0.129415
2.06086
0.000619839
0.118649
0.636862
0.258498
0.476806
1.01622
0.814203
0.516866
1.40711
0.821371
1.3029
0.372136
0.0721312
2.08274
1.75169
0.670822
0.0749858
0.510066
1.31375
0.308012
1.01724
0.16126
0.250043
0.12956
0.575116
0.0777081
0.0542338
0.590944
0.441085
0.151419
0.252634
0.0825505
0.802541
1.41942
1.6555
2.00781
0.741516
2.29941
0.241699
0.691945
0.239529
3.52717
0.831595
0.43271
1.2051
0.12893
2.6438
1.2803
0.135268
0.0874706
0.605145
0.567714
0.37136
0.0319065
1.73655
0.195914
0.0825067
0.158956
0.101119
0.363632
0.503567
0.899152
0.418804
0.374359
0.264446
3.18126
2.18132
0.381679
0.127328
1.94093
1.35292
0.0569301
0.0641498
0.882041
0.210473
2.27676
1.80937
0.278849
1.82559
0.203936
1.13462
1.0304
1.72025
0.731642
0.261177
0.349912
0.932524
0.0720682
2.27875
0.770973
0.0482921
0.524184
0.140004
4.53345
0.0955416
1.39362
0.738868
1.00763
0.0562814
0.0311972
0.183162
0.112888
0.916054
0.0822373
1.62111
1.7029
0.795395
0.0914332
0.512294
0.403274
0.696304
1.2077
0.00123539
0.309531
1.42768
1.30368
0.708723
1.4412
0.417033
0.141189
0.496227
0.603946
1.23956
0.0107943
2.87885
0.417742
0.281657
1.52842
1.73499
0.387911
0.0796875
0.256206
1.69848
0.389578
1.73259
2.42618
0.348776
0.494504
0.592541
1.09022
2.72457
0.47477
2.43283
1.33526
0.983453
0.161204
0.141496
0.939044
1.0859
0.15901
1.00534
1.05237
0.755617
0.69428
0.00457273
2.62441
1.90442
0.159796
0.273122
0.490165
2.29922
0.277386
0.112492
0.617527
0.129673
1.73036
0.22431
0.352894
0.206697
0.944739
2.72145
0.976982
0.359672
0.220477
2.6379
0.608095
0.212973
1.47664
0.61022
0.0992917
1.27902
0.14004
0.361784
0.256955
0.63161
1.51031
3.57493
0.338215
0.568302
0.599239
0.0437163
0.126873
2.1712
0.0379846
2.50277
0.52182
0.269034
0.542739
0.909795
0.338621
1.08247
0.78377
1.1761
0.397423
0.911029
2.10911
3.37725
1.99949
0.456044
0.392944
0.511152
0.305464
0.313283
0.261631
0.491692
0.632347
0.0760478
0.4738
0.353974
0.28522
0.622625
2.54258
0.55648
1.10321
2.0424
0.148445
0.503151
1.81437
0.0622164
0.767057
0.514989
3.9202
0.694582
0.0733082
0.562819
0.0778379
0.279264
1.37787
0.857042
0.046689
1.80558
0.333583
0.0162372
1.63723
0.570499
0.552509
1.56606
0.0313665
0.328474
0.306524
0.411504
1.13224
0.256787
3.32365
0.927327
0.00917823
0.0446096
1.56045
0.325981
1.74929
0.401104
0.927068
0.123083
0.104377
0.64576
2.01179
0.352986
0.14051
0.333341
2.01373
2.36039
0.637785
0.456468
0.138275
1.37676
0.226813
1.7945
0.822309
0.805597
3.936
0.304278
0.865719
1.0421
1.54963
0.772585
1.87726
0.300673
0.145836
0.547017
1.29104
0.183913
0.171272
0.164025
1.30652
0.0653906
0.517042
0.0535679
0.296623
0.338667
0.255702
2.06599
0.0463806
0.0452923
0.525902
2.75668
0.248937
0.205488
0.963285
0.59269
0.759643
1.43982
0.700024
0.554753
0.391547
0.0310871
1.32665
0.610219
1.93446
3.15793
0.480324
0.144417
0.655908
1.5618
2.89958
3.79558
0.989775
0.283482
2.78933
0.542836
4.25686
1.08979
0.701887
3.38238
0.485803
0.283406
0.522372
2.75245
1.67773
0.882094
0.686472
0.597762
0.263402
0.102235
2.91554
0.248877
0.593219
0.0886642
0.197756
1.17287
0.631169
2.7541
0.39478
0.344883
0.463057
0.723199
0.62425
0.0393261
1.87472
0.395436
0.124854
1.80805
2.09345
0.491151
2.90409
0.212874
0.413094
0.0455493
2.04861
0.581624
0.259017
0.154315
2.09205
4.14383
0.321781
5.09971
0.212101
1.48625
0.405568
0.301017
1.65047
1.20682
0.81315
0.334283
0.340662
0.529704
0.103421
0.144155
0.217
0.234552
0.278801
1.33272
1.0314
0.361149
0.497435
0.811579
0.267239
2.70837
0.355683
0.270788
1.28993
0.805588
0.182486
0.0221311
0.533662
2.09335
0.697399
0.615824
0.46729
0.423617
1.1542
0.550911
1.67839
0.694265
0.941217
0.686762
0.519234
0.550336
0.0257713
2.30175
0.0766828
0.392933
1.39666
2.6708
0.308961
0.79416
0.0967077
1.83802
0.110053
0.910223
1.23985
1.46034
0.167978
1.68517
0.19369
0.161506
0.120359
0.36145
0.283527
0.711828
2.60463
0.914666
1.64144
2.72458
0.41206
0.159479
3.93862
0.543736
0.346452
0.277912
0.0886837
1.69179
3.18357
2.88795
0.540166
1.4594
0.46345
0.409287
5.10135
2.94656
0.139277
0.08456
1.19981
0.654646
0.586552
1.16956
0.303482
1.42675
1.50031
0.50581
0.485569
0.269922
3.43788
1.20276
0.337975
0.252429
2.09419
2.70418
0.168689
0.845408
0.359068
2.42975
0.419403
0.211066
0.362016
0.807958
1.19344
0.0200807
0.529652
0.10352
1.74127
0.0729811
4.65298
0.56598
0.262553
1.42867
2.20146
0.125218
1.04908
1.21655
0.169106
1.6207
0.16335
0.736061
0.023176
0.253408
0.0814084
2.12794
1.03296
0.311025
0.0496692
1.89294
0.429921
0.37789
0.234092
0.589754
0.0473168
0.251429
0.0484999
0.0233013
0.184926
2.14892
0.195381
0.449979
0.207049
1.22978
1.58552
0.0601118
1.64625
0.148495
1.1912
0.709259
1.70283
0.191972
1.32014
0.453584
0.0813444
2.28615
3.66221
0.296571
2.26336
0.297719
0.385291
0.980492
0.422054
0.614434
0.352151
0.204538
1.21196
1.18377
1.49915
0.60523
1.93536
0.981297
0.827945
0.527306
0.254865
0.025107
0.927614
0.350872
0.972498
0.872306
2.91262
0.221891
1.29745
0.982437
1.0154
1.98793
3.73109
0.166376
0.668696
0.822738
0.247198
4.10362
1.25289
0.234584
0.214368
0.403084
2.6792
0.73046
1.12701
2.72416
0.188502
0.279019
0.0501277
1.3255
0.448034
1.25902
0.294923
1.6563
0.39195
0.168313
0.0434668
1.82183
0.413171
2.13026
0.751667
0.11901
1.77096
1.65293
0.154993
0.689187
0.132707
0.649888
1.4983
0.630695
0.55714
1.24556
0.5019
0.389067
0.362236
1.03429
1.50082
0.124666
2.30305
0.968277
0.622226
0.00858341
1.10763
0.213916
0.196009
0.270731
0.389823
0.286394
0.393525
1.16028
0.833244
0.0767993
0.800914
1.48217
1.03499
2.61298
1.06966
1.26204
0.0596564
0.337825
0.728163
0.41693
0.674296
0.32965
0.249872
0.245503
0.324846
1.17963
3.02811
0.0582143
1.15122
0.341751
0.817263
1.9912
0.0542785
1.0725
0.229164
2.07443
0.590392
0.19676
0.970418
0.226758
0.847976
1.6405
0.724851
0.233045
0.645331
1.36783
1.02696
2.166
0.225221
0.668976
0.42247
0.226137
0.204284
1.2692
0.659017
1.45707
1.82841
1.71572
0.251603
0.0898647
0.285409
1.35772
4.04969
2.15333
0.207344
0.421898
2.1629
0.710806
0.377089
0.631084
0.526436
1.32455
0.235021
0.632539
3.1369
1.2226
0.264129
0.101384
0.0112317
0.230788
1.13535
2.80432
0.283466
1.12872
0.640684
0.677093
2.11892
1.69912
0.2271
0.843439
1.83817
0.481007
0.784422
1.20938
1.91415
1.18858
0.522172
0.531686
0.892972
0.197938
0.1559
0.487369
0.0181518
2.87448
0.0384041
0.553714
0.437741
0.533304
0.855717
0.288577
0.768353
1.09638
1.17493
0.695496
0.491279
0.179345
0.614094
0.119907
2.83759
0.017699
0.816174
0.660059
1.04773
1.31903
0.273302
1.18283
2.03048
0.169372
0.157317
0.642429
0.621331
0.5132
0.098628
1.04378
0.260641
2.61434
0.317165
0.476749
3.85524
0.606433
2.54591
1.15592
0.296011
0.718916
1.5493
0.204347
0.175238
0.341254
2.02004
2.44083
0.794193
0.10166
0.628216
3.6241
1.06284
1.39769
0.677531
1.43169
0.31055
2.02462
0.328306
0.129665
1.71387
0.875951
0.137938
0.00350662
3.57291
0.506326
2.12763
0.695072
0.58339
4.70219
0.256614
0.661457
0.251465
0.804543
0.752425
1.68123
0.220385
0.0411599
0.798683
0.213262
0.0428015
1.23049
2.43579
0.605432
1.67509
0.782913
4.55989
0.36129
0.930763
0.0116627
0.458689
0.62909
0.0256364
1.03431
0.536442
1.2163
0.102412
2.86404
1.79379
0.372122
3.33485
0.259266
0.764246
0.462518
0.86315
0.312077
0.802794
0.21101
0.426864
0.939541
0.0132391
1.40909
2.55553
1.86951
5.34947
1.30295
0.0246814
1.58006
0.305447
0.0515628
0.493819
0.685995
1.55327
1.15993
1.70119
1.72812
0.266343
1.91638
0.280798
0.434809
0.678972
0.386262
0.431076
0.463888
0.368462
0.46816
3.73112
1.40611
0.0340524
1.46606
0.935698
2.55405
3.46624
1.78119
0.136427
1.79167
0.319423
1.00057
0.41699
0.412918
0.326539
0.187581
0.752514
0.571055
1.50406
0.856662
0.105303
1.13866
0.542824
1.03066
1.56172
0.0130094
0.171869
0.567198
1.12176
0.73177
0.75212
0.137518
0.39936
0.656668
0.798983
1.84298
0.02237
2.03276
2.41052
0.4639
2.32074
2.10696
1.41461
2.81958
0.481429
0.155841
0.35216
0.719797
1.00418
2.7585
0.454047
0.115229
0.213676
0.363238
0.384778
0.638269
2.13402
0.471074
1.41166
0.104494
1.13937
0.71368
0.83947
1.63111
2.3058
2.01393
0.413734
0.254733
0.769477
0.25553
1.23934
1.31964
0.286589
0.225116
0.79321
0.744075
3.31821
1.41928
0.0104458
3.72505
0.158475
0.248664
0.230245
0.0112001
0.783755
1.22433
0.334663
2.81928
0.822675
0.683649
1.14887
0.266036
2.18628
1.23983
1.82035
1.11431
1.29124
1.1354
3.07788
0.616845
1.70171
0.318151
0.27928
1.37814
3.60181
1.32304
0.136602
1.49367
2.77451
0.209811
3.03595
0.0162039
0.369212
0.0501658
0.377577
0.405107
2.3324
0.520556
1.11393
1.34028
3.51218
1.01186
1.55578
2.17248
0.535356
1.37443
0.235601
0.355979
0.466346
0.294534
0.392463
0.733889
0.029993
0.116281
0.0315673
0.187287
0.356428
0.484114
0.35313
0.32296
0.275628
0.277515
0.194785
0.337785
3.30382
0.662776
1.1891
0.0374437
3.1548
0.25433
0.47777
0.523991
1.04058
3.05422
0.728324
1.11905
0.703468
0.206579
0.234455
0.483386
0.0427596
0.779135
0.234644
0.0199115
0.856928
1.09383
2.39989
0.712922
0.0981147
2.09938
1.43184
1.34216
0.17158
0.347761
0.247743
0.524457
0.215858
3.26644
2.05184
0.887059
0.550857
0.306409
2.33751
4.97739
2.31022
0.267837
0.208612
3.41377
1.48213
0.175854
4.0278
0.235559
4.88949
3.00306
0.0497303
2.83708
1.59649
0.50875
1.28245
0.277941
1.04794
0.181115
0.447006
0.219036
1.5638
0.721093
0.387437
2.06181
1.61536
1.15055
0.373143
0.815944
0.929785
0.0872637
2.43448
0.845292
0.329957
1.30681
0.56744
1.83186
0.16534
2.76758
0.0397012
1.39448
0.376511
0.0452006
0.245976
1.98062
1.0137
1.21611
0.0397156
0.534307
0.0823914
0.516411
3.16925
0.605173
1.36369
0.763893
2.73037
0.08527
0.943603
0.409037
1.41248
0.260147
0.528358
0.0766751
0.436839
1.08901
0.134804
0.0277437
1.49177
1.46874
0.828276
0.562589
1.45119
0.506357
0.0283156
0.0333691
1.13239
1.17437
0.300171
4.08102e-05
2.19247
0.955387
0.327452
0.691
3.43282
1.57807
0.0186138
0.82234
0.692289
0.723245
0.974988
0.131662
0.587652
0.241256
1.76016
0.023625
0.0819985
0.773171
0.224592
0.0252907
0.447262
0.107377
0.333683
1.09749
1.25173
0.369806
0.75509
0.100566
0.0209694
2.468
1.00625
0.747495
0.746699
0.429366
0.666049
0.266309
0.765379
2.86769
0.120295
2.67357
0.675851
0.033802
5.00381
0.134986
0.264522
0.0822998
2.02241
2.14052
4.59145
0.486753
0.546494
3.03968
1.81816
0.311621
0.0374117
0.206638
1.08326
0.546354
0.451989
0.739309
2.53371
0.434011
0.0867065
1.74353
0.246092
1.48637
0.540393
3.0408
0.451909
0.354583
0.423468
0.12635
1.36726
0.378371
1.91792
3.69741
0.964143
3.61415
3.19979
1.27716
1.25739
0.47736
1.07617
0.640654
0.482423
1.44199
1.53931
0.510028
0.592519
0.0651771
0.404108
1.12386
3.76265
0.527437
1.51945
2.56616
0.0523114
1.79274
6.18089
1.72279
0.215145
0.519587
0.466898
0.199915
0.0540264
0.55059
3.2831
1.88704
1.08394
0.315961
1.67776
2.15019
1.63736
0.986691
1.02769
1.9404
2.09194
2.16016
0.275609
2.08627
0.864539
0.25175
2.95257
1.46036
3.17897
1.94148
0.25638
0.234666
1.44401
1.46574
1.11838
1.08568
2.586
1.19603
2.75045
1.06173
0.0311466
0.708888
0.225331
1.5546
1.60373
0.246751
1.35675
0.409732
0.597749
4.99279
2.67578
0.243217
0.259181
0.24753
0.0829688
0.894863
0.956051
0.571669
0.238703
0.637646
0.592064
0.100606
1.0904
0.00463902
0.931893
0.013078
0.368314
0.430954
0.49474
0.684838
1.62204
2.2126
0.309128
1.01595
2.27857
0.415661
0.826992
0.890024
0.588628
0.239373
1.28418
1.67333
4.41015
1.72419
1.88335
2.29143
2.06395
0.120147
0.389537
0.374276
1.34466
0.406198
2.09188
3.02007
0.647975
1.77888
0.242648
0.627949
1.11308
1.53942
1.50918
0.302084
2.6417
1.8683
1.31282
1.4713
4.23483
0.704613
0.218219
0.42461
0.283166
0.808086
0.429908
0.659412
0.396876
0.656107
0.310576
0.934848
1.29922
1.31873
0.914965
1.19102
0.233412
0.0234827
3.66133
3.18431
0.761369
0.466531
0.738121
0.173167
0.70648
0.572956
1.21899
0.112515
1.77277
0.365676
0.643805
1.88497
0.00840701
0.0257013
0.18142
0.374426
1.64263
0.278211
5.01544
2.85934
1.4179
4.67879
2.38749
0.426686
1.00489
0.780334
0.201176
0.604656
0.168942
0.496188
0.908423
0.180489
0.683925
0.143496
1.12329
0.346345
0.20836
0.594966
2.5865
0.845736
0.176784
0.836525
0.882438
0.033777
3.00402
3.6407
0.855272
1.90791
0.330943
0.142933
0.075575
0.0296827
1.21228
1.07242
0.00290858
3.34049
0.759518
0.611796
0.12665
2.29436
0.10813
0.439513
3.41357
0.574989
0.0980997
1.56468
4.78616
1.09849
3.32284
0.399659
1.23202
1.03172
0.718054
0.796534
0.56503
0.0740957
2.3822
1.13549
0.637808
0.805187
3.07362
0.474192
0.100564
1.27723
0.948904
2.23527
1.07239
0.562433
0.0845837
0.209983
0.0186265
1.89919
0.0186158
0.928162
0.369132
0.323056
0.437656
0.278082
2.69768
0.665128
1.53418
0.222542
1.89838
0.0543269
0.518221
0.460106
0.180189
1.56386
0.901396
3.22022
0.0616241
2.60093
0.379213
2.94077
0.7345
0.305867
0.622628
2.06075
0.0716272
2.12434
0.155553
0.165265
0.0753307
0.383241
0.127139
0.128145
2.11217
0.151103
1.59081
0.435053
0.101969
0.804459
1.25844
0.953841
0.408847
1.65259
0.716912
0.424795
0.716463
1.31555
1.14996
1.16615
1.63656
0.10714
0.968072
0.427488
0.149261
0.192699
0.407717
0.316724
2.17076
0.536042
4.05403
0.395256
1.90976
1.77193
0.00343716
0.738741
0.512145
0.324793
0.869536
0.491017
0.278711
1.83999
2.84458
3.22101
1.05612
0.00384411
0.0861603
0.620976
1.75054
2.42477
4.39412
1.09323
0.583497
0.785633
2.20043
0.759563
4.13015
0.150963
0.0849947
0.0683532
1.27868
1.05455
0.177522
0.0628729
2.07885
0.482001
0.129781
0.26564
2.22298
0.0644046
0.991861
0.16677
0.405628
0.604598
0.428373
0.532185
1.39041
2.08528
0.858347
0.304889
0.551749
1.27325
0.636484
1.71619
2.08421
1.45733
0.483575
0.00586479
1.42916
1.51291
0.0902322
0.524564
1.68162
0.0416788
0.186926
1.73238
3.00965
0.0317833
0.880322
0.622058
2.23485
1.8619
1.1911
1.7277
0.916
3.2407
1.19423
0.645215
1.06579
0.129288
0.712868
0.224942
0.203159
2.98346
0.104062
1.32939
4.28396
0.0614182
0.761957
0.139741
1.60017
0.37099
0.105971
0.840576
1.79205
2.74857
1.34954
2.2419
0.34915
0.117684
0.36864
0.0143786
0.100968
0.359383
0.523659
0.614716
1.01054
0.132512
0.481895
0.0845339
1.27054
0.641064
0.72691
0.572281
0.556678
3.1123
0.744969
0.656094
0.399981
0.24749
0.401995
0.968366
0.753551
0.0831769
0.186517
3.01428
1.83269
0.549936
2.24473
0.00669536
0.542167
0.0928295
0.666117
2.37396
0.458374
0.360763
0.29789
0.277
0.713913
0.00113515
1.49777
0.309468
0.7595
0.761492
0.953417
0.0654093
0.0700248
3.06822
0.950215
1.5105
1.33432
0.347917
0.202917
0.268945
0.673179
5.0138
1.04281
0.194328
0.492269
2.37538
1.16297
2.72547
1.57267
0.051138
0.529973
1.7424
0.190982
0.324453
0.835395
0.471905
2.34333
0.569342
0.172315
0.537813
0.643018
1.9749
1.15898
1.63462
0.0391656
0.588914
1.57808
0.659459
1.66445
0.400348
0.256825
1.11256
1.85522
1.68331
0.342016
0.273271
1.52846
0.610618
1.11978
0.0192712
0.331778
1.70429
0.974982
0.481108
0.513476
0.0974927
0.5102
1.22547
0.317381
2.53407
0.262204
0.0824656
2.52501
0.395116
0.185406
0.143064
4.38292
1.50986
0.297869
0.475213
0.392167
0.138833
0.103142
1.01731
0.560882
0.435721
0.583272
1.30624
0.648925
2.38862
0.0754991
1.04341
0.444272
1.226
0.500177
0.232617
0.866605
0.585333
0.596696
0.0221011
0.0273192
2.02356
0.249833
0.435404
0.0921873
1.24264
3.18095
1.87229
0.288563
1.86257
4.36676
0.36501
0.722031
0.0154922
0.192866
0.156862
0.404249
0.772804
0.368177
0.139385
0.986609
1.28297
1.0617
1.12217
0.0838905
2.32991
0.805323
1.92556
0.687802
1.34081
2.07364
0.0600024
1.37687
0.25948
0.844168
1.8259
0.781986
0.861484
0.730208
0.0899521
0.100877
2.28155
0.969959
0.921857
0.319745
0.921706
0.316542
3.49478
3.89963
0.458733
0.364695
0.20278
1.55323
0.934836
0.400251
1.54366
1.90652
0.665553
1.03688
0.742331
0.251107
0.710747
0.10768
0.215842
0.52714
0.736722
0.229258
0.184327
0.41576
0.488477
0.23055
1.62758
0.277388
0.733487
0.167372
1.98397
0.280798
0.862343
1.5669
0.39984
1.41251
1.37352
0.709574
0.39349
1.4485
2.2013
0.613079
1.69407
3.00089
0.0813608
0.552034
0.957235
0.723783
0.374676
0.89795
1.85284
1.02352
0.264414
0.509097
0.103916
1.75853
2.12351
1.64331
1.10288
1.05243
1.234
0.649468
0.0226281
1.65286
0.675448
0.434224
1.37431
0.160851
0.228821
0.189378
0.212874
0.928134
1.05143
1.96226
6.91509
1.79741
0.134803
1.14752
0.0988578
1.03779
0.166405
0.824515
0.77974
6.17997
0.917992
0.245657
0.198478
0.0906649
1.27061
0.326512
0.547858
0.894469
0.11138
1.38893
1.43242
3.60042
0.792479
1.97901
0.114508
0.52302
0.687615
0.434756
0.218571
1.35897
0.964287
0.777673
0.192303
0.243545
1.70532
0.544163
1.12264
0.927074
0.518904
1.09525
1.30927
0.315241
1.54242
0.799385
4.77934
0.0274633
0.472726
1.2348
1.14093
3.84975
0.428739
0.941019
0.255109
0.173719
0.531334
0.0606097
2.51458
1.33672
0.0962075
0.912929
0.19429
0.352138
1.69783
0.142656
2.7686
2.459
1.0027
0.419981
1.79911
1.24776
0.27886
1.04358
0.264976
1.62685
0.544729
1.29716
2.97738
0.138579
0.346055
0.658694
0.196899
4.4084
0.837665
0.241542
0.0727025
2.21079
0.0235873
0.722588
1.4099
0.00873609
0.760907
1.359
0.117932
0.702605
3.52547
0.0409213
1.29224
0.649175
0.735454
1.22507
1.02318
1.00837
0.887018
2.90026
0.562405
1.88051
0.773415
1.27694
1.14516
1.80175
0.334901
1.07227
0.618037
2.76411
0.00210239
0.137768
1.74834
0.46245
0.526429
0.0995322
2.41528
4.82876
1.18054
1.4765
2.38456
0.381697
1.11653
0.350951
1.99039
0.86882
1.26327
0.661849
0.506348
1.53537
0.797414
0.294136
0.136187
2.65492
2.29735
2.84468
3.94608
0.879446
0.244965
0.816904
0.017859
0.593783
1.43574
0.037542
0.867957
3.48718
0.727527
2.14689
0.265599
0.124209
2.35658
1.51642
0.301987
0.145061
0.365459
0.144917
0.785184
0.218823
0.213502
2.13362
0.124379
0.139863
0.486217
0.0669529
0.125776
0.286946
1.1422
0.931936
0.379559
0.708543
2.63424
0.84672
2.01504
2.09915
1.24749
0.35371
4.04958
0.927215
0.0470786
0.833028
0.183029
1.40167
3.87034
0.0205006
0.864134
1.18667
1.29146
0.317491
1.41684
0.777157
1.30337
0.199081
1.65297
0.516142
3.30301
0.1526
0.588227
0.102081
0.8288
1.21015
2.59455
1.40259
0.532635
0.173604
0.86761
0.0249902
0.689047
0.406421
0.842839
0.0170041
0.34558
0.319551
4.02476
0.020552
0.103551
0.0248144
4.13093
0.110649
1.18031
2.25271
0.182133
1.54213
1.0066
2.54186
0.886049
1.19457
1.32832
3.99722
0.43272
0.350847
0.216915
0.763432
0.641487
0.65841
0.310647
0.0862929
1.41152
0.11536
1.18293
1.93169
0.52623
3.02831
5.96865
2.23713
0.223605
0.115654
0.922393
1.74342
0.4797
0.0284378
0.0810409
0.45548
2.59446
0.81787
0.0957723
0.54607
0.93415
0.640701
0.240339
0.252065
2.72848
1.10333
0.0391186
1.954
0.328562
0.673948
0.488321
1.77879
2.77162
0.0235291
0.10007
2.52974
0.0690087
0.264038
0.2336
1.76907
0.248419
0.152148
1.05143
0.292164
0.904794
0.0144436
1.65232
1.00932
0.589298
0.220174
0.13878
0.984096
1.64179
3.16441
3.24917
0.0165009
0.67188
0.742462
0.92013
0.917386
0.126978
0.686239
2.58993
0.313216
3.58972
1.96811
0.147843
1.79793
2.20494
1.3279
0.153382
0.267982
0.141856
0.777563
1.46321
0.396216
0.874745
3.92705
0.877103
0.457396
0.111072
1.58749
0.27655
0.363698
0.660328
2.86388
0.0880855
0.447127
0.792389
0.190873
0.052364
0.175039
0.89044
0.072354
0.715322
0.671048
1.73924
1.24501
0.592098
2.12329
0.953264
0.305442
0.0631491
1.20098
1.32804
2.72559
0.325959
1.28609
1.23914
1.8215
0.42353
1.47592
2.37094
0.00918265
0.981541
0.843645
1.15423
4.03762
0.270172
0.502039
0.953617
0.623685
0.232993
0.363176
0.0547978
0.232033
1.27263
2.10681
1.73985
1.35875
0.749553
2.1944
0.345094
0.381356
0.167203
0.505604
1.35044
0.858072
0.941671
0.413129
0.109909
0.319131
0.695624
0.166772
0.0785763
1.03284
0.062821
1.35311
0.540716
4.35698
0.139361
1.06304
0.92222
0.411357
2.60903
1.02342
0.159358
0.820808
1.64148
0.504567
0.462738
0.768854
0.864866
1.02425
0.763035
1.444
0.553898
1.20541
0.199863
0.341877
0.689982
2.66117
0.0742548
1.10519
2.46267
0.186033
0.937119
0.0130639
0.546356
0.788433
1.14399
0.24855
0.803515
0.340248
3.04647
0.534948
1.93856
1.14724
1.98685
0.369987
1.18028
0.0617922
0.0732099
1.25351
0.593759
0.118351
0.0836907
0.522341
0.900056
0.288046
0.00484015
2.82752
0.0614191
1.90641
0.895359
0.199804
1.03764
1.58604
1.43931
0.0701072
1.67441
1.03679
0.384704
1.16319
2.24255
0.266401
0.616282
0.918423
0.881467
0.688634
0.219342
1.16681
0.24484
1.03379
0.405019
1.78061
1.24219
0.78418
1.1605
0.598529
5.39562
0.668971
2.06304
0.561705
1.39638
2.0056
2.07989
3.24216
0.600715
0.00380253
0.68681
0.362047
0.435335
0.720108
1.1744
2.66905
0.20104
0.440438
1.56142
1.26248
0.187876
2.8604
0.467057
0.169569
1.01367
0.894684
0.511406
0.777984
2.24526
0.447255
0.401622
2.01232
0.693342
1.04602
0.160476
0.231763
0.25195
0.0499845
5.7355
0.744547
0.0476515
0.171038
1.8871
0.578248
0.861213
1.00586
0.180349
0.241686
0.97606
0.79247
1.17182
0.163278
0.0460499
0.660164
1.00296
0.240285
0.499149
0.138969
1.76895
0.035291
1.70397
2.4823
1.35024
1.06991
0.55987
0.245305
0.0837642
0.375633
0.0290697
1.51315
0.907685
0.322205
0.125322
0.112585
0.30822
2.01163
0.654259
0.0492944
0.565561
0.12367
1.05426
1.5373
2.27831
0.762679
0.370079
0.918205
0.91306
2.09468
0.136988
0.935211
0.53959
1.42287
0.0879468
0.0814881
0.279161
0.0171305
0.661502
1.85187
0.205545
2.87119
0.289094
1.6782
1.05368
0.182775
0.105355
0.00350608
2.08862
2.09809
0.209092
0.25678
1.01467
0.713652
0.668685
0.168159
1.35686
0.583418
0.531108
1.53861
0.227136
1.56665
3.40969
0.0337387
0.843122
0.509375
1.16547
1.04214
2.69803
0.50066
1.15846
1.25296
1.73652
0.760985
4.20599
0.581452
0.382002
0.742236
1.229
1.73654
1.23835
1.08839
0.314132
0.337036
0.409402
3.05995
0.227215
1.77581
0.59191
0.127515
0.229462
0.120682
0.216304
6.02079
0.0531262
1.76973
0.127915
0.152316
1.46254
0.954503
0.171112
0.591813
0.381724
0.507728
3.42497
0.457833
1.2562
1.3377
1.85285
0.004157
0.253447
0.917774
1.96341
0.0897431
1.10386
0.772279
0.306943
0.630302
0.349314
0.0185835
0.123898
0.254943
0.486983
0.534128
0.232616
0.424742
0.408932
1.59961
0.887254
0.230936
0.66579
0.294408
0.402321
2.3361
2.07257
0.147322
0.185475
1.26308
0.851415
2.24134
0.801585
1.24675
0.79984
0.45998
0.889738
0.25302
0.330966
0.466015
2.75217
1.2828
1.44509
1.95921
0.56572
0.919199
0.386044
0.0152925
0.522855
0.817843
1.00743
0.346791
2.18584
1.06921
0.0408882
0.0527408
0.0643325
0.37997
0.0271778
0.937278
1.28575
0.681055
0.650353
1.0042
2.23337
0.621045
0.0118262
1.71962
0.494325
1.17324
0.177096
0.654055
0.05822
0.953465
1.2305
0.347109
0.0318488
0.0724666
0.291039
0.0887557
1.20942
2.80602
2.78063
0.93868
0.648712
0.651113
1.67143
0.620451
0.920911
1.25931
0.885118
0.15602
0.0229716
0.563422
0.174872
1.27267
0.843349
0.206031
2.50009
1.12049
3.85566
1.3084
0.440897
0.525168
1.4117
0.279969
0.532392
2.18203
0.891496
0.286221
2.2241
0.798885
0.746759
1.32728
3.63195
0.858303
3.18864
2.72731
1.03985
0.734497
0.95385
0.181003
0.663404
0.533876
0.116187
1.54509
0.0700301
0.783269
1.30713
0.677362
2.18291
1.37095
0.278637
0.0811471
0.470897
0.608569
1.04248
0.348769
3.26339
0.963791
0.90567
0.498012
0.488831
0.931414
0.219009
0.150278
0.0354058
0.46191
0.126279
0.214241
0.304641
0.31162
0.31434
0.234077
1.38336
0.825504
0.55411
0.853063
0.166671
1.60022
0.259308
0.466256
2.58622
1.37042
0.14066
0.931814
0.354401
2.29198
1.19947
1.63644
0.423029
0.978838
1.70911
0.293855
1.1385
1.65876
1.7997
3.08398
0.0650174
0.752103
0.538047
0.257903
1.60467
0.0295253
1.04959
0.250336
0.696838
1.69321
1.39267
0.368518
0.798358
0.282875
3.41108
0.0613471
0.299092
1.47473
0.667791
1.31727
0.710079
0.817178
2.67221
0.427
0.0837725
2.39217
0.649973
3.84655
0.282619
1.42837
1.97326
2.19979
4.40928
0.202942
2.47961
4.94793
0.676565
0.730249
0.661128
1.07649
3.09496
0.791923
0.428973
0.333783
0.129399
0.828732
0.347794
0.0271771
2.7374
0.731614
1.78392
0.933228
0.0641776
1.20076
2.71051
0.902756
0.417827
0.0125405
0.104904
0.00605521
0.241957
0.454605
0.0632946
0.728639
0.395194
0.693784
1.10288
2.06548
0.661503
1.52425
0.218276
0.226976
0.540285
1.58518
0.342591
0.462572
2.32764
0.318789
0.655333
0.155116
0.188916
0.232143
0.0938512
0.0765193
1.17627
0.31074
0.223745
0.34695
0.899441
1.03209
0.0787008
0.0119221
2.05581
1.1769
0.249842
2.08904
0.0401633
0.399422
0.75206
0.514774
1.47143
3.9666
0.328458
1.6327
0.373172
0.294766
4.54543
0.407287
0.541653
1.45641
0.312963
3.67776
0.629781
0.231952
0.298048
0.515591
0.577006
0.620162
0.338695
1.00084
1.32767
0.312233
2.45569
1.98315
0.793406
0.518382
0.401903
1.26087
1.03545
0.0719531
0.564656
0.300488
0.318367
0.00307441
4.43631
0.991779
0.214149
1.2876
2.60316
1.15358
2.18046
0.52915
0.659647
0.26012
0.630901
0.486737
0.025439
1.59418
2.55043
1.03825
1.55023
0.0111531
1.39507
1.08363
0.205823
0.907141
2.16887
1.55964
0.450713
0.514124
0.894709
1.35165
0.106837
0.771526
0.0495125
2.48177
0.423884
2.27351
1.523
0.00678891
0.829025
0.0383714
0.366124
1.33186
1.26975
0.442803
0.906541
0.173413
0.405069
1.1129
0.273354
0.88372
0.141016
0.22736
2.08552
0.549827
0.182735
0.561496
0.684216
0.454005
0.956614
0.60622
2.17257
0.316313
0.240348
0.335714
1.00151
0.296378
0.656384
0.979113
0.00218967
0.337055
0.625507
0.0123537
0.5493
1.2609
0.104751
0.356568
0.566886
0.301749
2.1446
1.23153
0.68922
0.0407078
0.224803
2.56719
0.285598
0.594172
0.19274
1.53042
4.38772
0.0768442
1.00163
1.38915
4.16176
4.38335
7.37358
0.387184
0.720337
0.161783
0.331307
0.302024
0.0255411
3.03049
0.9227
1.02816
0.868476
0.143538
0.104969
0.472895
1.95792
0.238226
0.8877
1.14714
4.09398
1.09018
1.47535
1.54744
0.105214
0.453232
0.926318
0.409719
0.49606
0.0717678
1.16104
0.452886
2.71558
0.39494
0.349979
0.391125
1.33867
0.316064
0.453444
0.256753
0.392873
2.20898
1.98645
0.379392
0.614136
0.0250006
0.589706
0.407565
3.10447
0.721963
3.64461
0.0654042
3.11245
0.318363
1.44827
1.12494
0.560539
2.62648
1.04719
0.102558
3.09576
0.0821583
1.82616
0.0603343
1.50481
1.38116
0.0403757
0.214569
1.05838
1.02834
0.461221
0.427964
1.34187
0.270083
1.37672
0.269227
1.16491
0.246686
0.0836981
0.768524
1.07596
0.783305
0.728106
0.489924
0.0858215
0.551823
0.406611
0.675113
0.216833
0.473988
1.31961
0.708944
0.401091
0.446469
0.831991
0.557298
0.245062
2.03647
0.238973
1.15911
1.50901
0.30242
0.855129
0.213548
0.769649
0.884207
0.31438
0.523763
0.428796
3.16286
0.225905
0.356729
0.197985
0.172922
2.78623
0.520851
0.698778
0.421254
1.4148
0.383371
0.0142295
1.40968
0.972913
0.820599
0.14991
0.272899
3.05111
1.14799
0.75192
1.58955
0.252354
0.394698
1.68215
0.838086
1.7711
0.352948
0.692591
1.1104
0.0455194
0.156286
0.439009
0.927919
0.465663
0.491811
0.187022
0.0255055
0.568036
0.00638161
0.74507
0.204841
0.172429
3.91888
0.457866
0.20478
0.277767
2.87529
2.53719
0.267534
0.637728
0.0983418
1.34946
1.1337
1.34552
0.877735
1.48817
1.38255
1.66045
0.363652
0.0024983
0.663564
0.857769
0.108004
1.27851
0.572409
1.17934
1.03491
1.08081
1.02319
1.91946
2.35675
3.1383
0.983251
0.0495136
4.68405
0.375546
0.114955
0.208078
0.242835
0.626934
1.48131
0.369755
0.0733354
0.072332
0.634573
3.42799
0.410378
0.306326
2.10677
0.893279
4.42851
0.114156
2.21262
1.34236
1.79095
1.23302
0.735476
0.0559013
1.50263
1.35576
0.0823895
1.76515
0.124283
0.0676718
1.6053
1.14667
2.4189
1.2347
0.672868
2.5772
4.68905
0.753695
0.653403
0.329678
2.30982
0.945819
2.30834
0.46354
0.89806
2.12229
2.19212
0.783302
0.198228
1.09877
1.09858
0.608624
2.00601
1.94083
1.16087
0.611591
0.348432
0.0175213
0.585762
1.83194
0.215262
0.195481
0.825805
0.276232
0.104421
2.84622
3.6736
1.16887
0.172391
2.66218
0.0709213
0.369089
0.138514
0.344438
1.07469
1.83284
0.689881
1.38875
0.482914
0.796006
0.912345
0.55562
0.0286892
0.845115
0.364987
2.28037
0.845661
0.509117
0.875555
1.61912
0.0279028
0.26245
0.275769
2.35056
0.104729
1.786
1.97702
0.179468
0.0138224
0.0936183
0.128515
0.0305145
1.6392
0.635071
0.896815
0.0743943
1.53562
0.362408
0.947621
0.225629
0.334825
0.767675
0.848817
0.158342
0.926846
2.45338
3.34667
0.809455
1.40835
0.404236
0.155949
0.0915387
0.213221
0.187274
1.22067
0.00549727
1.98877
0.369423
0.00083998
0.040662
2.91095
0.490832
0.0572683
0.909448
0.840208
0.962846
0.0987133
0.542197
0.324227
1.55573
0.607608
0.82976
0.379285
0.406863
1.08404
1.28595
2.08407
0.842211
0.00644085
0.247625
4.97033
0.221104
3.39755
0.302302
2.9663
0.819505
2.71328
2.11813
1.88578
2.43149
1.4418
5.60005
0.0416712
0.677469
0.227313
0.0541371
0.659409
0.846452
1.33633
0.0249917
2.36955
2.54326
0.405657
0.109403
0.383437
1.9128
0.201555
0.389401
0.0787474
0.398772
0.128456
0.722018
0.720967
0.0235485
0.0576576
0.871889
0.295957
2.10078
0.71773
1.18827
0.228933
1.31809
0.204576
4.26725
0.708177
1.00529
0.191751
0.103908
0.166465
2.05773
2.27956
1.56619
0.280085
2.0934
0.570084
0.0998489
0.526167
0.85185
0.976126
0.725412
0.80022
0.429277
0.24735
1.34539
0.545616
0.893623
0.118354
0.541469
0.0293617
4.1717
0.462676
0.159581
0.203449
4.677
1.79558
1.40381
0.61066
1.37429
0.333963
1.31159
0.642535
0.129206
1.89654
0.0687066
2.28854
1.48465
0.22075
0.0192612
3.44798
0.465761
3.34322
0.564923
0.870427
6.52259
1.06634
0.223539
0.186603
0.201074
0.428771
0.272674
1.92016
1.9557
1.09433
1.91183
0.552365
0.151856
3.08943
0.957882
1.78088
0.769924
2.3706
0.997933
0.0282773
2.07204
0.041005
0.154618
3.31191
0.717732
3.18881
2.28388
0.629652
1.05853
2.26629
2.38811
1.09229
2.33474
3.45747
0.540071
0.150854
0.489117
0.638057
0.45346
0.541367
0.334506
0.571321
0.462966
0.840484
1.56901
0.00694509
1.34826
0.344699
0.287664
1.94682
2.96965
0.073968
0.121998
0.00821611
0.0139404
1.13547
0.0623856
1.98878
1.4375
0.140637
1.6376
2.67637
1.07215
0.299209
0.205027
0.158477
0.249496
0.328698
4.15193
1.5848
0.649659
1.05836
0.664284
0.0297038
2.02218
0.248241
0.597353
0.934734
2.81916
0.0674863
0.144274
1.57907
0.607366
0.110741
0.35216
3.15255
0.481514
0.355911
0.201866
0.0616878
0.287808
0.57415
4.13974
0.543937
0.573802
4.27025
2.29539
0.544631
1.29899
1.91342
2.25577
0.718306
2.18539
0.869813
1.20862
0.369018
0.51572
0.266288
0.0854245
2.00194
3.71313
1.41898
0.911833
1.03185
0.0959001
0.0301142
3.08674
3.60781
2.72582
0.196349
0.955776
0.178316
0.413697
0.592086
0.229314
0.617374
0.254059
0.356164
1.08167
0.850541
0.220798
0.294242
0.227783
0.121914
0.809636
2.11397
1.24219
0.973117
1.92745
0.42296
0.691209
0.126131
0.443268
0.13185
0.0646736
0.0552254
2.21995
2.20858
2.16149
2.20488
2.02362
0.0588344
1.16321
4.71752
0.237671
3.92372
1.44809
1.24893
0.527464
0.938293
0.642732
1.51516
1.52656
2.69141
0.286768
3.12959
2.07907
0.165136
0.358267
0.810253
0.644916
0.139327
0.819636
0.073412
1.1023
1.5861
0.712927
1.99573
0.344086
0.225873
2.31525
1.64542
1.12602
0.84567
0.488228
0.853262
0.29349
0.963542
3.93203
0.109943
4.26949
2.01073
1.39046
3.45081
0.153743
0.465242
1.55898
3.47637
0.243729
2.46807
1.13324
0.602099
0.086375
0.367645
0.213764
0.387968
0.472538
3.88491
1.29703
0.928067
1.71593
2.02222
0.168071
0.291222
0.213428
3.234
2.03092
0.580705
0.207187
0.792901
0.281821
0.572376
1.39151
0.958587
0.752186
1.19648
3.19826
0.207428
0.265555
0.747624
0.24782
0.341412
1.76403
1.24537
2.12719
0.466116
0.278455
0.355457
0.195966
0.114796
0.279478
0.0158572
0.193219
1.1228
0.0278856
5.30798
2.24175
0.000275073
0.541436
0.191141
0.396485
0.268906
0.532061
2.22409
0.734264
0.704589
2.12343
0.846504
0.393167
0.335183
2.85754
0.605996
1.91261
0.521226
1.73465
1.9466
2.4664
0.837786
0.146098
0.892121
1.75448
0.607867
3.49802
0.89516
1.13714
0.484129
0.907481
0.701976
0.613241
0.140767
1.86524
0.279196
4.28587
2.96569
0.674805
0.581544
0.416105
0.287717
0.739726
0.177892
0.0168809
0.126584
0.936148
0.212548
0.252515
0.746263
0.0687774
0.472165
0.175086
0.209413
0.447161
1.10318
0.666395
1.23812
0.734551
0.159347
0.1243
0.511365
1.09824
0.0635553
0.875678
1.66213
0.409287
0.11502
6.42454
0.102109
1.09819
0.150607
1.26902
0.0704586
0.96173
0.642719
1.05237
0.0326542
1.17269
0.102113
0.165348
1.98779
0.671847
0.416396
0.277655
0.26368
1.49709
0.0201778
0.870389
0.72247
0.279082
0.52856
3.2563
0.0329104
0.469666
0.725393
0.0620532
0.0689763
1.3611
0.906976
0.48359
0.554093
1.03272
0.406143
1.92994
0.84858
1.47094
2.39493
1.28581
1.14266
2.76839
2.39304
0.695857
0.134577
1.17688
1.57407
1.55693
0.456438
1.33723
1.11232
0.17515
3.24393
2.81261
1.00626
3.82875
0.407727
0.453455
1.17435
0.113395
0.317122
0.395775
0.804326
0.152176
0.031933
0.364054
1.41264
2.12791
0.12872
0.249621
1.4938
0.759132
0.794654
3.3482
0.425798
0.299925
1.45125
0.027823
2.41405
0.543651
0.293792
0.0404967
0.116362
1.46391
0.0518107
0.325599
0.268619
0.239615
0.77539
0.755386
0.579096
3.24402
0.126102
2.69085
1.45915
0.197308
0.254767
1.17483
0.75009
0.119047
1.00458
0.266597
0.372623
3.85385
0.777714
2.45974
2.03102
0.489895
2.75895
1.00476
2.85386
0.446636
0.222323
1.15689
0.937267
1.7228
0.118143
2.34709
0.607032
0.451422
0.0734435
0.402947
0.425084
1.28916
1.6714
0.974978
0.189588
0.466573
0.249859
0.361182
0.0506719
0.36119
2.00661
1.14354
0.259685
0.301393
1.11644
0.194959
0.846849
0.548952
0.182935
0.525673
2.49669
1.20345
0.14195
0.636608
2.88118
0.67967
0.198639
0.289006
0.0435781
0.758678
0.160182
1.13962
0.0821833
0.641575
0.637893
1.39469
0.375151
1.42618
1.10971
1.28786
1.6141
2.42854
0.152426
1.71744
1.55464
0.571967
1.81261
0.208725
0.274627
1.80982
1.35587
2.68374
0.138915
0.317168
2.74836
0.497316
0.729808
0.116319
0.41855
0.0362981
3.34692
0.451453
3.60026
0.49909
0.491634
0.97024
1.35881
0.658956
0.0952588
2.00034
0.02394
0.822285
0.0322831
0.466256
0.807443
0.313716
0.499769
2.12714
1.07659
0.349076
0.7991
0.167299
1.59161
0.40035
0.498511
0.189492
0.107629
2.05098
2.06418
0.0511351
0.0339331
0.614319
0.145963
0.831273
0.6984
0.248528
1.41471
0.774091
0.973686
1.3879
1.54331
0.173269
1.32472
1.21942
0.435982
0.472261
0.970509
0.192272
1.21886
0.97863
0.582142
1.16768
0.531854
1.77222
0.125046
0.0955476
0.073665
2.43274
1.29528
1.6452
0.938737
0.167156
0.36341
0.101555
0.189338
1.63815
1.66854
0.579324
1.18783
0.576276
0.673438
1.12269
0.426222
1.05738
0.348667
2.48291
0.260267
0.172392
0.517155
0.864529
0.335747
0.832263
0.207276
0.539475
0.634376
2.13425
1.08524
1.71659
2.15507
0.219252
1.82152
0.576574
1.19244
1.02595
0.0454697
0.66581
0.189222
0.00604881
0.035003
0.0253827
1.15904
0.704841
0.441495
0.531598
3.08715
0.962115
0.116428
1.30002
0.450974
1.57995
0.0898514
3.73978
1.44741
0.855535
1.26493
0.605195
1.35224
0.329657
1.51944
2.85535
0.658025
0.423745
0.0709953
0.0348015
0.212251
0.767455
0.179056
0.528218
0.724302
0.00172522
2.29818
0.479382
1.51649
0.359046
0.38574
0.614311
1.98061
0.593664
0.233691
1.08681
4.2789
0.698905
0.0147214
0.0750462
0.748364
0.659501
2.03814
1.9093
0.537547
0.109059
0.170265
0.431329
1.59469
0.412088
1.0506
0.515159
0.420873
0.906424
1.35934
2.0766
1.16608
0.907383
1.86867
1.05124
1.81409
0.527911
0.261696
0.500397
0.70933
1.036
1.53665
1.53609
0.04354
3.2137
0.224809
1.31638
2.53769
2.83788
1.52097
3.1132
1.57066
0.57267
0.596727
6.13908
0.181816
0.686305
1.41706
0.245336
0.115099
1.41922
0.148004
1.51696
0.144408
5.2789
1.29245
0.900383
0.534185
0.434266
0.844709
0.0728967
2.30668
2.93192
0.87478
0.814995
0.31874
0.952758
0.334427
0.134676
6.20379
0.195066
0.306909
1.17632
0.460673
0.042567
1.074
0.57686
0.261334
1.61837
0.198084
0.184966
0.0565983
0.0862257
0.0467845
0.348945
0.132332
0.965989
0.0995498
0.0339844
0.36709
1.4027
0.785592
0.292188
0.323116
0.86297
0.118917
0.0296729
0.218742
0.0179323
3.02323
0.07561
1.46396
0.976754
0.300492
2.59456
0.0878704
1.52361
0.210101
0.369102
0.921064
1.81769
0.402105
2.6742
1.10854
0.236898
0.771929
2.4234
1.05061
0.369217
0.0925098
2.07994
1.3425
1.48545
0.473052
1.20335
0.0340327
1.02925
1.2043
0.413483
4.83015
0.1721
1.74034
0.8542
4.24757
0.572178
0.481708
2.20048
1.20026
1.60092
1.01255
1.41913
0.375927
0.466244
0.909784
3.05387
0.067489
0.398887
0.0467822
0.240524
0.428566
2.30558
2.12633
1.18323
0.21226
1.53837
1.74875
1.15712
2.78121
1.03065
0.482317
0.772099
0.324271
1.62285
1.6329
0.79486
0.596122
2.20771
0.798882
1.14414
0.407899
0.596468
0.319275
1.73121
0.0313314
0.850357
0.0175337
0.0693662
0.0836158
1.01799
0.374854
0.395801
0.57594
0.216759
1.32208
2.2374
2.23139
0.388926
2.33483
3.81373
0.921243
0.145775
0.988921
1.34145
1.53606
1.88841
2.09886
1.40777
1.8022
1.0919
1.20002
1.7995
0.170725
0.00797808
0.29374
1.37137
0.0483439
1.87438
0.357926
2.53268
1.52982
0.412191
0.364234
0.070297
1.16043
0.362648
0.989347
0.571444
2.97475
0.323559
1.64658
0.291123
0.270133
0.72676
2.28195
0.858275
2.83225
1.14462
0.478691
2.54035
0.049923
0.00255645
0.874059
3.09309
0.228662
0.12272
0.756665
0.278201
0.0469915
0.391656
0.20154
0.254844
0.466837
0.112922
0.0899123
1.56773
0.514538
0.480048
0.665491
0.148829
0.133793
0.441162
0.0707593
3.13879
1.13696
2.86004
0.0452688
5.60231
0.412727
0.77963
1.31259
0.0565519
0.104668
1.4304
1.08616
0.563038
0.465352
4.95217
0.638802
1.23727
1.01918
3.43678
0.118338
1.75494
0.644918
0.109788
1.03846
2.66065
0.584973
1.32336
3.57578
0.792363
0.321642
1.63177
2.32318
0.958986
1.17595
0.484749
0.780767
0.447197
0.113684
2.26536
0.953212
3.27415
0.693547
0.412056
0.0806825
0.24064
0.773707
0.529252
0.227305
0.481423
1.13602
0.381352
0.325262
0.916605
1.84395
0.632079
1.20307
0.261065
0.293066
0.385626
2.17689
0.467564
0.541972
0.457349
1.49544
0.89649
0.763004
1.65628
0.815291
2.05865
0.212345
1.73919
1.00817
3.05267
0.211479
0.666707
1.22122
1.10556
1.85823
0.540145
1.05108
0.568353
0.418739
1.99883
3.58265
0.168468
0.58858
0.401911
0.579781
1.14326
2.62484
0.987811
0.15332
0.703081
0.631427
0.754164
0.205041
0.31909
1.66536
0.699005
1.92166
0.391084
0.718362
0.517277
0.554058
1.36809
4.04657
0.0107242
0.364315
0.679493
0.121768
1.72736
0.353195
0.0235446
4.46996
0.0684576
0.337173
0.465523
3.56071
0.403182
0.2931
0.158143
0.334944
2.74107
0.394242
0.883391
0.928556
0.00381884
1.02766
1.29594
0.897415
0.730921
0.754796
0.176556
0.0431407
0.116448
0.246411
0.835122
0.754613
0.417198
1.39254
1.22871
0.575767
0.582235
1.06443
0.338648
1.57304
4.12345
0.155163
1.39977
1.25906
1.04357
0.512187
1.138
4.01632
3.17167
1.88623
0.187998
0.356638
0.644623
2.05633
1.52453
1.63832
0.302332
0.913838
2.09363
1.45769
0.248476
2.12176
0.58537
1.72237
6.2213
0.426839
1.26316
2.15196
0.101725
0.577467
0.322071
0.16054
0.821674
1.11231
0.901326
2.04423
0.746626
1.04612
0.788527
1.02616
2.06043
1.13567
0.581822
4.3835
0.935424
0.254859
0.846302
2.33366
0.22755
0.509859
1.2319
0.808206
0.257405
0.516129
1.19
0.219944
2.71847
0.260554
0.587838
0.473644
0.470913
0.614901
1.79241
1.88427
0.75025
2.33261
3.72372
0.241147
0.394373
2.07662
2.66992
0.00392838
1.30695
1.0936
0.689523
0.485006
0.365736
0.349537
0.696788
1.61818
1.33924
1.85484
1.1207
2.45608
0.300748
1.97076
0.96868
2.20334
1.43068
1.93253
0.751162
1.26
0.158736
0.253622
0.564071
0.0349312
2.96514
1.72864
0.867608
0.225201
0.0712882
0.978064
0.433517
0.110086
0.280315
0.580247
0.25766
0.613304
0.272005
1.39406
1.1662
0.102826
0.169948
0.697254
2.49172
1.08841
0.717907
1.72621
0.462207
0.0875361
1.95613
0.864445
0.908785
1.34808
1.80345
0.284803
2.72576
2.5932
0.492081
1.34572
0.385753
0.594238
0.684729
0.997371
1.41818
0.640408
3.71368
2.47392
1.29772
0.0474443
0.941049
0.483894
1.71275
0.804736
1.45345
0.742861
0.471228
0.661321
1.13808
0.260378
0.0309501
0.708311
0.45862
0.371069
0.944662
1.03786
0.605432
0.0796184
0.392323
0.375815
1.29153
0.00400607
1.58705
0.953062
1.00176
0.359056
0.39942
0.444299
2.12586
0.444818
0.37514
0.125742
0.227986
0.429341
0.644213
1.93227
0.149831
0.500979
1.4702
0.48333
0.514936
1.32349
2.21272
0.775412
0.0668289
0.303825
0.322018
0.601176
0.502094
0.0204944
0.446773
1.81848
0.87871
0.0552886
0.834123
1.17328
1.99433
0.167916
3.54456
3.71899
0.299668
0.060216
0.0941999
1.17669
1.11748
1.02906
2.17093
1.05978
0.674913
0.738617
2.43991
0.0523296
1.27044
0.683373
2.39971
1.85494
0.12583
1.52685
0.735969
0.948137
3.65952
0.91221
0.208451
0.0307334
0.538039
1.61499
0.280285
1.12861
0.718259
0.256462
0.69696
1.48588
0.0783355
0.851353
0.100213
0.502059
0.0953119
1.46664
0.154012
1.99566
0.21694
1.12179
0.41206
0.121208
0.746526
0.578782
0.472404
0.745731
1.31534
0.319876
0.0618186
1.50876
1.35299
1.1864
2.25912
0.14403
0.217468
0.435209
0.533847
1.08456
2.65158
0.570463
0.772205
1.31574
1.10091
0.84343
0.0121631
1.12593
1.43968
0.99542
1.86915
0.290507
0.562307
0.26746
0.287049
0.345115
0.0447495
3.91389
1.4719
1.6832
1.0934
0.21567
0.0078419
1.23212
0.77736
0.552212
0.0107516
1.19326
1.44265
0.0701792
0.444585
0.364172
0.0952088
2.36027
0.0759203
1.12567
1.80248
0.280017
0.602072
1.08722
0.346171
0.97027
0.226581
0.336457
3.17127
0.365933
1.57941
0.593576
0.349011
0.220789
1.65969
0.307023
1.02618
0.162873
0.861751
0.391383
0.401693
1.24131
2.94127
2.74541
1.59696
2.97917
0.978647
1.23707
1.20797
0.298472
1.39856
0.962855
0.375809
0.400597
1.66885
1.11528
2.37204
2.77226
0.84713
0.306129
0.0372823
1.04213
1.04314
0.777605
0.878713
0.662907
1.2063
0.663393
1.01475
0.0761423
1.85703
2.5294
1.46144
0.856642
0.501271
2.10746
0.531923
0.468207
0.489988
1.20174
1.64278
1.91341
1.8706
0.132302
0.986638
1.17917
1.17997
0.451138
0.0394833
0.101523
0.591947
1.26207
0.623814
0.582088
2.64978
0.642889
5.37933
1.03089
0.86788
0.493178
0.0539261
0.653078
0.861071
0.733286
0.77568
0.144611
1.05521
0.321093
0.510593
0.170758
1.06718
0.67662
2.45521
6.52478
2.38376
1.19029
0.401524
0.709557
2.31176
0.783431
0.185421
1.09373
2.25094
0.0863611
1.41558
2.36982
0.562353
1.86702
2.14049
0.605547
0.167112
3.50619
1.44946
1.71132
0.161584
0.470215
0.615244
0.374466
2.42826
0.332833
0.0997899
3.04624
0.333248
1.47233
0.968611
0.13339
0.154334
0.20694
0.987152
0.031883
0.00819124
0.970141
2.58643
0.223945
0.562
1.05871
0.618678
1.34283
0.180444
0.890755
0.481937
1.1996
0.75461
0.905913
0.0734595
2.41719
0.706679
0.97541
0.387334
0.301107
0.660369
2.67788
2.11743
4.59597
1.63403
0.170282
1.37244
2.39509
0.617572
0.266822
0.468646
2.91658
0.670631
1.22938
0.56861
0.516761
0.415212
1.59011
0.901338
0.49709
0.280576
0.747184
2.62724
1.03512
0.283326
1.79212
0.694014
0.615366
0.245979
0.0868905
0.708211
0.671477
3.34483
0.428525
0.380884
0.159014
0.0992231
0.0785369
4.02273
0.458552
0.256415
1.26127
0.631473
0.360308
0.551832
0.455825
2.83215
0.65216
0.603789
0.599429
0.249446
0.212058
0.0687161
1.61779
1.46376
5.14478
0.690118
1.56753
0.744464
1.09222
0.887289
0.234177
0.444856
1.25156
0.446051
1.48158
2.49597
0.443383
1.84536
0.0267573
0.0370387
2.42181
1.22845
0.27022
0.957702
0.0441584
1.51381
0.0104021
1.14038
1.24209
0.438794
2.26318
0.179715
0.339071
1.75646
0.262148
0.700543
0.341433
0.805817
4.50007
0.151806
2.40535
1.86416
0.201842
0.356806
0.521207
0.150916
0.401077
0.781787
0.444289
1.90004
0.283531
0.352798
0.436467
0.244265
0.980055
0.667252
0.116913
0.288996
3.02121
0.00276072
0.283837
0.0470278
1.56635
1.8757
0.586061
0.440435
0.769146
0.961403
1.52317
0.459432
1.37147
0.412956
0.780847
0.502658
0.179785
1.27983
0.0611548
0.289855
0.892276
0.568229
1.45106
0.16629
1.50378
6.51321
2.19539
2.98491
0.628903
0.282072
0.153948
1.13388
0.0965377
1.45166
0.0970396
0.0474277
0.678782
0.304547
1.06798
0.309886
0.673734
0.0277555
1.44023
0.510871
0.105951
0.603974
1.32493
0.163657
1.15193
0.9803
0.17999
0.0705017
2.20904
2.1284
0.680678
3.04536
2.59553
2.24585
0.0239585
0.723887
1.07047
0.641369
1.41373
0.0360141
0.317106
3.8212
0.382711
2.95249
1.02752
0.0916811
0.962103
0.560452
2.91909
1.00914
0.434823
0.938911
0.278905
0.513964
0.571213
2.62559
0.203644
0.0173177
2.28787
0.340052
0.57542
0.737842
0.708533
0.473253
0.131626
0.582146
0.645851
0.181752
3.58965
0.627278
0.535139
4.27375
0.2976
1.21316
0.647297
0.524269
0.0283052
2.50839
0.00993107
1.45274
1.50521
2.22296
1.38972
1.08105
0.659743
1.59331
0.519207
2.40488
1.24866
0.0755699
0.732553
1.51197
0.202181
0.3166
2.4126
0.0632823
0.212462
0.674076
0.0290134
1.27687
1.10978
2.50882
2.08888
0.0112383
0.484981
0.246557
0.263319
0.895782
1.27904
1.03875
1.00675
0.453179
1.24968
0.449996
3.01392
0.388662
1.30649
2.95333
0.410176
0.209948
1.43768
0.0468198
0.648037
0.455939
0.631442
2.1848
0.458044
0.784924
5.11872
0.660396
0.430525
0.202031
0.11869
4.85799
0.275358
0.112605
1.86381
0.577412
0.218022
0.058525
0.667155
3.22872
0.481851
2.40423
0.0669293
0.367095
2.42655
0.0528735
0.697353
1.3654
0.0643104
0.468012
0.296704
2.86889
0.263934
0.828379
0.590033
0.184036
2.01498
0.66662
0.686178
0.174057
1.46956
0.0548123
0.521236
1.43619
0.844054
0.052127
0.984317
0.885741
4.04411
0.0900143
0.617951
4.61091
0.0350651
0.580982
0.447438
0.307407
0.21314
1.54462
0.623566
0.548663
1.88714
0.305686
1.16749
3.12806
1.54413
0.295534
0.320087
1.51849
1.68375
1.25291
0.248559
1.47148
0.0220726
0.418076
0.0828774
0.0517952
0.106328
0.279824
0.100647
0.145568
0.625153
0.622871
0.118586
0.0762713
2.32384
0.551462
2.08197
1.03281
0.0466581
2.5958
0.644301
0.234499
1.48551
0.917712
0.520513
1.04318
2.59663
0.390773
0.0880403
1.29699
0.629509
0.0776693
0.0999646
1.60516
2.83086
0.314211
1.45869
1.02332
0.0426102
0.123628
0.267886
4.64951
0.286727
1.19463
0.62862
1.08719
0.358643
0.16094
0.0567448
0.395167
3.78374
0.700685
0.188636
1.95449
0.215419
2.19106
0.0425663
2.29327
0.185418
0.235286
1.2814
0.569357
1.20452
0.125748
1.24835
0.213354
0.136388
1.11154
2.66638
2.07927
3.12403
0.112243
0.740099
2.97187
0.443053
1.1573
0.954289
0.448781
1.99557
0.58377
1.86906
0.319022
1.42519
0.838752
0.0732732
0.064536
0.348039
0.326907
0.105062
0.952423
0.574338
0.574969
0.304251
0.671698
0.117098
0.912002
3.7409
0.100037
0.838738
0.0906644
0.899369
1.00911
1.31391
0.23646
0.628388
0.515755
0.130542
1.78159
0.662323
0.0986382
1.15344
1.22212
2.47273
0.152539
2.41514
1.35328
0.213057
1.38362
1.28969
0.763927
1.14737
0.199824
0.54599
0.071286
0.349398
5.45352
0.610947
1.57371
0.159232
0.104083
0.246255
0.811018
0.112655
1.22591
0.143623
0.109853
1.51656
0.366974
0.340578
0.914989
2.21434
0.523608
0.359606
0.312717
1.51225
2.39622
1.00314
4.68363
0.236213
0.303872
0.393459
0.056172
0.463184
1.17713
1.11247
0.118817
4.47309
0.843772
0.573965
1.03333
0.349628
4.72812
0.798044
0.105366
2.71994
0.736616
2.99636
1.76368
0.242304
0.512754
0.404672
0.73143
1.97368
2.40229
0.734515
0.0700626
1.71247
0.703105
0.241184
0.868118
0.136565
0.547416
2.70003
3.88928
0.28796
2.52219
0.500283
2.0486
2.58497
3.41021
1.58433
1.27921
0.15251
0.0185912
0.0537968
2.37315
0.618598
0.343009
1.24865
0.0555479
0.0333165
1.17575
4.40127
1.00221
0.260858
1.79398
0.062925
1.02438
0.22909
0.598658
2.16663
0.259537
0.631159
0.638213
0.323775
0.442286
0.0918113
0.0563871
3.09565
0.278081
1.22061
0.416861
1.48858
0.00259542
0.363001
1.06036
1.20944
0.228082
1.76113
0.720741
0.0158661
2.39042
0.141994
0.211298
3.94735
0.499498
0.709984
1.35821
0.0567279
0.590137
1.236
0.703739
0.156444
0.610048
6.34662
2.38172
3.20084
0.48888
1.06387
0.219436
0.106746
3.17405
0.40669
0.14735
2.27987
0.642418
2.82546
2.06341
0.487359
1.784
1.54032
2.0748
0.525931
0.476112
1.73239
2.45186
4.00923
6.12171
0.0305046
0.449438
0.460747
0.684031
0.562072
0.390618
0.775564
0.141869
3.52065
0.20574
0.74108
1.2965
0.223954
0.933655
2.19439
1.46811
0.468899
0.960504
0.0917224
0.810901
1.54524
2.80631
0.347431
0.716416
0.857028
0.72804
2.17988
0.331995
0.282306
0.145027
1.44311
0.19469
0.454358
0.78793
1.45871
0.381394
0.509968
0.123109
2.3989
0.235252
2.19312
0.384602
0.926606
2.10576
0.0749898
1.25315
0.387059
0.874779
2.0687
0.0186937
0.129847
0.418398
0.910615
1.18994
0.305379
1.63394
1.79142
1.22808
3.15347
1.65251
0.586262
2.28022
0.848621
0.54848
0.0120875
0.470409
2.41481
0.260415
0.107135
0.388264
0.0943914
1.09227
1.59858
0.434125
0.183538
1.01321
0.662641
2.16751
1.21146
0.766455
0.0709344
0.420324
0.551931
1.09541
4.23286
0.450499
0.0969541
1.48862
0.72277
2.06904
0.353742
0.991219
0.0825938
1.54585
1.22431
1.08517
0.44726
0.504049
0.210529
2.81282
2.13922
0.338104
0.0842407
0.979801
0.104297
1.27525
1.80858
0.950115
0.575667
2.93007
1.19662
0.0176174
1.956
1.52897
0.213916
3.92896
1.063
1.88313
1.65613
0.407817
1.86894
0.0363521
7.52218
0.871317
1.62791
3.13206
0.374066
0.482628
2.65443
3.78108
0.506082
0.62565
0.301262
2.99531
1.10369
1.18706
2.15628
0.681732
0.353177
1.7479
1.53047
0.628107
0.113366
1.02868
0.0576963
1.49985
1.97816
0.0667067
0.037542
0.822429
2.33471
0.360346
0.351884
0.942246
0.500091
2.55358
0.315142
0.53696
0.487647
0.215024
2.09643
1.67807
0.263284
0.457514
0.14543
0.770562
0.724595
0.651571
1.59649
0.695327
1.62288
0.451864
0.580394
1.59052
0.427629
0.173552
0.523658
1.19575
2.32384
0.787832
0.392235
1.32863
0.731901
0.148354
0.862948
0.926191
0.629794
0.158749
1.60729
0.849934
4.37257
1.8187
1.53347
0.805782
1.024
0.377284
2.27176
0.306958
1.23344
0.348621
0.54112
0.408616
1.37461
0.12622
1.40829
2.021
1.05045
0.372808
0.494903
0.194254
3.11475
0.27707
2.31627
0.303284
0.940112
0.485941
1.08411
0.207083
1.99307
0.486185
1.17393
0.0375138
1.09418
1.05072
1.24813
0.832235
0.00035824
3.20849
0.55864
0.0472871
1.45901
0.0897242
0.183528
0.285546
0.414699
0.890394
0.0174749
1.37706
3.27789
1.02202
1.51743
0.0596182
0.365343
0.403469
0.190178
0.0251877
0.051276
1.63657
1.73909
1.05122
0.630667
0.451666
0.202636
1.13264
0.0977962
0.613344
0.769799
1.77789
0.134914
0.151705
0.010717
0.24196
0.121489
0.756094
1.35309
2.54185
0.440026
1.40569
0.122477
3.06756
0.837331
0.26946
5.90668
4.26722
1.15925
0.406781
1.58758
1.39107
1.25399
0.233559
1.25244
1.36888
0.864151
2.7966
0.06784
2.86077
2.49123
2.65037
0.788496
3.84001
0.134184
0.510946
0.136707
0.281238
0.00571277
0.416942
0.0632791
0.129823
3.9248
0.0167347
0.427527
0.738165
0.527405
0.566322
0.244219
0.984883
0.546683
2.46294
0.358036
0.450342
0.717597
3.67977
0.584448
0.522173
1.10171
0.227021
2.69291
0.565133
1.67715
0.450129
0.388295
0.581114
0.0860639
1.74082
0.179606
0.668437
2.57251
1.43722
1.3981
0.27819
1.30757
0.241788
0.477838
1.83285
0.146327
0.588043
0.305364
0.733491
2.36612
0.718666
0.132056
1.82716
0.483129
0.325887
1.19527
1.94332
1.28359
0.169446
0.0957425
1.31086
1.40867
2.61843
2.24204
1.3948
0.866406
0.231841
0.00711485
2.40349
0.560711
0.308915
0.159498
1.29027
0.628608
1.24276
0.426836
0.262269
1.84144
3.1475
0.316529
0.836822
0.548877
1.53555
0.0241721
0.889051
0.299977
7.30649
2.12585
0.0998879
0.196765
3.00864
0.124976
0.695434
0.688736
0.424135
0.172869
3.72869
0.057426
0.746168
0.780356
1.86552
0.6457
0.571782
1.63521
0.44576
0.689448
0.788495
0.118618
0.354061
0.757899
1.05851
0.130891
0.161461
0.338454
2.05959
2.39937
0.394764
3.97085
0.412352
0.31433
1.46432
0.564247
1.23405
0.0575968
1.77946
0.304495
0.0222253
0.871416
0.307753
0.000302505
1.37695
0.051283
1.38942
0.203041
0.0546756
0.828131
0.651474
1.41852
1.07251
1.08405
0.0306677
0.346569
1.17402
1.06497
2.11478
0.416155
0.670059
0.0573318
0.609695
0.198453
0.125467
0.22485
0.556066
2.83798
2.35818
0.319428
1.83021
1.03099
0.954142
0.181882
0.807714
3.99988
2.95316
0.700743
3.51735
0.0798749
0.472267
0.112974
0.0230538
0.0804467
0.206708
1.08989
1.07405
0.194129
0.133864
1.04093
4.3597
1.46004
1.72483
1.2966
3.53306
0.125209
1.5577
0.328225
0.168688
2.55151
0.391288
3.16829
0.777999
1.26453
0.0588532
1.20578
0.490349
0.721077
1.3968
1.42178
0.708362
1.50329
0.948018
0.0661441
0.683664
0.777933
1.79142
0.175834
0.323262
1.55585
0.320174
0.848151
0.410084
0.299197
0.31058
0.210044
1.87316
0.671838
0.133566
0.936178
0.914611
0.945083
0.873176
0.310761
3.39903
0.461791
0.0202568
0.320878
2.09471
1.41485
0.10682
1.03724
1.64105
0.181629
0.887046
0.975705
1.59889
2.61979
0.353126
0.548488
0.242182
0.911415
0.0300635
0.140208
0.0779525
0.694386
3.49477
0.142292
3.12517
0.205492
0.947537
0.0426851
0.451418
0.142952
0.261541
0.133519
0.791914
1.74968
1.72971
0.0751304
1.57519
0.0576337
0.398547
3.22798
0.772509
5.99082
0.951879
1.12215
2.9892
0.272562
1.53575
2.73013
0.195951
2.93096
0.124553
0.80928
2.50865
0.0104267
0.216783
0.651914
0.664065
0.018572
0.778067
0.633375
1.5923
2.85427
0.533325
1.09963
1.37332
0.510605
1.54623
0.575919
1.56503
0.374843
0.83892
0.435204
0.509165
4.0144
0.786778
0.644879
1.16541
0.374753
0.872112
0.802951
0.140269
1.51081
0.351203
1.1447
0.0687686
0.35583
0.723794
0.912999
1.9411
0.516209
1.53457
0.11749
0.176186
1.94023
0.119064
0.405893
3.24623
0.593584
0.0386936
0.238821
1.45574
0.21749
0.64062
0.120489
2.43048
0.39266
0.0347584
1.82008
3.07952
0.73893
1.2207
1.5333
3.04551
0.0818389
0.711642
1.64361
1.38605
0.472578
1.7042
2.53359
0.176793
0.0070041
0.329105
1.86772
0.203755
1.11605
2.95864
0.947559
1.10634
0.770046
1.38369
0.427855
0.428134
0.204745
0.305765
1.95727
0.273595
1.30072
4.28429
1.84377
0.298037
0.82646
0.955987
0.274971
1.83759
0.0133623
3.66534
0.366039
0.535057
0.882775
0.145919
2.84252
0.110407
0.436806
0.225026
0.81766
4.44038
0.464634
0.822408
0.558681
1.86613
1.73945
1.79749
1.57172
0.728922
0.607503
0.0905615
0.12204
0.00154253
1.90508
0.223789
0.0703183
2.65869
0.384764
0.00895573
0.246025
0.651632
1.5933
0.254343
0.0369057
0.762045
1.52662
0.346683
1.00798
0.588325
0.499843
1.74337
0.720725
0.527561
2.38319
0.811053
0.200988
0.986417
1.03394
0.085091
1.04235
0.457363
0.890962
1.21221
1.61074
0.110238
0.271333
0.240555
0.443544
0.293187
1.77114
1.11339
0.581817
3.13899
0.296713
0.0949596
0.693635
0.0573344
1.82927
0.472535
0.296081
3.16666
0.028968
0.102017
1.37897
1.20095
0.873994
0.0232565
0.578719
0.27842
0.370975
1.33616
0.923102
4.42008
0.145674
0.669191
0.931346
0.853214
1.18834
0.410209
0.102436
0.65764
0.390667
0.526818
2.92459
0.602652
0.123218
0.996256
1.59146
0.665816
0.685318
0.0254014
0.795366
2.27467
0.931255
2.21439
0.677576
0.915737
0.0079559
0.981172
0.306958
0.218684
0.13149
0.75691
1.02388
0.677009
4.83233
1.43158
0.321581
0.509704
0.154712
2.15824
0.0181621
1.31612
0.43359
0.0479221
0.126114
1.11285
4.09929
0.00514329
0.405619
0.909681
0.775882
0.772918
0.424624
3.37382
0.455524
3.27487
0.942131
1.69089
1.0536
0.294999
0.229225
1.23089
0.910608
0.160981
0.0165785
0.180098
1.00938
0.556298
1.51272
0.482938
2.5012
0.932367
0.754919
1.47032
0.0043888
0.681449
2.0699
0.0410409
0.0589097
0.350191
0.389039
1.49637
0.390217
1.64871
0.855849
1.58872
1.9242
0.913658
0.069634
1.9474
3.52552
0.311225
2.5927
0.537454
2.21818
0.162433
0.712386
1.40422
0.199071
2.83021
0.507207
7.50079
0.775086
0.365335
0.849725
1.1243
0.234195
2.19001
4.78473
1.08814
0.771321
0.314757
0.0411291
0.00141392
0.963211
0.0687717
1.06501
2.74968
0.347558
3.38265
0.540759
0.318876
0.141657
0.319918
0.667131
0.405469
0.596822
0.400688
3.02052
2.20571
0.323007
0.910338
1.16152
0.302356
2.79743
1.07963
4.60706
0.484001
0.125906
1.61217
0.903603
0.0333396
1.39228
0.0990287
2.03408
0.609189
1.64338
0.617214
0.353031
0.425583
2.51182
0.157928
0.382377
0.303099
0.379866
0.725746
0.32584
0.067581
1.97443
0.753143
0.0238712
1.0055
1.82484
0.142973
0.442343
0.895903
0.161711
0.264069
0.564821
0.129116
0.878582
0.730518
1.50802
0.692946
4.39643
4.29263
0.112612
1.47399
0.517812
0.579184
1.20725
0.514162
0.313817
2.0806
0.0635853
1.10315
0.934762
1.63193
0.896529
0.330175
2.5725
2.15607
0.404411
0.186506
0.971472
1.06104
0.044511
1.23776
0.602532
1.13626
1.48319
1.25002
1.26182
0.499764
0.490063
0.695082
0.0439832
1.70415
0.799008
2.31209
2.56889
3.4568
0.161738
0.513751
0.588549
3.64192
0.151535
0.452858
0.639253
0.0286012
1.91612
0.59133
2.51982
0.753079
1.4057
0.96365
0.961637
2.13373
3.6187
0.727448
4.83824
0.170611
0.0660974
1.52735
0.747203
0.304806
2.82412
0.784073
0.653243
1.08321
1.94575
1.00951
0.0734869
0.817635
0.00398389
0.88902
0.388384
0.641644
1.75012
0.00781242
1.72481
0.269006
0.674584
1.67021
0.110112
1.3378
0.0586399
4.49744
0.360079
1.27652
0.768555
5.19569
1.85484
2.51233
5.5812
1.74568
1.07079
2.81052
1.22697
2.97447
0.89876
0.328906
1.12187
1.35227
0.32949
0.127897
0.101781
1.12846
1.31042
0.577402
1.4975
0.209348
1.07771
0.337232
0.625068
1.08025
0.518886
0.719699
1.55907
0.306263
1.23111
0.158515
1.39176
0.117325
0.793162
0.116743
2.28018
0.189228
0.227783
1.4911
2.60278
0.436844
0.0949672
0.836664
0.786305
1.33469
0.877208
1.00609
0.735716
2.13018
0.896002
0.659454
1.09257
3.13293
0.381925
0.0720947
0.571773
1.67548
0.399058
0.976041
0.60533
0.956008
0.411738
0.528032
0.99509
1.31853
0.109149
1.41499
0.285653
1.79263
0.946671
0.33749
0.198882
3.46578
0.659049
2.58335
0.877515
0.357754
1.68402
1.03952
1.71364
0.627039
0.0186814
4.02356
1.7974
1.30309
0.322031
0.354876
0.877022
0.492207
0.0901247
0.0828174
2.85131
1.40901
2.43204
0.841323
0.583774
0.790585
0.54983
3.04572
1.27476
0.253177
1.10662
1.98765
2.45585
0.901293
0.20122
0.903906
2.74978
0.376188
0.161148
0.861966
0.856775
1.5548
0.466738
4.01336
3.64779
0.878293
0.839862
2.0506
0.0845968
1.76371
2.50295
0.0649034
0.288355
0.539463
3.12667
0.404313
2.08025
4.39306
0.282916
0.269041
1.35163
1.48022
0.863919
0.7652
0.106655
0.502071
0.382121
2.68362
5.12757
0.755722
4.23779
1.96335
0.501003
1.97724
0.340958
1.61197
1.70495
2.85803
1.50783
1.61711
0.228547
0.18771
1.02699
0.348168
0.629233
3.48374
0.244271
0.265293
0.101331
0.193705
0.730765
0.185598
0.867363
0.537421
0.125691
1.69314
0.0625517
0.567448
0.293744
0.960555
0.514846
2.18966
0.170585
2.1801
0.343555
0.534902
1.05876
0.395939
2.04649
0.958324
0.953942
1.28183
0.10872
0.890842
0.515249
1.89342
0.0324874
0.182969
2.5304
0.118972
1.2432
1.97292
0.255464
0.114536
3.18053
3.54906
2.19949
0.961648
0.548982
3.16095
1.77481
1.75948
1.75884
0.588045
0.650458
1.56901
0.639821
0.632568
0.793991
0.0150004
0.164376
0.29765
0.0782832
3.19523
0.239029
0.205763
1.01601
0.548891
