-1.19574
0.273336
-0.335513
0.397785
-1.22128
-1.04179
-0.674177
1.33463
1.78691
-0.130202
-1.77396
0.809093
-1.30987
1.64085
0.0456934
-0.439702
-0.976531
0.196805
2.16608
-0.201765
-1.09632
0.655419
-0.779995
-1.87516
0.373669
-0.147432
-0.206418
-0.309313
-0.591237
-0.641121
-0.6386
-0.822176
-0.626939
-0.178569
-0.768346
-0.520689
-1.02639
1.07241
0.0763592
0.383501
0.101484
0.808478
-0.801988
-0.764524
1.01018
-0.164542
-1.11578
0.213379
0.0457321
-0.427362
0.687404
-2.47418
1.3736
-0.421879
1.58326
1.42664
0.148931
-0.286736
-2.55523
-1.06086
-0.104278
-0.287733
-0.33274
0.677118
1.08311
-0.449253
0.963764
-2.60675
-0.815196
-2.15042
0.524909
0.702808
-1.54886
-0.932093
-0.770811
0.508776
0.101195
-0.647997
1.27182
-1.57873
0.693628
-1.04986
-0.823107
-0.615679
1.04258
-0.490066
1.7936
1.05762
0.294606
-0.0269826
-0.473921
-1.41567
0.81749
-1.43922
-0.176737
-1.37508
0.675716
-1.17558
0.545866
1.34248
-0.585266
0.646752
-0.571673
-0.813541
1.20938
-1.19685
0.195501
0.151877
1.84133
1.47825
-0.423433
-0.561982
-2.16033
0.962912
-0.252902
0.211133
-1.35292
-0.692267
1.16964
-0.819869
-1.45655
1.70719
-0.101827
-1.02135
-1.00237
0.25604
-0.0878539
2.08672
-0.297519
-0.326713
1.31273
1.6776
1.3512
1.44251
-0.0090895
-0.604915
-2.0135
0.62243
0.885623
-1.74466
-1.10831
-1.04122
0.0868354
0.450115
-0.236777
-0.230229
0.0385283
0.184732
-0.973405
1.21139
-1.00653
0.713324
-0.250889
-0.146803
0.730676
-0.297596
0.721725
0.104574
-0.930358
0.739854
0.988007
0.728137
0.223281
-0.757974
0.29281
0.876051
0.881792
1.17438
0.787236
1.48725
-0.382253
-0.638013
1.0527
0.588038
-0.308233
2.03326
-0.208243
-1.76516
-1.0546
-0.827489
-1.11361
-1.78111
1.64523
0.139041
2.23886
-0.809841
-0.703891
0.374709
2.24587
0.980432
-1.00695
-0.650069
-0.476826
-0.312504
0.83555
-0.809716
0.470176
0.527911
-1.61605
0.894193
1.21519
2.41872
-1.14755
1.73708
0.595628
-1.23104
-1.721
-0.549113
-0.303235
-0.490504
2.23463
-1.07264
0.351848
1.23463
0.493467
0.713926
-0.0571225
-0.539104
-1.2653
0.80243
-0.794976
1.0168
-0.419329
-1.07283
-0.885058
-0.0227488
-2.04119
-0.0222275
0.297462
-0.768701
-2.13826
-0.113226
-1.95501
-0.332273
-1.19202
-0.13749
1.21796
1.27932
-0.275929
1.53737
-1.96625
-0.134966
0.765485
0.983196
1.25209
-0.589857
-0.96905
-0.415057
0.69279
0.189883
-0.0383797
-0.523885
-0.459392
-0.346837
-1.45937
-0.62263
0.198868
-0.128016
-0.707303
-1.06213
0.861174
0.857033
0.626083
0.748719
0.0653414
-0.599451
0.884505
0.751815
0.0197287
-1.34572
-0.386301
1.45089
-0.603589
0.94249
1.30641
-1.83868
-0.728405
-0.0688549
0.0533199
-0.25517
0.461674
-1.71385
0.855715
-0.435255
-0.837602
0.108052
-0.568031
0.907715
0.418969
-0.977587
0.832545
1.17584
1.38502
1.70632
-0.746232
0.383264
-2.95273
0.0831208
-0.341314
1.49298
-1.42855
-0.350527
0.0586155
-0.151912
-1.51047
-0.0175742
0.585295
0.00477223
0.861369
-2.86539
-1.14297
-0.12407
-0.736903
-1.29066
-0.335203
0.533869
-0.346854
0.689502
2.28457
-0.799322
-0.812593
-0.00708823
-1.063
0.421262
-0.834119
-1.1075
0.10043
0.0925431
-0.978626
-1.66103
-0.11638
0.546198
-0.126407
0.493889
-0.0169492
0.406446
0.455168
-0.220446
0.570659
0.105476
-2.44804
0.660588
-0.176446
-1.24618
1.46143
-0.0561825
-0.648152
1.14647
-0.877574
1.61608
1.29023
1.20944
0.428255
-1.60497
0.498013
-0.374414
1.32397
-0.131011
-1.39817
-0.400658
0.664003
0.615307
0.0687989
-0.878129
1.15959
-1.07472
-1.09932
0.675124
-1.9933
-0.0457698
-0.232417
-1.65222
1.5192
0.393743
-1.9033
-0.343938
0.0293725
-0.397503
-0.330285
-1.39376
-2.33951
-0.220124
-0.805426
-0.881603
0.978382
1.08105
-0.162857
-0.281161
0.205049
-0.358827
-0.28781
0.492886
-1.03044
0.848497
0.233403
-1.43941
-0.430514
-0.254418
0.198038
-0.161667
-0.227216
0.0815439
-0.166586
0.767201
-0.917392
-0.222643
-1.62231
-1.49345
0.16686
1.06602
-0.700378
-1.95931
-1.40784
-1.9991
0.564105
0.739467
-0.281353
0.130026
-0.200233
0.571027
1.11771
0.212665
-1.76347
-0.662855
0.158772
-1.20949
2.08901
0.613651
0.91284
-0.159267
-1.8117
-0.400466
-0.228474
-2.35225
-0.328776
-1.38902
-0.586619
0.574956
-0.307103
0.839306
0.184006
0.349099
0.748489
1.6663
-0.372575
-0.117663
-0.0682228
-0.0883425
-0.203696
0.965844
-0.647521
0.129262
1.67019
0.455829
-0.845433
-0.810536
2.3218
-0.439467
-0.234086
1.11502
0.00584829
-0.960546
0.537636
-0.230123
-0.200799
-0.0807469
-0.391036
0.708442
0.673803
0.95525
-0.31367
-0.79863
0.946105
2.2489
-1.80998
0.62696
-1.10476
0.716102
-0.0414733
0.764102
1.14982
-0.66573
0.585738
0.824438
0.317413
0.169397
-0.305522
1.10528
-0.586486
0.99805
2.68978
-0.774977
-1.09598
-0.127599
0.33683
-3.33904
0.961505
0.458887
0.38927
-0.371783
-1.54716
-0.0563305
1.72954
0.00718264
1.82239
0.803909
-0.659618
2.26847
2.24148
0.455573
0.345447
-1.83031
-0.489467
-0.955298
-0.540472
-0.24948
-0.943683
1.19838
0.279514
0.463543
0.684794
0.439642
-0.956182
-0.517169
0.868707
-0.213222
0.765026
-0.415273
-0.612472
-0.65248
-1.81265
0.189188
0.900335
-0.914043
0.155725
0.819887
0.445978
-0.215442
-0.304537
0.472194
-0.94952
0.353807
-0.379286
-0.940774
-0.299198
-0.705279
1.00082
0.890358
-0.799298
-0.260191
0.0813096
-0.738706
-1.36531
0.042593
0.0587007
0.272475
0.375118
0.767432
0.69378
1.15121
-0.602794
1.56144
0.772187
-0.248547
0.706956
0.163823
1.11789
1.62135
0.361782
0.216132
-1.07975
-0.135236
0.0636693
-0.437032
0.0805076
-1.17251
0.819581
0.17872
-0.829323
0.54782
0.364607
-0.475538
-0.863224
-0.263886
1.69398
1.197
0.262876
1.02381
0.974985
2.18477
1.46206
0.274247
-1.40928
-1.18777
0.28582
-1.11856
1.12371
1.87481
0.504299
-0.110285
0.0477916
1.71772
0.591989
0.428714
0.290846
0.643626
0.666295
-0.323435
-0.58182
-1.15952
-0.276224
0.701844
0.144142
-1.34246
-0.491294
0.0423613
0.0736114
1.5021
-0.598096
-0.352559
-0.437289
0.228318
1.37978
0.226752
-0.745978
-0.969976
0.75537
1.04813
0.261149
-0.577922
-0.42253
0.906194
0.497267
-0.540021
1.0677
0.166055
-0.0433705
0.335155
-0.840068
-1.47121
-0.653835
0.015106
1.47489
0.247076
1.26308
0.109353
-1.01963
1.74846
-1.19239
-0.200241
0.338427
2.26967
-0.837689
0.820065
1.32574
0.722891
-0.581317
0.880237
0.4817
1.24984
-1.60614
-1.07583
-1.74883
-0.246478
-1.26483
0.815697
2.12811
-0.653427
0.364058
-0.430081
-0.898307
0.497259
-1.71
-0.446653
-0.58038
-2.29437
-0.317278
-0.530564
0.519644
-0.717111
-0.230892
2.47521
0.579065
-0.3473
-0.379748
0.74066
0.396891
0.481046
-0.908262
0.238797
0.0844431
-0.64221
-1.41806
-0.500121
0.286775
0.195786
-0.954166
-0.22932
0.166468
-0.585139
0.360867
-2.33371
0.525663
-0.634811
-0.0298253
3.52585
0.431982
-1.49696
0.247784
-1.10036
0.0651579
0.127957
-0.13843
-0.166712
-0.54852
-0.453376
-1.27641
-0.0698541
0.600702
1.73354
0.754281
0.285838
1.22847
-0.612058
-1.154
-1.11536
0.116332
-0.205333
-0.909996
0.288612
0.430142
0.340037
1.68101
-0.363404
0.318821
0.404166
-1.69131
-0.980077
0.541393
-0.0851608
-0.0407336
1.47388
-2.67231
1.08447
0.0906438
1.78866
0.16793
0.519857
-0.2524
0.601961
-0.0635019
-0.0907195
0.491845
0.539947
0.875697
0.377189
-0.116831
1.9444
1.78877
-1.02096
-1.47718
0.500085
0.81583
0.0520777
-0.71579
-0.496003
-0.900115
-0.114377
0.677832
-1.26804
-0.778111
0.570211
0.173374
-0.199311
-1.47493
1.51334
-0.167825
-0.344835
-0.65616
0.695883
-0.324932
2.25104
-1.26852
-0.187931
-0.130889
0.915029
0.364115
-2.0523
1.67338
-1.01256
0.730662
-0.521359
-1.67395
0.237907
-1.2113
0.577508
1.57307
1.00501
-1.05129
0.312694
-1.52441
1.69376
-0.306137
-1.12775
-1.00265
-1.28485
-1.24203
-0.436352
-0.264305
0.35508
0.743192
-1.17972
-2.65511
-0.86156
0.0468696
-0.607494
-0.465898
0.936124
0.856931
-0.0870513
-1.42256
0.344061
-0.0462324
1.47775
-0.980592
0.496691
1.13099
0.343153
2.76566
-0.310681
0.108731
0.166948
-0.0430621
0.63605
1.1856
-0.704738
-0.0892725
-1.4257
0.454052
-0.240387
-0.619365
0.333404
0.34183
2.44764
-1.03416
-1.72042
-1.04582
-0.0688577
0.855699
0.650847
-0.385477
-0.00856636
-1.48169
-0.350599
0.865686
0.127656
-0.929437
-0.216009
-0.620938
-0.296744
-0.313545
-0.449677
0.45389
0.976709
-2.01501
-0.182192
-1.33982
0.79881
1.03725
-0.247708
2.14431
-0.181133
-1.43533
0.0976765
0.684077
-0.731468
1.06871
0.681711
0.674579
-0.82516
1.25641
0.520342
-1.08756
-1.33015
-1.73401
-0.178414
-0.636797
-0.0565467
-0.710182
1.5317
0.275715
0.129765
-0.232298
-0.558784
-0.695693
-1.67759
-0.182578
0.237437
0.537992
-0.344925
1.12393
-0.656034
-0.758813
0.10098
1.96805
-0.710166
-0.211189
0.109348
-1.25371
-0.0824535
0.825009
0.184091
-0.072992
0.30006
0.140164
-1.14409
-0.787947
0.782437
-0.304553
-0.611315
0.502226
0.490996
-0.741923
1.66036
0.0868288
-2.05212
-0.724396
-0.520562
0.0632442
0.0984427
-0.0190616
0.108301
0.589829
-0.212018
1.35371
0.251187
1.76864
0.199793
0.243399
-1.52407
-1.85751
0.236602
1.6692
-0.705546
0.294516
-1.2792
-1.11816
0.013482
-0.0591006
0.747384
-0.403893
-0.883139
0.0973433
0.125894
0.603249
0.156864
-0.223662
0.202477
0.350599
-0.112798
-1.11055
1.06613
1.99663
-0.399203
1.67736
-0.564129
-0.455367
-2.74341
-1.59395
1.24414
1.49996
-1.34726
-0.243484
0.718213
-0.0336833
-1.25419
-0.131003
-1.14152
-0.893265
-0.0920189
-0.327276
-1.70607
1.11758
-2.0676
-0.56149
-1.53432
-1.11197
0.520834
-0.23517
0.15433
-0.158118
0.101006
0.319284
0.963845
-1.06257
-0.313835
-0.411278
1.92557
0.966255
0.899673
-1.15764
-1.74914
0.67797
-0.417544
0.185845
0.688255
-0.0940416
1.22729
0.588346
-0.114158
0.739715
1.66265
-0.873397
-0.546481
0.870683
-0.576908
1.22905
1.66956
-0.126855
-1.67718
-0.350317
-0.355441
-0.749657
-0.488045
1.24209
0.471078
-0.539834
-2.0179
-0.0777846
0.357779
-1.03416
0.793756
-0.750803
0.874955
-1.34515
-1.07782
-1.81737
-0.0963861
-0.0804289
-0.192899
1.43614
0.840505
-1.51762
-0.548527
0.280118
0.700581
-1.78917
0.148677
0.0768641
0.196382
-0.408716
-0.393136
1.48938
0.722084
-1.30718
-0.724632
-0.522152
-0.00311056
0.0567299
-0.167214
-0.948012
-0.511752
0.0369133
-0.440025
1.5196
-0.640966
-0.567305
0.540718
0.509512
0.110384
0.523675
-0.463225
-0.305422
0.708297
1.3374
0.849752
-0.345537
1.87518
-1.26115
-0.258324
-1.15684
0.263459
-1.8093
1.85008
-0.0588803
-1.6269
1.05021
-0.2045
-2.04637
0.0894113
-0.985872
-0.220067
-0.522259
-0.652563
-0.440846
-0.978715
-0.773738
-1.62358
1.92843
-1.17989
0.00742282
0.188636
-1.13605
0.295874
0.582866
-0.513304
-0.592805
0.597193
-0.329613
2.9235
-0.774236
-0.141987
1.31773
0.572104
-0.36207
-2.23819
-1.00631
-1.98392
0.170442
0.844927
-0.425867
-0.249179
1.17503
-1.24599
-0.874597
-0.485531
-0.144451
1.19049
-0.268128
-0.561745
0.497961
-0.63351
-1.08765
0.688921
0.313775
0.198842
0.304169
0.432785
0.0737441
-0.700344
0.481753
0.275399
0.238795
0.789516
0.510893
-0.859041
-0.254159
-0.0421009
-0.198191
-0.293628
-0.3402
-1.9925
2.78142
0.31529
0.268366
0.89417
0.651729
-1.71026
0.0944194
-0.00553807
-0.828063
-0.820538
0.604495
0.395842
0.672979
0.756674
-0.600262
0.889072
-0.762241
-1.0556
1.81742
1.86541
-0.837958
-0.854747
1.25128
0.00789473
-0.211353
0.777192
-2.15371
0.0541244
-0.621284
0.796936
0.229393
-1.29787
-0.260153
0.391287
0.850126
0.424928
0.274088
0.0626106
-1.1248
0.536667
-1.31297
0.181862
0.52382
0.30051
0.988995
0.436591
0.649135
-0.528645
1.42065
0.260674
0.946857
0.860646
-0.989847
-2.42792
-0.415281
0.527465
-0.0766187
-0.986654
-1.21291
-0.796703
-0.149248
-0.977956
-0.623754
-1.3193
0.964013
1.74711
1.3429
-1.43598
0.705678
-1.02622
-2.31339
-0.354764
-0.826921
0.836073
-0.956929
-0.738499
-0.128201
-0.00532875
1.57687
0.693331
1.31622
0.689321
0.284091
-1.5743
0.0202572
-0.409429
-0.686874
-0.283179
-1.31088
-1.04065
-0.256078
0.138683
-0.931651
-1.15009
-0.230218
0.126204
-0.0975288
1.50363
-0.236838
0.299299
-0.0685933
-0.535967
0.349253
-0.210124
0.580357
0.173843
0.420575
0.422362
-0.526874
-0.273291
0.477582
0.161087
-0.135144
-1.37058
-1.7056
0.25198
1.04161
1.67679
0.478989
-0.878182
0.433267
0.256705
-0.741353
-0.0518394
-0.860064
-0.452579
0.486325
-0.317194
-1.30955
-0.650033
-1.06448
2.30922
0.881753
-1.9214
0.665844
0.0201423
-0.880703
1.59634
-0.0240475
0.696251
-1.65035
0.729647
0.630259
0.0474049
-0.590356
-0.779168
-1.37186
-0.198916
-1.12506
0.279628
-0.585416
-0.0421636
-0.501202
-1.89817
-0.239766
1.08611
1.61507
0.257183
1.11856
-0.79831
-0.478942
-0.319066
-0.463803
1.07698
1.41538
0.764438
-0.82579
-1.29428
1.93145
-1.48543
1.91342
0.389478
-1.55414
-0.266379
-1.28327
-0.449883
-1.03525
2.26057
-0.497148
-1.20572
-0.219891
0.0922121
0.761946
0.762005
1.00935
-1.05553
-2.06702
-0.15873
1.09256
-0.518893
1.09961
1.28761
1.92399
0.549851
-1.45809
-0.147117
-0.724078
0.921303
-1.1455
-0.0752881
0.633988
0.279534
-0.549004
2.03361
-0.476812
0.45561
0.187966
1.67374
0.75618
0.846557
-0.304464
-0.906062
-0.164798
1.07574
-1.40475
-0.986726
1.14433
-1.01205
1.08404
1.73931
0.425241
0.495238
-1.14555
0.037929
-0.241835
-0.276876
1.03622
-1.08129
-0.440461
-0.441638
-0.741305
0.5704
0.25968
0.995891
0.0974188
1.22175
0.951678
0.679643
-0.589024
-0.591621
-0.0357423
-1.12793
-0.953424
0.283774
0.967477
-0.029223
-0.442762
-0.078243
-0.047282
0.437634
-1.486
1.41967
-0.247773
-1.11926
1.97551
-0.033358
-1.53845
0.41159
-0.703056
0.698045
-0.546019
0.238491
0.73024
-1.55141
-0.725423
2.06614
-2.12183
-0.0510054
-1.16716
-0.937986
-0.116609
1.15988
1.07555
0.196716
0.214952
-0.0162211
-1.28775
-0.468463
1.62829
0.149372
0.218098
0.802907
0.188693
0.75761
0.906143
-0.465784
0.0623795
0.429273
0.0589481
-0.208402
0.325289
-0.470668
1.57831
-0.526798
-1.46871
0.51022
1.12081
-1.41516
-0.356735
-1.42543
1.27974
-1.45781
1.13808
-0.677041
0.0976017
-1.05085
0.064682
-1.47581
2.09694
0.403387
0.773391
-0.832097
-1.95642
0.787014
-1.16882
-0.411618
1.34402
0.635194
0.362175
2.03441
-0.509802
1.17581
1.70366
2.41273
-0.391478
0.82863
-0.267571
-0.810829
0.386481
0.348915
2.23949
-0.280768
-1.68604
1.39234
0.356131
-2.20997
0.404485
-1.10569
-0.605599
1.17856
0.380969
-0.975016
-1.36263
-1.09091
1.66051
-0.44601
-0.870642
2.0965
0.176135
1.03191
1.48611
-1.27386
0.0660046
2.14432
0.32724
1.25796
-1.50971
0.450381
1.21957
0.0186534
-1.01796
-0.926815
-0.250917
-1.33338
-1.22839
-0.0258551
-1.19648
0.727686
-0.308486
0.546561
-1.25797
1.29124
-2.01586
-0.604533
2.05473
0.234696
0.401554
-0.0903418
-0.124011
0.186121
-0.132128
0.234474
-0.274372
-1.25172
-0.396893
0.77597
0.524395
-0.107618
0.946632
0.13537
-1.46709
-0.578297
0.252106
-1.06911
-0.465894
-0.604321
-0.500406
-1.71731
1.14872
-1.80605
0.0736347
0.870204
0.051402
0.662124
-0.0464072
-0.186356
0.201609
-1.06914
0.203094
-0.141973
1.39214
0.534504
1.3063
-0.254433
-0.066415
-0.382801
0.390345
-0.846373
0.168229
1.95039
-0.40059
-1.86398
0.744434
-0.227402
1.9461
-0.542642
0.34328
-1.55938
-1.40877
-1.48454
0.0243304
3.46297
0.439212
0.247345
-1.26643
-0.266516
-0.666361
-1.64758
-0.165849
0.255745
0.883667
2.01075
-1.51034
0.151777
-0.298571
-0.748146
0.938061
1.35661
-1.36123
0.44037
-0.597235
-0.182417
0.561125
-2.47272
-0.766052
0.468157
0.382689
1.06799
0.247981
0.412362
-0.400732
0.553564
0.128008
-0.911894
1.11336
-1.30119
0.122521
-0.400467
1.06539
0.345052
0.798102
0.10766
1.24253
-0.109041
1.92246
-0.967663
0.866989
-0.0124666
1.73856
0.229843
-0.558819
-0.109244
-0.275795
0.306357
-0.505083
0.663111
-1.74986
0.591779
0.187162
0.0588594
-0.66685
-0.49306
1.3091
-0.126877
-0.721825
-0.119078
-0.206036
0.0870562
0.356601
0.415264
1.1566
-1.13948
-0.460968
1.37065
-1.12372
-0.60236
1.36027
0.924758
0.864699
0.210351
0.96518
0.916502
-0.927752
-1.42709
1.32853
0.256021
0.589835
1.37369
2.84414
0.088415
-0.901524
1.32152
-0.544708
-0.0656308
0.0746593
0.312281
-0.630365
-0.0935803
-1.20823
-0.952225
0.82642
-0.355074
0.00297827
0.193801
-0.0740142
0.277317
-2.36693
-0.79956
-1.00082
-1.61836
0.0219733
0.568408
0.652531
-1.2235
0.369244
-1.17203
-0.23533
0.903955
2.98863
0.427662
1.77404
-0.240802
0.976109
0.710222
0.986546
-0.542218
1.92827
-0.691224
-0.187626
-0.665245
-1.53807
-0.466835
-0.628041
-1.07841
-1.96041
1.18811
0.665114
0.241066
1.63388
-0.334351
0.517517
0.203645
-0.580574
0.692986
-0.894619
0.143984
0.00121405
-0.659181
2.07352
1.10718
-0.0770544
-0.576816
0.681101
-0.586553
0.35038
-0.379583
0.972984
2.46956
-0.474469
0.91964
0.0448803
-0.131562
-0.283153
-1.37392
0.416152
0.260884
-0.39151
-0.520852
1.49207
0.853369
0.456902
-0.817691
0.463453
-0.495564
0.498805
-0.221166
0.0554071
1.33867
-0.227527
-1.29374
0.595665
0.323766
-1.73141
-1.67508
0.0288252
0.597822
-0.205662
1.1456
1.3476
-0.124474
0.865282
-1.86728
-0.208859
-1.1032
0.596273
-0.830972
-1.56213
-0.100356
-0.0347069
-0.75959
-0.790046
-0.290369
1.60529
-0.655713
-0.425361
-0.0100985
-0.480844
-0.644411
-1.35202
-1.30042
-0.4162
0.596495
0.733617
0.692603
0.0154893
1.21944
-2.68679
0.581887
0.693157
-0.0868357
-0.80668
0.452859
-0.25573
1.50735
0.277697
-1.76643
-0.107515
-0.310823
1.67212
1.18311
-1.19809
0.970093
0.502036
0.0618702
-0.0683453
-1.20265
0.870512
0.419186
1.16076
1.14064
-0.632385
0.641189
0.687763
0.277694
-0.198542
-0.0646153
1.13187
0.257713
0.974856
-0.38403
0.476826
-0.20551
0.136496
-0.0881679
1.45608
2.17586
-0.664098
1.13982
0.566347
0.0186068
1.61497
1.31179
1.19081
-0.388699
0.335482
-0.655178
-0.351366
0.171008
1.00167
0.0331945
-2.47776
-1.78237
-0.223659
-0.187778
-1.15074
-0.876552
-0.701851
0.335002
-0.934205
1.33286
-1.12482
-0.614174
-0.621371
1.68978
-0.548453
0.618045
0.158551
-1.74821
0.33888
2.08757
-0.67988
-0.898295
-0.12683
-1.32181
0.910959
0.530781
0.396092
-0.332571
-0.378106
-1.2277
0.445579
-0.355154
0.958809
-0.944188
0.924753
0.405132
-0.794315
0.12417
-1.75015
-1.46162
-0.341347
0.152548
1.30915
0.420588
-0.2801
1.15343
-0.0801219
0.00152938
-0.344573
1.24861
0.44363
-0.336412
-1.82598
-0.936562
-0.964511
0.568989
-0.950261
-0.0973081
-0.483501
-1.28556
0.00739166
-2.45611
0.784449
1.25617
-0.22205
0.298359
0.865425
0.112189
-0.21964
-0.197794
0.491404
-0.512159
0.269252
-0.536663
0.170444
0.847727
0.558151
1.04969
1.39616
0.931852
0.101231
-0.272934
-0.156552
-3.98568
0.369599
-1.62993
-0.11089
-0.438589
-0.918045
-0.119065
2.96888
0.271712
-1.29342
-2.77582
0.0765456
-0.353281
-0.45358
1.85294
-0.253116
0.981153
-1.19784
-0.25077
-0.742414
0.0369185
-0.161283
0.392843
-0.357538
0.0677246
0.587633
-1.3373
-0.323582
0.867922
-0.787088
0.147986
-1.27023
2.4919
-1.32283
0.467488
1.00132
-0.807626
-0.674542
0.839064
0.265614
1.12325
-1.07436
0.340716
-1.05259
2.03283
-0.549159
1.28357
0.139439
-0.57274
-0.902477
1.40861
-0.769459
1.5325
-0.352647
0.693235
-0.133415
-0.825799
0.677812
-0.250428
-2.108
-1.22492
1.96418
-0.803176
-0.598629
-0.567209
0.592151
1.36722
-0.898082
0.59712
1.09995
1.00519
-0.589068
-1.67054
-1.996
-1.25529
-0.0203608
1.69861
0.269056
-0.0245713
0.0481503
-0.494132
0.0210318
-0.369565
-0.3659
-0.23733
-0.476924
-0.928314
-2.62474
0.731054
-1.38019
1.74312
1.56191
-0.379578
0.339704
-0.172547
0.695522
-0.159957
-0.66496
-1.11785
0.116861
0.190886
-0.661627
-0.272989
2.36676
0.469074
1.42751
1.70774
-0.392583
0.608403
1.05168
1.24748
0.461273
0.678816
2.3997
-1.23141
-0.203287
-1.98905
1.56559
0.972277
-2.01939
-1.39447
0.607753
0.909457
1.95703
2.0148
-1.37808
0.480109
1.20319
2.95049
0.696813
0.254272
0.241923
0.471706
0.195234
-0.209314
2.04053
0.962488
-0.463294
-0.469171
1.23168
-1.3226
0.596048
-0.0988053
-0.217598
-1.36752
0.33376
1.06218
-0.36121
1.60508
0.653597
-0.495674
0.565672
0.277946
0.686181
-0.0691372
0.541716
-0.364946
-0.45335
0.509602
-1.08082
0.1082
1.40383
0.798583
-0.742667
0.817964
-0.13373
0.53321
0.684199
-0.891788
-0.903246
0.173934
1.37648
-1.0558
0.861901
0.0703058
-0.378574
0.0149497
-1.3013
-0.595045
0.650904
-0.746992
0.886896
0.513959
-0.805798
0.776346
1.0513
-1.51118
0.339265
0.154926
0.138383
-1.62838
1.05139
0.155659
0.466726
2.85191
-0.451501
0.974727
1.16396
-1.29122
-0.101979
0.294624
0.086854
1.93568
0.467413
0.580902
-0.728692
3.27188
-1.97798
-0.967072
1.46109
-0.480062
-0.784513
-0.811753
2.31671
0.243682
-0.579762
0.233144
1.39723
-0.0286623
0.218339
0.172728
-0.91651
0.269869
1.65868
0.498231
1.2148
1.46361
-0.72045
-0.232517
0.798246
-0.112896
0.559827
0.378571
-0.533433
-1.69443
0.381165
-0.100802
0.71096
-3.20146
-1.17189
-0.142395
-0.230566
-1.01183
-0.291741
0.780976
-0.223932
2.44541
1.23605
-2.05638
1.92776
-0.399337
1.38025
-0.273038
-0.150085
-0.677866
0.979327
-0.328847
-0.833632
-1.12311
-2.19962
0.367485
-0.701725
0.252805
1.72992
1.76183
-0.733967
0.639725
-0.865202
0.520289
-0.119511
-1.59887
0.734977
0.319197
-0.0224418
-0.103248
0.525523
0.745666
-0.805014
-1.19337
-0.236687
1.06499
-0.659075
-0.422343
0.53663
0.291447
-0.104272
0.513697
0.0386322
-0.564428
-0.707365
1.54156
-0.090533
0.0141251
-0.205575
-2.13127
0.101129
-0.93366
0.954082
1.30336
1.44976
-0.261766
-0.0895218
-0.339983
0.105489
0.331367
-0.991301
0.177365
0.322374
0.571418
1.22428
-0.288461
-0.0847495
0.790451
-1.36538
2.23804
0.651444
0.362749
0.551914
0.666082
1.36536
0.342052
-1.36794
-0.159235
0.322521
1.78611
-0.349497
-0.251462
1.7154
0.219041
-1.2268
-0.536789
0.54498
0.66705
1.33348
1.21756
-0.237859
-0.474961
0.726936
-0.434663
-1.1356
1.14699
-0.581548
-0.91104
1.04341
0.119431
0.151023
-1.56267
-0.513425
-0.355449
-1.02738
-0.597281
-0.666245
0.0262291
0.802405
-1.63359
-0.742907
-0.446983
-1.19934
1.25671
0.0215281
-0.917085
0.18277
-0.0843986
0.882913
-0.813954
-0.566623
1.52037
-0.928277
-0.11016
-0.699915
0.965096
1.4515
-0.273844
1.15406
-0.395209
1.66827
1.27814
0.550307
1.2993
0.00885345
0.0865644
-0.0807097
-1.47917
0.550651
-0.00742134
0.330413
-0.825676
0.553566
1.26836
1.28701
0.21757
-0.980754
-0.0420101
-0.120796
-0.23605
0.152195
-0.0460243
0.984127
0.00761419
1.88639
0.679224
-0.128519
-0.848694
-1.68838
-0.382033
-0.615567
-0.162916
1.01326
-0.668253
-1.46128
0.0616219
-0.42224
-0.117107
-0.195253
0.805172
-0.194911
-1.76403
1.45832
-0.514526
1.16935
0.211703
-0.0254382
-0.529762
0.495214
-0.603915
-1.26693
0.394602
-1.24428
-0.628917
-0.578388
0.755464
-1.30111
1.23076
-0.184706
-0.202089
-0.0815376
-1.819
0.107457
-0.240119
-0.280456
0.309137
0.0301193
1.04493
0.278484
-1.14083
0.298528
-0.221781
0.330426
1.29328
0.922468
2.49418
0.1293
-0.412108
0.789574
-0.595798
0.408526
1.17793
-1.72405
0.679334
0.998953
-1.74866
1.85486
-0.970221
-0.0513131
-0.365427
-0.869463
0.651438
0.107753
0.124622
0.612774
0.40987
1.45743
-0.153704
0.566169
-0.097293
0.2583
0.572614
-1.19257
-0.285443
0.144826
0.910149
-1.22017
-0.556093
-0.463853
1.29858
-1.20637
-1.67623
1.70492
1.46182
-1.04929
0.750984
0.276792
-0.0685344
-0.693545
-0.739438
-0.572463
-0.130404
0.960614
0.0487988
1.33457
-1.06813
1.58681
1.03993
-0.672937
-0.729419
-0.0856014
0.124536
1.18691
1.7472
-1.17556
0.765914
-1.53684
0.339211
-0.53788
-0.334456
0.916697
-0.97815
-0.581601
0.189295
-1.71993
-2.51328
-0.339867
-0.109274
1.83272
0.746092
0.0322086
0.291408
-1.36773
-0.179302
-0.189012
0.151161
-0.417209
-0.985739
1.99986
-0.445925
-1.17263
-0.0851419
1.63928
-0.701904
-0.314554
-1.05658
-0.859997
-1.80489
0.550906
0.0987273
0.810787
1.05987
-1.32511
1.23637
0.157227
0.923561
0.958665
-0.591711
1.13302
0.0762389
0.280083
1.34789
-0.0400342
-0.476438
0.0618333
0.381571
-1.11605
-1.85777
-1.2756
-1.10369
1.90751
-1.20434
-1.13188
-1.03109
-0.247798
0.129508
0.510695
0.135672
0.0998125
-0.498319
-0.273782
1.42739
0.839295
-0.578684
-0.740665
-0.715362
-0.120582
-0.695098
-0.568576
2.16336
0.941248
1.05798
0.472351
0.0193412
0.996479
-0.781921
-1.1148
-0.709383
0.416268
1.98791
-0.936248
0.145991
-1.30997
-0.8493
0.0372454
-0.942724
-0.686879
-0.407822
-1.32016
-0.639124
-0.552988
-0.315463
0.226328
0.565656
0.25926
-0.176441
0.291852
-0.168109
0.32315
-0.976827
2.06787
0.357137
-1.21305
-2.04369
-0.512155
-0.00128664
1.34641
-0.239821
-0.547313
0.336295
2.06619
-2.39688
1.16671
0.0545747
-1.06884
0.764896
-1.06321
0.233147
0.672344
0.400115
0.704144
0.900583
1.57833
-0.273488
-0.851681
1.52381
0.168572
1.77677
1.40129
0.0134005
1.14805
-1.05699
-1.05858
1.00085
1.57601
-0.0323674
-0.730338
-0.438591
0.856363
1.65777
2.10676
-0.364186
-0.0851661
1.56625
-0.799545
0.919545
-0.159289
0.357111
-0.812912
0.348158
-1.9894
1.08784
-0.596128
0.770507
0.0662868
-0.907555
-0.0164925
-0.984388
-0.820548
1.27994
-1.02987
0.346581
0.418873
1.24538
0.0763143
-0.346182
-1.18424
1.3178
-0.493714
0.298856
-0.253772
-0.456957
0.341437
-0.889524
0.553097
-1.10827
1.27517
0.818517
0.152785
0.0229036
-0.780346
1.37248
2.28521
0.197637
0.361604
1.86064
-0.462558
-0.660379
0.502881
0.232777
-0.352395
0.688933
-0.306143
1.6365
-0.536317
0.483912
-0.127196
0.550064
0.121054
0.204529
-0.92396
-0.74475
0.0655974
-1.48261
0.0969551
2.04824
-0.995563
0.125275
-0.451439
-0.284577
0.569768
-1.83126
1.58245
0.900264
-1.85042
-0.724244
-1.15666
0.0454946
0.209121
-0.0722029
0.232032
0.658182
0.111447
-0.804053
0.573171
-0.475476
0.722974
0.366749
0.556694
-0.204452
2.14235
0.595944
-0.495095
-1.18146
1.43512
-1.08693
-0.546723
-2.13244
0.692897
-0.800428
0.238914
-0.967237
-0.236551
-0.0504082
1.88544
-1.14617
0.540525
-0.455076
0.204913
0.764714
-0.217415
1.31486
1.2676
0.428413
-0.349264
-0.142001
-1.11897
0.561279
-1.68029
-1.35098
0.280733
1.33057
0.78707
-0.871008
0.242804
-0.197687
0.00342876
-1.52165
-0.503123
-1.03523
-1.82121
-1.05906
-0.742897
-0.521482
-0.905832
2.55759
1.01496
0.807649
0.597612
-1.63905
-1.98439
-1.03096
-0.177776
0.490135
0.337046
0.445417
-0.775682
-0.330135
-2.68147
-2.07998
-0.76185
-0.460225
-0.446654
-0.208259
0.563585
-0.278402
-0.430257
0.65797
0.0140977
1.40286
-0.137281
-0.48175
-0.535004
-0.209524
0.112465
0.764853
0.258416
0.528764
1.70158
2.15531
1.37977
1.11925
1.01705
1.73989
-0.19252
-0.255139
-0.44322
0.00115808
0.689246
-1.92717
0.378398
-1.08501
0.4245
-1.45853
0.0794967
-0.392505
-0.501179
1.28817
0.199815
-3.13333
-0.152691
-0.340721
-1.53655
0.491653
-0.446707
1.25671
0.698116
-1.34373
1.90458
-0.251097
-0.227987
-0.227701
-0.352643
-1.88567
0.228334
-0.656383
0.0489557
-0.509133
0.341037
0.371755
0.845756
-1.98839
-0.104357
-1.87215
-0.162391
0.988529
1.04999
-1.48224
-0.641078
1.00291
1.38374
0.460136
-0.00458376
0.297935
0.18831
0.923698
0.297483
0.178745
0.691704
0.415531
0.265174
-0.697773
1.33425
1.30841
0.135507
0.96762
-0.34239
0.433619
1.58908
2.01169
-0.545093
0.719569
-0.981754
1.0381
1.77908
-0.583479
-1.15262
-0.862431
0.349217
-1.67498
0.807741
0.208269
0.788981
0.922241
1.43504
0.485186
-1.00314
-0.396439
0.198034
-0.229635
0.82676
0.622624
-1.3802
0.205592
-0.375604
0.600842
-0.567529
0.127419
0.627183
-0.540144
-1.16979
0.01389
-1.46787
0.0680262
-0.250967
-0.617165
-0.435406
0.810069
2.17179
0.168105
0.211284
-1.70308
1.15148
1.08453
1.36152
2.49451
-0.508683
0.366018
-0.753786
0.00417203
-0.450967
0.14114
1.92215
-0.113354
-1.01939
1.09847
-0.652391
-0.678434
0.540874
0.0483747
-0.975184
0.801239
0.155708
-0.779512
-0.155616
-0.276766
-0.390826
-2.20539
1.0143
-0.21918
-0.223528
-0.821509
-0.347349
0.223359
0.906751
-1.05456
0.45271
1.11697
1.28936
-0.771657
0.0527979
-1.29856
0.992814
-2.29133
1.39497
1.14309
-0.132128
1.18259
1.69313
-0.70226
0.558817
-0.507453
0.239121
-0.228514
-0.939523
1.66673
-1.18049
-1.08754
-1.20011
-1.91339
-0.598373
0.42764
0.361543
-0.552428
-0.59759
0.309759
1.23273
-0.25376
-2.07118
0.776239
-0.186416
-0.567605
-0.260502
0.5261
0.527295
-1.18935
-0.0250052
0.090211
-0.496829
0.560057
-0.0427226
-0.517933
0.444252
0.76296
-1.40448
-0.656166
0.129714
1.00288
-0.162178
2.95663
-0.440278
-0.573927
0.206473
-1.33361
0.889291
-1.12064
1.01158
-0.886946
-0.877413
1.21053
0.641678
-0.4554
-0.512302
-0.415616
0.733456
0.271235
-0.728416
0.976284
-0.659765
-0.634505
0.374467
-0.0528927
-1.00268
0.568978
0.577398
-0.347828
-0.28122
0.595145
0.449734
0.342196
-1.59322
-0.604224
-1.76883
-0.586879
0.330728
1.93349
2.00553
0.985818
-0.972156
-0.845748
-0.271534
0.720073
-0.666485
0.879814
-0.575422
1.2323
1.54744
0.127044
1.92921
-0.157774
0.550612
-1.4545
2.28988
0.168296
0.633943
-2.20389
-0.298665
-0.512966
-0.546987
-1.09586
0.243109
-0.245704
-0.145318
-0.197733
0.841346
0.76245
0.343619
1.14309
-0.510708
-0.367884
0.923902
0.853838
0.979225
0.797738
-0.887646
-0.451002
-0.368132
0.495573
-1.52683
-1.42002
-0.185768
-0.59252
-0.199283
0.7256
-1.14427
0.157716
-0.652584
-1.09517
-0.742453
0.788361
-0.0340188
0.980855
1.17628
0.230851
-2.47546
-1.13202
-0.114331
0.629303
-1.69141
-0.445722
0.381314
0.42023
-2.72922
0.429222
-0.63018
0.616189
1.31079
1.09575
-0.190756
0.679476
1.05077
0.842669
-1.37735
-1.62741
-1.50507
-0.882769
-0.575859
-0.589977
-1.32447
0.0325083
-0.0396265
-0.937893
0.481361
0.285219
-0.47532
0.886241
1.52455
-2.47643
-1.36671
-2.84706
-0.148983
-0.583632
0.403682
0.695175
0.733295
1.15702
-0.480107
-1.88222
-0.385259
-0.717723
-0.039399
-1.38563
-0.137469
-0.565943
-0.824674
0.286637
-0.0772968
1.35816
-1.48904
0.114215
-1.44445
1.66364
0.0473157
-1.08258
-0.182377
-0.452876
0.095905
-0.429876
0.237523
-0.190548
-0.263086
-1.16535
0.193066
0.542041
-0.925358
1.61742
0.819626
-0.521756
1.11521
0.0210522
0.934834
1.03126
0.0392802
1.56165
0.806524
0.702126
-0.539947
-1.94517
1.6773
1.46175
0.50183
0.0689524
1.1308
1.189
-2.46771
1.58688
-1.12731
0.132029
1.1061
-0.837149
1.36468
-0.196376
0.682763
1.5744
0.886733
0.803739
1.0592
0.276434
0.22144
-0.105238
0.542961
-1.02367
0.437592
0.467148
2.06847
0.294742
0.891987
-0.0635903
-0.951916
-0.26589
0.319253
-0.134811
-0.431961
0.897166
1.64754
-1.13855
0.685378
2.09691
-1.51416
0.900818
1.72995
0.0641343
0.440865
1.54177
-1.32819
0.464669
-0.555761
-1.74089
-0.550185
-1.34314
-1.1918
0.701283
1.00294
-0.695275
0.865529
-0.737025
-3.02732
-0.367168
0.643495
-1.12058
-1.74148
2.00126
-2.68341
3.01832
0.880178
-1.38216
0.658922
1.63677
-3.03634
-1.11803
-0.446784
2.502
-0.953411
-0.622368
1.40001
-0.197439
1.92257
-1.9924
1.31353
-1.98803
-1.8368
-0.615011
0.982695
0.305343
-0.696334
-1.58675
-0.125361
0.549472
-1.73631
0.20539
-0.640448
-0.5932
0.982167
-1.10734
-0.438863
0.237551
-0.0566922
-1.55356
-0.924482
0.607307
-1.75023
1.84462
2.03084
-1.53704
0.740187
0.70044
1.46733
-0.751843
2.76933
-1.6231
0.519137
-0.697824
0.337012
-0.411742
1.69035
-0.307342
0.206363
-0.166753
1.23853
-0.0116621
0.608284
-0.16622
-0.566643
-0.0833558
-1.36169
-1.99999
-0.0407717
0.575186
0.835356
0.35755
-0.387427
-0.039268
-1.42544
0.083186
-0.376613
-1.09981
1.20148
-0.948241
-0.839413
1.46931
0.4183
1.31569
-1.53346
-1.33535
-0.515187
-0.874428
1.67906
-1.35036
0.980753
1.61675
1.0999
-0.121937
2.32694
-1.61286
-2.21848
1.94703
0.105607
-0.0703106
0.911173
-1.34443
-0.342024
1.51941
-0.514581
0.369256
0.63263
-0.41623
0.477832
0.93496
0.381117
0.560435
0.961855
-0.0772093
0.426461
-0.949098
-2.80248
-0.173817
-0.412025
0.351941
1.09401
-0.0880682
0.51498
-0.305873
-0.216739
-0.2507
0.162106
0.287607
2.25328
-0.995025
2.08249
-1.19046
-0.421701
1.47363
0.808604
-1.82688
1.14587
0.168738
-1.1629
-0.50182
-0.127156
0.027106
-1.18966
-0.718394
-0.532386
-0.336818
-1.07226
0.0338441
-0.832716
-1.46215
-0.920496
-1.50686
0.728104
0.234593
1.32843
-1.85609
-0.642846
0.131563
-0.0889623
-0.275064
0.966901
1.51713
0.0536742
1.40018
-0.410976
-0.909964
1.50908
-0.013944
0.837975
-0.682245
-0.90606
-1.8041
-0.946832
-0.447185
-0.942039
-1.19184
-0.919463
1.11549
0.0156064
0.22712
-0.224943
-0.82256
-0.3338
0.748833
0.318936
1.30758
1.11217
-1.25802
0.0229881
0.194351
-0.497263
-1.53207
-0.242354
-0.588407
-0.44348
0.295351
-1.5271
-1.49979
-1.64852
2.26634
-0.826493
-0.860712
0.928638
1.59104
1.64937
-1.71903
0.417404
-1.3008
0.339113
0.218285
-0.606679
-1.55842
0.0708698
-0.846452
1.08562
0.96892
-0.911513
0.16079
-1.00444
-1.52096
0.642443
-1.49795
-0.0664897
-0.222413
1.01892
0.470347
1.45125
0.118959
0.516526
-1.67196
-0.340719
-0.401682
1.10751
0.378429
0.249647
-0.352726
1.04477
0.615671
0.182172
-0.158934
0.566048
-0.52097
-1.37742
-0.871113
-1.84017
1.84832
-0.341671
-0.111329
-0.30485
-0.487178
0.987424
2.06386
-1.53527
0.221413
-0.293713
0.0920133
1.82935
0.976908
1.81822
0.659931
1.34682
1.9327
-0.354573
0.62255
-0.160624
1.4505
0.174891
-1.00631
-1.92954
-0.620672
0.13667
0.0240875
-1.26504
-0.981006
-0.152805
0.159831
-1.50502
1.33437
-0.462604
0.271858
-1.88748
1.78627
1.44471
-0.133524
-0.936987
-0.378141
-0.0757216
-0.163457
0.229742
1.3302
0.0311527
1.73116
-0.882004
0.86289
0.270017
-0.569551
-0.965392
-0.515712
-0.556689
-0.345533
-0.624117
0.50379
-1.80229
-0.599345
1.09415
1.79778
0.510634
-1.26465
0.502742
1.14873
-0.680418
-1.73606
-1.37234
1.02952
-2.85834
-0.111185
-1.47536
-0.58331
-0.0639009
-0.00130851
0.481751
-0.36632
-1.94176
-1.8088
-0.626661
-0.174216
-0.259322
0.255126
-1.12843
0.896912
1.04171
-0.900661
-1.22125
-0.0819985
2.53844
-0.789828
1.7215
0.839813
0.647059
-1.21808
0.56295
1.4727
0.914721
-0.496868
0.586837
-0.19908
-1.46245
0.317874
-0.687589
-2.92038e-05
0.738066
-1.42039
1.47819
0.167424
0.12655
-0.153092
0.350163
0.534716
-1.6202
-0.787042
-0.332534
2.00283
2.05386
-0.151505
0.241331
-1.60856
0.6671
1.77336
-0.215682
-0.311634
-1.51432
1.62554
-0.250394
-0.188844
0.00913802
-0.234774
-2.07442
0.183052
0.105154
0.191871
-0.094793
0.875426
-0.496677
0.310551
-1.13879
-0.169487
-0.815326
0.352047
0.94167
0.527949
-0.997806
-0.322744
-0.954762
-1.55349
0.663305
-0.623896
-1.30332
-0.484729
1.45371
-1.03693
1.9234
-0.574614
-1.431
-0.396322
1.09909
-0.494473
-0.16022
0.930538
1.30392
-1.3365
0.366615
-0.543055
0.999651
-0.284358
-1.453
-0.222464
1.67642
-0.152904
0.669115
-0.479432
1.37931
-0.241546
-0.0675626
0.861526
-0.918819
1.2196
1.46678
0.403539
0.0639761
1.1709
0.311627
1.30522
-1.3469
0.331309
-0.454782
-0.739797
-0.00976191
-0.0834152
-0.370318
0.786961
0.0485092
0.452584
0.253495
1.08433
0.881717
1.76177
0.58893
-0.58301
-0.933044
1.4668
-0.700755
-0.74903
0.0651804
0.139165
-0.113852
-0.408466
-1.7247
0.663489
0.113098
-0.529858
-0.162
-0.349485
0.924928
-0.917378
-0.267043
-1.76517
0.0807875
-1.87884
1.12503
-1.02701
-0.666869
1.36799
0.721656
-0.847732
-1.10988
0.11064
0.678302
-1.17849
-1.08471
-0.785925
-0.35012
1.40976
-0.165483
-0.79485
0.921285
-1.21351
1.83728
1.20476
-0.533644
2.10797
-0.263486
0.117007
-1.69338
1.66307
0.0231225
-1.1903
0.582335
0.327556
0.0740392
0.180687
-0.257828
1.14361
0.406972
0.691009
-1.44415
0.672129
0.155281
-2.52853
0.522728
0.100329
-0.906528
-0.271364
0.108946
-0.804734
1.0176
-0.139835
-0.115496
0.594981
-1.17445
-0.632435
-0.581443
0.299018
-1.79918
-0.200138
0.144606
-0.962528
0.724237
-0.0814157
-1.10916
1.03686
0.75325
-2.01067
-0.150396
0.185434
0.485171
0.106508
0.480818
1.73704
-0.759111
-0.0539408
0.31141
0.0715978
-1.1041
0.519012
-0.23994
0.101828
-0.354595
0.0501585
1.52239
1.41855
-0.738168
-0.523043
0.266799
0.779372
0.475301
-1.3012
0.53984
0.0797286
-0.110075
0.512437
1.73607
-0.917267
0.681705
1.1273
0.263755
-2.38089
1.261
0.83136
-1.42681
1.22331
-0.454851
-2.71774
0.215193
0.452711
1.64382
0.81872
-0.853799
0.0316853
1.47039
-0.230222
-1.40979
-1.44412
-0.349461
-1.04811
1.2148
-0.724814
-1.02296
-1.83094
-0.348952
-1.04632
-0.0974479
0.512597
-0.768566
1.16409
0.385108
0.26995
-0.158899
-0.0894161
-1.19334
0.642897
0.144978
0.447791
-0.589584
-0.830536
-1.79156
-0.432065
0.949506
0.953041
0.248597
1.86531
1.08413
0.819839
-0.580635
-1.10163
0.210519
-0.239441
-0.722998
1.07188
0.524555
0.146949
-0.755809
-0.612705
-0.473002
-1.97206
-2.81901
-2.74529
0.828551
1.29802
1.40111
-0.485105
-0.286058
1.29999
0.0115178
-0.0929105
1.59248
-0.629873
0.228681
0.435573
0.0333936
0.117802
-1.52372
2.41792
-0.193309
0.404137
-0.389221
0.986371
-0.628375
-1.5148
1.69141
-0.48471
-0.778814
0.558679
0.615752
0.590318
0.113381
0.264432
-1.79145
-0.472865
-0.0998554
-0.407587
-0.366968
-0.485186
-0.279941
-0.691785
1.14781
1.17133
-0.956498
-1.44796
-0.318372
0.978232
-0.553162
1.47369
-0.868206
0.270576
0.0908708
0.768404
0.825013
0.277999
0.64409
-0.0231195
0.341218
-0.976053
-1.52256
-0.257201
1.00585
2.76035
-0.621496
-0.255245
0.21231
-0.60303
-0.153635
0.152403
0.687291
1.3095
-0.219701
0.5811
0.849576
-0.551115
-1.7666
1.76421
-0.741492
0.194933
1.2527
0.754903
0.384779
-0.497399
0.20309
-0.79028
1.70003
0.491552
-1.07378
-0.622204
-0.184529
0.260459
-1.01785
0.209683
-0.675698
1.12362
-1.43549
0.523319
0.177044
1.62364
1.33731
1.47628
-0.625834
0.932396
-0.246658
-2.03486
-0.487584
-0.0665685
0.0445521
-0.161122
0.412506
-0.0548461
-1.86955
-1.03226
-0.259951
-1.2918
-0.836205
0.0661652
-0.620922
-0.364387
0.405862
-1.36456
0.312412
-0.711396
0.681243
0.192918
1.75704
-0.761862
1.19763
-2.20995
0.56103
0.946146
-0.0343452
-1.49806
0.54965
-0.313517
2.06879
-0.794411
-1.15391
1.34438
0.962731
0.81871
0.623178
-0.0176246
0.0384573
-0.899362
0.620787
1.98127
0.55565
1.42117
0.613783
1.6673
-0.666451
0.473081
0.85751
0.318498
0.229704
1.1221
0.561483
0.0890955
1.23392
0.788106
-0.338243
-0.858033
-0.321411
1.7078
-0.178633
-0.99774
1.81238
-0.454268
-1.14376
-0.465918
-0.44093
-0.618381
-0.496385
-0.344034
2.45268
-0.656065
-0.348562
-0.242184
1.80686
0.046553
-1.04719
0.21943
-0.322173
0.945553
-0.503728
-0.739947
-0.148574
0.433227
0.272132
-0.953888
0.600554
0.705255
-0.299861
-1.13016
-1.75949
-0.826444
-0.432127
0.0563531
-0.505219
0.100913
-0.545192
-0.62409
1.08465
0.38965
-0.0893037
1.01729
0.69984
0.983647
1.09113
1.46194
1.97271
-0.809173
0.24542
-0.205468
-1.3715
0.719718
-1.45978
-0.178736
0.445676
-1.39628
0.0443656
-0.96752
-0.660886
-0.642726
-0.0282428
0.61313
0.545306
-1.11835
1.77981
0.0533703
-0.761204
1.43106
-0.182585
-0.315948
0.155579
1.91335
-0.21207
0.859963
-0.42049
-0.764916
0.853599
2.05401
-0.157857
0.943364
0.28429
-1.76387
1.00804
1.05256
-0.38597
-0.0177692
-1.02096
1.84411
-0.0306759
-1.33438
0.486538
0.871496
-1.59851
1.07101
0.814101
-1.37577
-0.366689
0.270504
0.220823
-0.995631
1.6589
1.05938
0.305229
-0.708791
-0.729525
0.32741
-1.55777
1.45669
-0.779372
2.72843
-0.465997
0.702945
-0.811594
0.287689
0.158712
-0.569364
0.572444
0.952685
-0.031401
1.17057
-1.11194
0.412752
-0.97454
1.22968
-0.795422
-0.324458
-0.617407
0.446423
1.32911
0.719274
1.35303
0.409927
0.28703
-0.721529
-0.806897
-0.622213
-0.402115
1.11708
-1.49424
-0.835553
0.380045
-0.840717
1.35119
0.29705
-1.56632
-1.40305
-0.677417
-0.460403
1.03973
-0.409245
0.337074
-0.504887
-0.0224662
-0.0631015
-0.608696
0.0429652
-0.811347
-0.474792
1.13478
-0.834084
1.21456
0.0160189
-1.50012
0.738419
-0.0180646
1.07443
1.85534
0.323336
-0.0247783
0.811853
0.0660599
-1.09909
-0.536788
-1.30395
0.0263458
0.724148
0.783399
-0.80797
-1.14564
1.36197
-0.922641
-0.93806
-0.95389
-0.55277
-0.835124
-0.235109
0.611051
-0.446653
-0.583604
-0.372663
0.117202
0.436553
-0.165849
-0.213229
1.44926
-0.145181
-0.642784
0.648624
0.259987
-0.424051
0.980587
2.34147
-0.0847827
1.21613
2.22791
0.535503
1.40041
-2.56185
0.480828
-1.44366
0.227763
1.64955
0.0714903
2.4622
0.11893
0.589699
1.32158
-1.20072
0.12395
-2.63458
-0.755224
-1.19165
0.982158
0.316485
-0.753415
0.277304
0.627455
-0.48555
1.55724
-0.216699
-0.35737
1.41543
-0.955917
0.884183
2.41962
0.560114
-1.35317
0.655184
0.456016
0.46191
1.88029
-1.20163
-0.626938
0.0447193
-0.188789
-2.61324
-0.883429
1.02356
-0.273583
0.815624
1.35684
-0.962127
-0.271409
-1.05983
-1.48074
1.30839
-1.55363
-0.153904
0.795174
-0.0111084
-1.3374
0.765342
1.15303
-2.09132
0.182838
0.984735
-1.25955
1.42712
0.627842
1.02679
0.618495
0.183417
-1.77577
-0.428317
-0.592293
-1.43162
1.58757
-0.539879
-0.232936
-0.894919
0.352208
-0.616256
-1.52089
1.67437
-0.868695
0.305264
-0.601648
1.21432
-0.250346
0.809694
-0.278124
-2.0968
0.392721
-0.859524
-0.980255
-1.01575
-0.11452
-1.21131
-0.0952501
1.63293
0.111806
-0.341795
-0.603608
-0.890381
1.14975
-0.246084
-1.18499
-0.8507
-0.0574661
-1.44633
0.518807
0.399951
0.118761
0.0504155
-0.729123
1.55287
0.476057
0.395995
0.250188
1.82496
1.63229
0.490659
0.465786
-1.03202
1.69177
1.58389
-0.449027
-0.0028437
-0.274761
0.389457
0.432664
-0.0750588
-0.52372
-0.0551158
0.83377
-0.427881
-0.220141
-0.0429354
-0.290202
0.72912
-0.109036
1.07102
0.409596
1.95734
-0.128127
-0.848234
-0.977976
-1.56616
1.48039
-0.0890658
-0.245422
-1.22212
0.658479
0.189206
0.139675
0.33365
0.999414
1.59201
1.15593
-0.427235
-1.35975
0.427101
-0.474229
-0.848427
0.327472
1.2309
1.56028
0.77852
1.1036
0.342006
0.672952
0.129727
-1.10882
0.18507
0.205607
-1.41562
0.498627
0.129158
-0.528818
-0.254214
-0.385911
-0.846945
0.734616
-0.801762
-1.25985
-0.115478
-0.140302
0.0168323
-0.775037
0.279598
-0.455578
0.249726
0.290661
-1.42141
-2.16659
-0.36892
0.464336
-0.74814
1.16434
0.285485
0.733698
-0.00693419
-0.345807
-0.370438
0.171078
0.536858
-0.489193
-0.192082
0.715222
0.202956
-0.129717
0.360434
-1.8704
0.68033
0.27032
1.14804
0.653796
0.797307
-0.0321415
-0.473201
1.01358
-0.501224
-0.538124
0.957793
1.06702
0.5935
0.0705744
-1.17651
0.432372
0.662543
1.06037
-1.06363
1.12629
0.69399
0.737152
0.441689
-0.0535478
-0.967716
-0.840828
-1.94237
1.08843
-1.63239
-0.893308
-0.0852264
-1.32992
1.08944
-1.2946
-0.757077
0.516932
-0.600708
1.36733
-0.305524
0.0932541
1.52534
0.940417
-0.525724
-0.190677
-1.14598
-1.12923
-0.59676
-1.1899
-2.11532
0.464141
-1.12246
1.60475
0.222325
1.28663
1.26559
-1.77069
2.27302
-0.560785
1.42067
-0.554785
0.705452
0.272437
-1.19883
-0.356623
0.179777
0.876646
0.135151
0.242516
0.932071
-0.278904
-1.0342
-0.108396
-0.277139
-1.6578
0.24771
0.745863
1.22205
-0.247428
1.54024
-1.26701
0.31828
0.0378592
-0.120385
-0.24172
-0.0660469
0.594443
2.37825
2.6252
0.630443
0.412337
-0.775071
-1.66168
0.513812
0.654295
1.61609
-0.35246
0.447948
0.118854
-0.0273472
0.348779
-1.48873
-0.514658
0.927024
1.00442
-0.100195
-1.37109
1.88748
0.682243
-1.00655
-1.46521
1.98967
1.18051
-0.393642
-0.154623
0.191654
-0.856754
-1.48972
1.97378
-0.203772
-1.04799
-0.473034
-1.53567
-0.48718
-0.539741
-0.0595588
1.57553
0.595796
-0.201017
-1.15544
1.81842
-1.35983
0.193856
-0.85383
0.5617
-0.606648
0.341166
0.177641
0.207006
0.262461
-0.883545
0.16589
1.84181
-0.755741
1.40947
1.1577
1.29788
1.74375
-1.69337
0.306955
-2.47628
-0.446015
-0.343369
1.16509
-1.55638
-0.185048
2.52251
-0.902597
0.987397
-0.170747
0.596314
0.488307
2.2241
0.919375
1.47626
-0.0111664
0.581986
0.968727
0.153602
0.454682
0.142454
-0.639345
0.816852
-0.233796
-0.038371
-2.30247
-1.34178
-0.811458
-1.29088
0.581439
0.38733
0.684512
-0.0597022
0.188325
2.17156
0.803536
0.39081
0.336058
-0.251272
-0.483213
0.596766
0.391869
-0.945217
-1.19629
-2.35751
-0.629012
-0.37174
1.01159
0.900554
0.119472
0.75499
-0.743262
-0.140761
-0.941279
-2.09301
-2.56931
0.24424
-0.129327
0.455731
0.289983
1.345
0.936336
-0.826358
-0.415012
-0.528364
0.95135
0.465186
-0.542429
0.0232608
0.580294
0.200146
-1.05346
-1.43631
-0.826943
-0.293325
-1.10215
-0.683214
-0.295562
-1.1137
0.0674146
-1.63077
1.25962
1.24646
-0.717595
0.697435
0.407989
-0.344256
0.212266
1.76435
-0.242849
-0.931976
-0.381977
0.537993
-1.23345
-0.00419325
0.01979
0.45039
0.907519
0.70526
-1.23579
-0.610455
-1.00899
0.417062
1.01372
-0.297039
1.14939
-0.513373
-0.0568101
1.05257
0.22433
-1.15415
-0.494097
-0.4307
0.701437
-1.82945
-0.384851
-0.0268591
2.31605
-1.56032
0.763209
-0.513216
0.504669
0.465021
0.942173
0.308467
1.0674
-0.807348
0.446242
0.432898
-0.61728
-0.719862
-2.8328
0.261286
0.800895
0.609697
-1.0161
-0.710168
0.297247
-1.07565
1.3803
0.630597
0.257502
-0.978909
-0.484068
0.0589682
1.24707
1.60212
1.18769
1.52924
0.574615
-0.591762
-0.49815
0.234566
0.552888
-1.23585
0.528758
-1.43445
-0.0354046
0.587421
0.812466
-0.157139
0.445513
-1.77955
0.0693938
-1.60789
-1.52867
-0.289386
-0.272475
0.309865
1.75823
-0.909641
-1.79704
0.555515
-2.13175
1.41304
0.796429
-0.204366
-0.785141
0.698485
-1.04719
-0.0930988
0.312608
0.773878
0.407169
0.102072
2.38781
-1.3489
-0.572135
-0.206612
0.745766
0.53381
1.08577
0.848549
-1.32226
0.0468639
0.294857
-1.1363
-0.609031
-0.90948
0.104068
-0.266924
-1.12622
-1.8928
0.891323
1.24478
-1.13443
0.0859967
-1.6953
0.0887604
-1.11665
3.00812
-0.0733555
0.38802
-0.834425
-1.69175
1.75224
1.37449
-1.04297
-0.710638
1.15437
0.0254133
-1.25641
0.00979486
-1.9898
-0.626115
-0.598918
0.099985
-0.645763
0.0895878
1.26758
-1.4195
-0.00942451
-0.396407
0.597715
-0.617654
-2.00023
-0.479925
0.23328
-1.06569
0.37783
1.31006
-1.35437
0.394212
-1.6156
0.366176
-0.843331
-2.30545
1.69472
0.838824
0.0894493
0.178238
-2.07941
0.342691
0.34235
0.799493
1.31665
0.270544
-0.302729
1.59835
-1.08335
1.18662
2.26852
0.163496
-2.33525
-0.234565
-1.57801
-0.343797
0.68873
2.10611
1.32232
0.00363739
-1.68237
-0.307339
-1.52945
0.00174762
0.340367
-0.435332
1.36674
0.246821
0.304086
0.136427
-0.42759
-0.331253
-0.53288
-0.415348
0.413102
0.327022
1.26311
-0.4232
1.51256
-0.426945
1.03695
-1.21624
-1.14283
1.0227
0.489383
-0.0331395
-0.313379
-0.554878
-1.26929
0.707917
-0.544895
-0.472129
2.77132
-0.765792
0.0813265
-0.630898
0.0560937
-0.098586
0.425101
-1.24166
1.17246
-0.486523
1.39643
-0.145863
0.355088
-0.0904807
-0.568918
-0.475761
0.79031
1.36948
-0.617916
0.0508317
-0.816264
0.0132722
0.324765
-0.994092
-1.23347
0.640547
0.0350158
0.163487
-0.535294
0.747496
1.4547
0.921204
1.04938
1.39173
-0.475223
0.758331
0.592471
-0.999849
0.433074
-0.631246
-0.101225
1.19928
0.5409
-0.385389
-0.126225
0.619915
0.420889
-0.153614
-0.796455
0.938799
-0.218079
-0.349866
0.0239186
-0.819933
-0.162582
0.079856
0.307099
2.22778
0.544098
-0.615955
1.12615
-0.639682
0.161131
0.472102
0.788569
0.43993
-1.40533
-0.0576384
-1.26265
1.91881
0.566098
-1.19751
0.0401405
0.0404012
-0.299957
-2.16542
0.125262
-0.567839
-0.0983571
-2.03198
1.22449
-1.2065
-1.43375
1.58631
-0.0889345
-0.434446
0.731533
-0.217131
0.615067
0.92678
1.79186
-0.406018
0.0652081
-1.68125
0.836958
-0.731321
1.7958
-2.68166
0.015828
-1.11629
0.0548528
2.25578
1.41827
0.337303
1.42615
-0.445833
-1.9975
-1.58403
0.803799
0.685001
-0.681701
-0.758216
-1.50672
0.0739313
-1.11664
-0.220267
-2.12366
-0.0771752
0.0786454
0.258859
1.44833
-1.23754
0.36249
1.99762
-1.28714
-1.90568
-1.14056
1.59738
-0.869831
1.44187
-1.73433
-0.473265
1.56406
0.472161
-1.03057
-0.83401
-1.873
-0.566564
0.521702
-0.020988
0.311381
0.269925
0.408122
-0.89291
0.784305
-1.46834
-0.131692
-0.237566
0.738148
-0.153286
2.34999
-0.777825
0.596962
-0.898775
0.673464
-0.581661
0.910646
-0.350824
0.106885
-0.0821957
0.0825365
-0.662769
-1.00188
0.385308
0.409185
-0.0936045
-2.19325
-1.56157
-1.52122
-0.638803
0.73389
0.419563
1.95661
0.262626
0.321281
1.21125
0.272097
-0.40421
0.164253
0.498364
1.33757
1.24179
0.624037
-1.29702
-1.39495
1.72389
-0.309792
-1.00204
0.0751134
-0.249343
0.0584797
1.07424
0.286799
0.442549
0.50331
2.6454
-1.95982
0.440888
0.83307
-0.232386
0.682024
-0.873322
0.119702
0.864858
-0.0967319
-0.95321
-0.917186
-1.28226
-0.395512
-0.981013
0.364683
-0.688499
2.88883
1.2675
-1.15607
1.04627
0.876615
-1.35637
-0.23135
-0.885936
0.672662
-0.338706
-0.397224
-1.55036
0.713368
-0.824133
0.029378
-0.881413
-0.314543
0.654305
-1.95575
-0.558347
0.355001
-1.17452
-1.50558
1.2581
0.600596
1.13813
0.63188
0.165989
0.274348
-0.0456441
2.32485
-0.133951
-1.0125
1.00655
-3.89129
0.234529
0.10811
-1.87805
-0.506742
-0.343061
-0.112099
0.724736
0.441681
-0.0540434
-0.235863
-0.642494
-0.547397
1.11271
-1.13011
0.985146
-0.570943
0.0192479
1.16979
0.367444
0.134633
0.15239
0.113613
-1.95517
-0.990665
-0.135807
-2.58514
-0.635667
0.458387
0.526325
1.67432
0.603798
-0.784726
-1.16824
0.0759931
0.830514
-2.09529
-0.131983
-1.25977
0.729043
1.08797
-0.724863
0.394559
-0.911342
-0.863867
1.5605
0.799227
-0.865408
0.919657
1.16551
-0.76846
-0.537383
-0.873992
-0.515814
1.1723
0.859851
-0.667657
-0.485829
0.276314
0.00892239
-0.0960342
-0.47973
0.624994
-0.807575
-0.560739
-1.57321
-0.243614
-1.00456
-0.48401
-1.56069
0.698044
0.465128
0.688584
-1.08446
1.87914
0.893527
-0.501747
-0.831524
-0.900574
-1.91735
-0.330871
-0.396053
-0.161388
-0.550366
-0.937401
0.309837
-0.00640143
1.97963
0.920356
1.92633
-0.606948
-0.161832
-1.12017
-0.307533
0.863568
-1.28839
-0.21966
1.28258
0.808915
-1.18053
-0.57826
1.26881
0.144654
0.0146943
1.02518
-0.207346
0.447281
-2.12851
0.221059
0.440208
0.632368
-0.897367
0.382106
2.06025
0.834697
-1.45253
0.724361
1.33064
1.90984
-0.545501
1.21485
-0.498562
0.503095
-1.04998
-0.364914
0.348172
-1.41655
-0.914757
-1.58869
-0.442855
-1.69314
-0.543927
-0.447787
-0.641558
-0.212184
0.574596
-1.80078
-2.13236
-1.6205
-1.72245
-0.785511
0.422876
0.916591
-0.141599
0.805102
1.78433
-1.18167
0.451413
-1.40608
3.15052
-0.899519
-0.0079952
-1.00915
-0.93478
0.395735
-1.55746
1.31972
-0.439746
-0.278085
0.468271
0.517026
0.965089
1.26767
-1.37779
-0.0909424
-2.08312
-0.987922
0.532688
-0.217464
-1.42941
-0.0661981
0.536054
-1.05701
2.00036
0.855076
0.904401
-1.1107
0.558842
-0.237266
-0.20816
-0.247438
1.12759
0.703484
1.15355
-1.07283
0.95999
-0.579447
-0.744927
-0.418068
-0.00604504
1.48292
-0.530615
0.206112
1.17132
0.157337
-1.52581
2.2873
1.36997
-0.941028
0.242129
1.62788
-0.105683
-0.0902153
-1.36981
-0.42526
-1.69366
1.70223
1.32677
1.03143
-1.19838
-0.398421
-0.271164
-1.2191
0.00641907
-1.03779
-1.31838
-0.840968
0.152291
-0.703861
-0.524437
0.694266
-0.865622
-0.774047
-0.0727188
-0.0810959
-0.789528
1.05134
-0.540893
0.75008
1.0158
-0.753219
-1.77028
2.02451
1.79895
0.756074
0.725157
0.264555
0.258183
1.42054
-0.85318
-0.597289
2.27819
-1.10102
-2.27962
0.962882
0.276738
-0.0792859
0.924495
1.14599
-0.168201
-0.159845
-0.575473
-0.491088
-0.0637474
1.06867
0.36279
-0.700059
-0.141161
0.012275
-1.1238
0.73762
3.43986
0.59605
-0.954211
0.633583
-0.712545
-0.493433
-0.54798
-0.713703
-0.219966
0.6754
0.593695
1.3479
-0.0785439
0.665607
0.434218
0.298369
0.662901
-0.328263
0.0927523
-0.773619
-0.0241023
2.53077
2.86396
-0.525621
0.278805
-1.24352
-0.933595
-1.5371
-1.61987
-0.305895
-0.393897
0.657988
1.74436
1.81987
-0.160987
-0.427808
0.290933
0.108894
-1.26977
-1.21977
0.302907
0.696979
1.36934
-1.4129
-1.39913
-0.436431
0.877887
1.15817
-1.23834
-0.475411
0.121957
-0.879694
0.622266
0.905912
0.628338
0.294748
0.531614
-0.386534
-0.338009
-1.32701
0.181983
0.14126
-1.70154
0.122711
0.90669
-0.326004
-0.95956
0.0680614
-0.967572
2.1017
-0.0763669
-0.539039
0.897958
0.801827
-0.807602
0.864618
0.466316
-2.08437
-0.595482
-0.952553
-2.75468
1.72239
-0.214206
0.315037
-0.779681
-0.959222
1.49532
0.626772
0.359709
1.2457
0.0906758
-0.548237
-1.23316
-0.833665
-0.792517
1.25792
1.12925
-0.344377
0.46774
1.39164
0.0569998
-1.32176
-0.0043795
-1.00505
1.17049
0.94646
0.772006
1.51717
0.884966
0.0911189
-1.59845
-0.262869
0.398335
0.208315
-1.16274
0.473799
0.289453
-0.28639
1.33398
-0.891712
0.111785
0.622126
-0.691031
-0.827206
-1.71553
0.214787
-0.919261
1.21923
-0.303598
1.40777
1.57537
-0.913294
-0.0328849
-0.684732
-0.237008
0.884291
-0.482509
-1.48459
-0.557522
0.843254
-1.22373
0.47332
-2.18129
0.705392
-0.743749
0.754813
0.913568
-0.654072
-0.334613
0.95444
-2.4983
-2.03805
1.44147
0.371822
-1.39622
2.48746
0.517756
0.522191
0.132037
0.297339
0.645002
0.115534
-0.430688
-0.675933
-1.72534
-1.90021
-1.86868
0.343067
0.0711186
0.620644
-1.22972
-0.12735
-0.442884
1.01044
1.491
1.00131
0.519266
-0.126682
-0.885436
-0.916616
-0.881399
-0.971193
0.440714
-1.63457
1.56463
1.286
-1.51011
-0.0158663
-0.693006
0.79948
-0.0052608
-0.192004
-0.91983
-0.246023
-0.570576
-0.797902
-0.114811
1.86358
0.470431
-0.367214
0.482154
-1.97468
-0.0672682
-1.21442
-0.76409
0.149305
-0.0807339
-0.0470401
1.19007
1.06643
-0.854081
-0.294232
-0.258094
0.289221
0.263709
-0.91355
-1.60009
0.274685
-1.52554
0.287617
1.31989
-1.66047
-0.939473
-0.62678
-1.41293
-0.316356
1.92084
-0.310747
0.0517101
-0.636536
1.05408
-0.305563
0.548441
1.4144
0.428639
1.10457
0.564653
-0.753628
-0.336238
0.608454
0.222443
1.00111
0.898519
1.08281
0.30824
0.290915
-1.22586
1.95235
-1.09045
-0.409348
0.714028
0.835771
0.85167
-0.484009
-1.04818
-0.489701
-1.37612
0.124114
0.485917
0.509027
-0.329639
-0.600292
-0.227694
-0.333393
-0.852897
-1.4671
-0.253158
-0.786557
-0.600843
-1.08366
-0.679853
-1.14748
0.616042
0.412826
1.5386
-1.01116
-0.313244
1.14107
0.104312
-0.7477
1.16055
-2.06882
-1.2565
1.14133
-0.0685052
-0.739377
0.147792
0.812551
1.25086
-0.732478
-0.363565
0.821728
-1.89881
-2.46846
-0.237409
-0.300373
2.07154
0.156185
-0.784961
0.989491
-2.00872
0.163046
-0.575781
0.635753
1.83467
-1.70178
-0.72544
1.48906
-1.29524
-0.547379
-0.374175
-0.597289
0.649184
0.611773
-0.18839
0.983234
0.0194619
0.784478
-0.378058
-0.602608
1.10614
-0.547435
-0.246348
0.451353
0.618367
-0.78359
-0.122187
-1.45447
-0.113841
0.881037
-0.459453
0.745369
-0.581091
0.460551
-2.25408
2.16641
-0.223668
0.35907
0.136199
-1.41336
2.38937
-1.27989
0.372953
-0.083083
0.41908
-0.0198272
0.641568
0.617187
2.17809
-0.70411
-1.19609
-1.02102
-0.180712
1.65492
-0.256738
-0.585769
-1.03723
0.552488
0.118026
2.17107
-0.46638
-0.413649
0.108772
-0.266887
-1.48125
-0.216021
0.458397
-0.524649
-0.0121052
-1.01931
0.635098
-0.612684
0.13789
-0.849751
-0.25267
-0.0769959
0.576082
0.0925599
-1.28715
-0.478374
-0.792825
-0.435216
-3.07549
0.0903437
0.409139
1.5641
-1.82336
-0.920265
1.01722
0.972195
-1.87204
0.28094
1.28134
1.69338
-0.192741
0.630154
1.81869
-0.283457
-0.898015
-0.420568
-0.833016
3.09296
-0.270154
0.918458
1.04319
-0.901409
-0.680643
0.657534
0.634995
-1.0034
0.677465
-0.538862
1.84132
-1.84331
0.67305
-0.107846
0.841242
-0.498722
0.617251
1.39829
0.901206
1.96749
-1.50408
0.146479
0.17853
1.95326
-1.77806
0.875188
0.418414
-0.0432223
-0.329791
-1.91056
-0.0776668
-2.66314
-0.868864
-0.990971
1.57199
0.534598
0.804885
0.560003
-0.96976
0.623474
0.220819
0.186339
2.34232
0.116019
1.89408
-0.276185
1.04964
-0.537263
-1.44439
1.27568
1.2693
-0.0815688
-2.16486
-0.568473
-1.59565
-0.2445
0.0713625
-1.46976
0.936094
-0.918397
0.490262
-0.133946
1.7965
1.28501
-0.833474
-0.0695762
0.517345
-1.21943
1.5922
0.396152
-2.01397
1.81697
0.38185
1.40662
-1.89738
0.607712
0.697738
1.11611
-0.251456
-1.82624
-1.18421
0.173364
1.24907
-0.0184877
-0.667705
1.59977
0.400291
-0.395934
0.955268
-0.788827
-0.460901
-2.33699
-0.89124
0.569653
0.51536
0.691172
-0.951105
-0.926905
-1.39678
-1.67251
-0.536297
-0.478201
0.0835362
0.710754
0.555587
0.33531
-1.24883
0.139127
1.10102
-0.851985
-0.749281
-0.510136
-1.12254
1.35158
1.01313
-1.2639
0.616203
0.638858
-0.990189
-0.948375
-1.16562
-0.135673
-0.251799
-1.34879
-0.755714
-0.599511
0.00784477
0.161428
-2.09494
0.178633
1.08503
1.27302
0.252947
0.21835
-0.860601
-0.62538
-0.108684
0.748408
0.474645
1.95183
-1.15274
-0.0879705
1.08837
-0.834467
-0.844134
0.101026
0.377471
0.65988
-0.472234
-1.03654
0.817901
-0.121159
0.763801
-0.708326
-0.0644029
0.253805
-1.17874
-0.178686
-0.981066
0.393603
0.853952
-0.390979
1.53509
-1.78881
-0.301632
-1.18852
-0.179375
-1.55156
3.23241
-0.36614
-0.520913
0.0385027
0.838387
-0.110421
0.710856
0.347992
0.055239
0.871904
-0.736495
2.78811
0.167393
0.422121
1.81552
1.07479
-0.395013
-1.61994
-0.564078
-0.694347
-0.840825
2.56129
0.998679
-1.29315
1.90026
0.674251
-0.458331
-0.949557
-0.771859
-0.649371
0.66499
0.989307
2.18633
0.582653
0.574219
3.32871
0.752435
-1.46854
-1.82514
0.435914
0.420778
0.365408
1.34781
-2.69919
-0.0846928
-0.785772
0.876477
-0.392392
-0.660667
-0.764348
0.120701
1.90182
1.13349
1.35466
-0.33974
-0.467052
-0.415113
1.27269
0.512791
-0.321708
-0.0494738
0.21955
-1.05553
-0.971139
-0.0317348
0.0626171
1.03821
0.318756
-0.223596
0.303396
1.31183
-0.911478
0.0335197
-1.16355
1.42996
-0.344661
0.96685
0.850702
-0.696032
1.32632
-1.53172
0.858756
-1.19312
1.00082
0.33042
-1.13042
1.48327
-0.64591
1.11511
-1.13584
0.413651
-0.227913
0.0129449
0.970064
0.353335
-0.909905
-1.65066
-0.436635
-0.310759
1.21806
0.522836
0.049311
-0.206321
-0.3072
0.921258
0.718106
1.07787
-0.285336
1.56357
0.422795
-1.10731
0.149116
-0.973287
1.47168
1.25204
0.597482
-1.01514
-0.916577
0.486976
-0.550764
-0.067023
-0.794084
1.37101
-0.659846
-1.10408
-0.377821
-2.03465
-0.763361
-0.513198
-0.985678
-0.247219
-0.328292
1.14278
-2.45569
-0.59582
-0.579826
0.275683
-0.729573
-0.31203
0.156973
0.174001
0.508107
1.48636
0.0709111
-0.887948
0.626386
0.203271
0.908915
-0.86956
0.34683
-2.08542
-0.141446
-1.04075
-0.740616
0.38921
-1.48138
-0.56425
-0.243164
1.12895
-3.36485
0.759718
-0.863917
-1.29339
-0.388215
0.464054
-0.311378
0.830281
1.90836
0.464646
0.728915
-0.744533
-0.612
0.949322
0.525714
-1.04452
-0.213649
0.920585
-0.113677
1.39186
1.2432
1.34612
0.69644
-0.523239
2.1269
-0.60006
-0.270139
0.524073
-1.38672
0.378374
2.48473
0.464793
0.299255
-0.00644991
0.82992
1.45596
1.25688
-2.54912
-1.15549
1.66302
-1.35015
0.336253
-1.10187
-1.75108
0.0707423
-0.0304861
0.631937
-0.533272
1.75054
-2.10487
-0.723734
-0.0422462
-0.251526
1.81335
1.88633
0.707397
-2.39549
0.668524
0.0234644
-1.13972
-0.147648
0.905011
0.268248
-0.708462
0.348712
0.723967
0.690792
-1.02362
0.762889
2.11929
-0.38099
0.525302
0.71927
-0.0193709
0.274557
0.286532
-1.50655
-0.807048
-0.19354
0.99527
-0.858462
0.99587
1.70362
-1.27625
-0.219887
-0.326884
-0.0713909
-0.22452
1.33326
0.128728
1.03253
0.399458
-0.120556
1.44626
1.89735
-0.279654
-0.444823
0.840017
1.19157
0.464144
-1.13177
-0.482929
0.206856
-0.0153217
0.395248
-0.0958876
-0.0332165
1.06521
0.885627
0.175658
0.818608
0.46309
-1.45673
-0.775309
1.43916
0.760844
0.839665
0.559765
-0.840445
0.893683
-0.894258
-1.74597
2.01804
-2.12676
1.39529
0.474252
-1.12346
-0.949019
-0.101625
-3.10417
-1.41996
-0.25909
-0.639468
0.983916
-0.230357
-0.751245
0.151378
0.28258
0.98982
1.93268
0.77789
-0.0513772
1.51802
-0.0990706
1.36793
-1.10037
-0.765501
-0.139594
1.44022
0.400308
0.146435
0.62407
-2.5443
0.852319
1.14031
0.28093
-0.240634
0.888938
1.18317
-1.51346
-1.44628
1.04367
-0.948723
-0.117488
-1.37887
-0.025907
1.70872
-0.274261
0.314103
0.422965
-0.409004
-0.815611
0.908012
-1.0548
1.402
-1.61181
-0.0650641
-0.785163
-2.01595
0.417448
0.41427
-0.667064
1.42573
-0.132132
1.11315
1.22799
-0.146251
0.452231
-0.856132
0.0143903
1.29681
-0.427458
1.7598
1.5889
0.210508
0.596049
1.52172
-1.35218
0.503796
-0.359676
0.609615
0.915303
-0.709236
0.569574
0.611894
-0.801555
1.5218
-1.78577
0.814745
1.03062
-1.19567
-0.523803
0.745419
0.14267
-0.313902
-0.239603
-0.878801
0.252117
0.100952
-1.98691
0.233706
0.697713
0.130015
1.91373
0.102841
-0.0411631
-0.623638
-0.619708
0.846864
0.831583
-1.2706
-0.593213
-0.891107
-1.16756
0.510252
-0.0161781
-1.18115
-1.64128
-0.650685
-0.558694
-0.752602
-0.782566
-0.120992
0.372254
-0.464616
-0.176141
-0.111894
0.795806
-1.65199
-0.735917
-1.06013
0.054329
-1.04742
0.0300926
1.3015
1.11984
-0.198635
-0.13061
-1.77091
-0.756968
-0.577482
-0.651663
-0.0906843
-0.212864
-0.523484
0.305294
0.0767314
0.404438
-0.890049
-1.10745
-0.762165
-1.28486
-0.420215
-0.52777
0.0212726
-0.87792
1.45971
0.26198
0.0959867
0.493294
0.61887
2.51901
-1.21001
1.73398
-0.727613
0.138465
-0.491403
1.23014
0.580742
0.140264
0.26563
0.0818118
2.2748
0.493689
0.499149
0.264573
-0.45324
-0.403471
-2.0709
0.655587
1.293
-0.0373205
-0.316421
-1.19374
-0.537131
-1.70542
0.0652232
0.18627
0.367038
-0.653365
0.924281
2.36894
-0.948793
-0.088095
1.38831
-0.256867
-1.21377
-0.679814
-0.420834
-0.00142964
-0.500921
-1.95184
1.47593
1.04086
0.299661
0.0999261
-1.642
0.157559
0.0991253
0.302322
-0.597706
0.767108
1.80276
-1.10286
-0.62296
0.0029403
-0.0134789
1.2344
0.766301
0.129091
0.799987
1.53774
0.222812
-0.58299
-1.60739
-1.00747
0.100417
-1.12688
-1.41937
0.274057
-0.468058
-0.808864
-0.667306
0.419839
0.54961
0.612692
-2.06144
-0.34063
0.570412
0.606591
-0.991077
1.6568
-0.376131
-0.370315
1.40099
0.598328
-2.28054
0.65006
0.736794
-0.333285
0.298664
0.0863837
-0.484172
1.16142
0.966518
2.15698
0.258823
-1.59707
-0.0402056
0.413516
1.2023
-0.0432067
-0.913615
0.89195
0.436774
0.120052
1.19199
-0.771968
-0.243846
0.935753
-1.79998
0.97908
0.356922
0.850396
-1.71435
-1.36544
0.186084
0.323702
-1.04651
-1.0131
0.510668
0.688251
-0.467868
0.259567
0.58025
1.37304
-2.45666
0.711262
-0.676044
-0.035009
1.02964
-0.224881
0.232328
1.0922
1.4838
0.293793
1.53176
-1.56934
0.286514
-0.0588083
-0.942615
-0.414929
-2.53208
-0.409457
0.438996
0.170223
0.188513
-0.603277
-1.36838
0.587855
-0.670978
-0.701112
1.14372
-0.457639
0.378984
0.320573
0.131965
-1.57487
0.109795
-0.66528
-0.468282
1.38534
0.265827
1.13847
0.298001
0.921708
-1.45099
-0.0612242
-0.191862
-2.31686
-0.951073
0.366189
0.657267
-0.124354
1.33556
-0.239841
-1.43521
-1.02025
0.429628
-1.74547
-0.0301991
0.690995
-0.605452
0.956711
-0.513836
-0.362694
0.754552
0.633893
1.45006
2.16983
-1.43209
-0.990396
0.976056
1.78231
-0.361135
-0.280485
-1.29347
-0.0242659
-1.01184
1.63274
-0.626213
1.83771
1.2404
1.39921
-0.519086
1.83794
-0.305801
0.576901
0.712678
-0.182913
-0.353725
-0.571674
1.02671
1.92836
0.123446
0.895178
-0.129579
-0.98204
-0.293442
0.268283
0.0478186
-0.29608
-1.32698
-1.10236
2.36962
-0.620741
-0.178781
0.346039
-0.43707
1.35505
1.40042
0.719976
-0.778961
-1.57984
-0.487536
-0.141135
-1.50597
-0.532269
-1.13303
0.158916
1.28312
0.360431
-1.23879
1.11829
-1.38526
-0.323219
-0.688636
0.304306
-0.429928
0.106127
-0.832753
-0.180882
1.37476
-1.33449
0.863014
-1.77767
0.414999
-1.42215
1.10944
1.34968
1.34504
1.31163
-1.48385
-0.0652282
-1.23881
-0.875396
0.776697
-0.618799
-1.63726
-0.425144
1.57675
0.429798
-1.38484
-1.34318
-1.34199
-1.75469
-0.0863542
-1.84913
0.856161
1.18749
0.441012
-1.15551
1.04958
-0.316366
0.14673
-0.691558
1.24662
0.66404
-2.32789
1.50419
-1.87742
-0.216733
-0.672626
-0.412871
-0.591749
-0.25079
-1.34625
-1.04061
-0.803517
0.393495
0.127346
0.761698
-0.620203
1.45347
0.126653
-1.01273
-0.672931
0.927135
-1.12481
-0.106908
-0.980634
-0.235821
-0.716303
0.562921
-0.150019
-1.99287
1.23811
0.3344
-1.0185
0.995515
-2.02669
-1.54997
0.628353
-1.49163
-1.41312
1.83448
0.607568
0.674604
1.16912
-0.335569
0.785444
-0.683934
-0.0221751
1.86014
1.22126
-0.0118376
0.426069
-1.03602
0.861045
0.162728
-1.6225
0.472344
-1.08639
1.14145
0.33057
1.13896
-1.0919
0.292489
1.18396
0.990765
1.77318
0.602683
-0.4559
1.36442
0.555505
0.948521
0.855288
0.538428
1.51182
-0.104868
0.821334
0.0198048
0.0141524
-0.601391
0.813731
0.319106
0.168513
1.69319
1.61553
-0.407749
0.138087
-0.0558186
-0.194357
-0.253805
0.530131
-1.23069
0.512433
-1.06832
-0.339941
0.40185
0.761139
-0.151843
1.55145
1.32969
1.00687
0.308115
-0.00928443
0.749904
1.63115
2.29651
-0.0752403
-0.597831
0.113092
-0.244613
0.621871
1.12103
1.68278
-1.78991
-0.454307
-1.3541
0.705938
-0.781954
-0.644873
-0.486487
0.139809
-0.356499
-0.000172646
-0.25642
1.91498
1.32922
-0.863417
-1.13998
-0.650562
1.6766
-0.799519
-0.927024
0.437013
1.61973
-0.387008
-0.360814
-1.24871
0.484136
-0.165803
0.898139
-1.05897
-1.63339
1.05518
0.732701
0.61615
-0.899322
1.59564
1.01441
1.15752
-0.919211
-0.0538406
-0.0934673
1.49712
-0.571499
0.0374538
1.83832
1.54584
0.0103959
-0.822942
1.23073
0.599276
1.17273
0.136165
-0.0813878
-0.511642
-0.628516
0.0864881
-0.557762
1.27065
1.03446
-1.28633
0.140221
0.714472
0.731048
0.451697
0.849764
-0.523937
1.33221
-1.06718
-0.589983
1.25028
0.827927
1.05487
2.15853
0.304326
-0.34605
2.38128
-0.298639
-1.5433
1.80369
-0.258198
0.388899
-0.623596
1.9603
0.358903
0.832342
-0.689288
1.24499
-1.64833
0.0954752
1.77927
-0.515416
-1.24175
-2.12537
-1.02733
-1.19359
-1.16879
0.555226
-1.20227
-0.217831
0.445233
0.124437
-0.777457
1.5804
-0.252512
0.26023
0.759314
-1.89558
-0.636095
0.0667824
1.4526
-0.028169
-1.25862
0.993745
0.258724
1.15287
-1.01752
-1.27488
2.55223
-0.411673
0.598681
0.0869082
-0.710288
0.465146
-0.0870786
-1.40218
-0.000561057
-0.475282
-0.163599
-0.730625
0.157667
0.984532
0.00593175
0.702065
1.63481
1.63146
1.51304
-0.327985
0.351363
-0.886344
-0.0989708
-0.489759
0.620047
-0.0507119
-0.448707
0.0158905
0.349941
1.04902
0.276206
0.532436
-1.08624
-0.0230137
-0.746894
0.685202
-0.918499
-0.0714636
0.731306
-1.73132
0.0931225
0.0903769
0.134217
-0.756631
-0.719043
1.81742
-0.346841
-0.0834784
0.961744
-2.06744
-0.405798
0.243534
0.381316
0.622274
-0.757473
-0.249768
0.281462
0.87224
-0.200143
-1.78885
-0.170136
0.241955
-1.3517
-0.61013
0.958824
0.16594
2.48056
0.294205
0.236725
0.288591
-0.495657
0.254418
0.0599116
0.0637983
-1.39814
0.18892
0.0978017
-0.00122345
0.940784
1.67969
-1.14857
-0.816759
1.60324
-0.81774
0.32319
1.10467
0.776443
-0.612456
-0.353018
-0.459956
0.937178
0.436606
0.190287
0.59732
0.809991
-0.711043
-0.550097
-0.162453
-2.47925
0.462648
-0.703129
0.0211842
-1.50303
2.06582
1.82926
0.797335
1.00689
-0.0513843
-0.913024
0.695812
2.4719
-0.57021
-0.868548
0.429871
-0.381325
0.585229
0.119906
0.439717
1.03875
-0.179491
-1.43468
0.264155
-0.0711536
-0.651792
-0.990248
1.34769
-0.624693
0.230127
-1.54711
0.0643532
0.796476
0.0423397
-1.42415
-1.04987
-0.301652
0.452753
-1.15832
-1.32063
0.124926
0.133881
1.1408
0.0773726
-1.60363
-1.3268
1.60385
-0.294729
-0.202808
0.450671
0.540438
-0.97089
0.783664
-0.185656
0.497908
-0.0627281
0.783639
-2.0775
-0.499906
-0.140786
-0.671231
0.605275
0.456777
1.79424
-0.320182
-0.109219
-0.743091
-0.368171
-0.575146
-0.762493
-0.0416622
-0.587146
-0.828517
1.83754
-0.078145
-0.131935
-1.31083
1.39892
0.151844
-0.0687422
0.607628
-2.11617
1.98102
0.231237
0.28175
0.352494
-1.43534
-2.27935
0.320665
1.5482
-0.257866
-1.74487
0.460263
0.387654
0.199141
-0.941743
-0.177665
1.58414
-0.901006
0.265801
-1.79601
0.0425539
-1.17121
-0.201329
-0.160449
1.06686
-0.84816
-1.1447
0.0641818
-0.0459718
-0.960896
0.632409
-1.59943
-0.766027
0.552358
0.214564
0.954582
0.436202
1.14351
0.848006
-0.638939
-0.31362
-0.261707
-1.72404
0.364942
-1.75976
-0.978357
-0.19342
0.896967
0.540891
-0.360979
-1.02009
0.546589
0.151343
-0.475138
-1.0961
-0.613875
0.737012
1.06092
0.873232
-1.0688
-0.460849
0.954832
2.89359
-0.799451
-0.93438
-1.19357
0.841079
-0.510049
-1.65898
0.653749
-1.49785
0.429545
-0.870153
-0.199025
0.827472
0.795419
0.428591
1.03464
-0.984876
-2.35465
-0.438011
-0.875078
1.03658
0.61888
0.355592
-0.0152058
-1.55978
0.147739
-2.51431
-0.521463
-0.963172
0.659531
0.384422
1.70566
-1.32586
0.0828911
2.032
1.39937
1.00856
1.12402
1.57273
0.170544
0.236558
0.913005
-0.591856
0.544167
-0.171487
-1.09062
1.4373
-1.24303
-1.6462
1.0947
0.313654
-0.815751
1.06343
-0.941147
-0.00291554
1.12883
-0.0976976
-0.120483
1.23895
-1.24819
0.330973
0.620395
0.535115
0.97106
2.40175
-0.28631
-0.692191
0.478128
0.325067
1.04718
-1.53249
0.0791371
-0.61553
-1.08432
-0.0251948
-2.39485
-1.17836
-0.543493
0.386474
-0.589953
-0.138294
1.70468
1.05172
-0.141999
-0.170054
-2.48178
-0.0810675
-0.327
0.751607
1.66276
-0.3581
-0.072625
-0.226359
-0.440206
1.01571
0.0792958
0.185209
0.0327179
1.19546
-0.71682
0.843935
-0.143161
0.599876
-1.1898
0.732228
0.416479
-0.604347
0.296237
-0.807245
-0.0036182
-0.0646446
1.30324
0.359537
-0.895411
1.33497
-1.24044
-1.1238
0.997067
-0.38833
-0.543376
0.397847
-0.0277973
-0.285411
0.478725
-0.107912
-2.8353
1.29227
0.954424
-1.75981
-0.496173
0.48409
0.755602
0.129087
0.512384
-0.154467
-1.84754
-1.35161
-0.101375
-0.929757
0.0945103
-0.894609
-0.76194
-0.114471
0.644026
0.148635
-1.01895
1.11988
1.29011
-1.22809
0.201714
-0.87634
0.25453
0.408627
-0.103434
-0.198178
1.12906
0.467706
2.24688
-0.663416
0.399511
1.06526
-0.22318
0.438444
-2.4021
-1.54833
1.40525
-0.688538
-1.34335
0.333966
-1.47703
0.979273
0.744204
0.919516
0.616642
-1.21761
-0.204529
-0.228936
-1.15304
-0.0602389
-0.683449
1.46069
-1.43317
-1.35098
0.895082
-1.46315
0.630557
0.121421
0.1719
-0.69717
-0.398769
-1.21481
0.566707
-0.173329
0.343645
0.337638
-0.511706
-0.502945
-0.337581
-0.055346
1.84384
-0.447401
0.440121
-0.737929
1.9795
-0.128649
0.653942
-0.647607
-0.309739
-0.490413
-0.25599
0.372653
-0.694961
-0.296469
0.389128
-2.09926
1.14659
1.90351
0.0649514
-1.77356
0.711439
0.71527
0.00187447
1.39187
-0.923937
-0.912565
-0.483463
1.17589
1.56116
0.49121
2.24355
0.206324
-1.06979
-0.589426
-0.293928
-0.995817
-0.299634
0.987454
0.0756695
0.352856
-0.675606
1.52578
0.899027
0.194978
-0.284968
-1.36927
0.271991
-0.235308
0.57682
1.09182
0.46769
-2.13864
0.243935
-2.12332
0.258026
-0.190173
1.46369
0.306504
-0.0175795
1.06358
-1.14411
2.34345
-0.445691
-0.0857921
-0.430157
1.10402
-0.742163
-1.0502
-0.237346
-0.390366
0.151895
-0.232548
1.54317
-1.89916
0.62011
-1.28562
1.11152
0.40891
0.307686
1.26236
-0.13303
0.329677
0.870409
0.163441
0.871926
-0.108954
-0.143618
1.00114
1.13215
1.30885
-0.383921
-1.14917
-0.139101
0.0630789
0.11558
0.469731
-0.136631
0.0275542
0.595269
-0.28177
1.30933
0.47208
0.245634
-0.698659
-0.8576
-0.687617
-0.787052
-0.130944
0.797586
1.45801
-0.504993
0.842883
0.0514464
1.26567
0.745884
-0.900908
-1.05173
1.85101
0.0610032
-0.683519
0.193319
1.99115
0.95565
0.36086
0.662543
-1.78202
0.197268
-0.127112
0.20569
-0.086619
-1.67822
0.913899
-0.900673
-0.644556
0.600385
2.65631
-0.10389
-0.53697
0.331879
0.521805
0.986118
-1.65296
2.03372
-1.73605
0.930369
-0.310528
0.614969
-0.30876
-1.46222
1.40913
-1.22233
-1.57132
-1.32229
0.383283
-0.477985
1.64037
-0.0774863
0.452914
-1.7911
-0.693102
-0.624765
1.13073
-0.984223
0.83717
-3.13487
0.0424208
-0.20775
-1.81601
-0.39595
0.592879
1.08649
-0.66138
0.0238487
-0.881046
-1.85279
-0.332593
0.844739
0.672616
-2.27657
-1.07564
0.519165
0.287693
1.16512
-0.445753
-0.0913172
-0.182382
1.1371
-2.19845
-1.27401
0.109195
0.378237
-0.489299
-0.0742888
0.0529664
0.278201
0.319329
-0.63472
-0.753379
-0.893465
1.22765
-0.294337
-0.784096
-0.0379276
0.136179
0.174389
-0.849406
0.954222
-0.643438
-1.4369
-3.82282
1.31929
-0.187218
1.62744
-0.455495
-1.3018
0.07692
1.56125
0.758526
-0.426958
-0.475138
-1.66858
0.66359
-0.218227
1.47544
-0.818096
-0.973747
1.73012
1.66416
-1.77973
0.44315
0.0442805
0.0566571
-1.01941
-0.93659
0.186855
0.766529
-1.0052
0.976138
1.35347
0.569808
-0.498049
-0.354576
-0.0112046
-0.836549
0.331542
0.572395
-0.0122227
-1.00693
-0.306073
-0.837937
-0.0364923
-0.42802
1.02983
-0.126203
-0.478772
0.408422
-0.0173472
-1.10353
0.999313
-0.119892
0.102818
0.23943
2.89721
-0.779217
0.887307
-0.195509
0.657131
-0.0116149
1.69144
1.02619
-1.20801
0.26887
0.630516
0.214636
1.01231
-1.11754
0.0579002
-1.47684
-0.0534383
1.08765
-0.647204
-0.167335
1.00006
-0.771181
0.298934
1.71261
-0.244322
0.80446
2.12084
0.291045
0.186573
0.243713
-0.635371
-0.0473611
-0.728441
-0.670868
0.830402
-1.27956
0.539818
-1.66444
-1.21065
0.0890898
0.709208
-0.194949
-0.303123
-0.534377
0.0200999
-0.152275
-0.78279
2.21184
1.72912
0.338811
-0.449015
0.207397
1.06024
0.966775
0.584688
0.738948
-0.12102
-0.555311
1.95656
1.00372
1.77695
1.63986
0.753083
-1.0716
0.520983
-1.02276
0.0378345
0.551176
0.60416
-0.492809
-0.303314
0.772485
-0.751399
-1.24059
-0.784362
-1.89019
0.516232
1.70723
-1.4103
-0.839093
0.128403
-0.404299
-0.0763621
-0.0674241
0.254513
1.91998
-0.000767354
-0.0524983
-0.363545
0.0310082
1.58776
-1.02446
-0.0388177
-1.86329
-0.574977
0.0891077
0.903002
-1.75475
3.0322
-1.61524
-0.0540024
2.15193
-0.160733
1.52979
1.96485
-0.528717
0.0321556
0.431643
0.946086
-0.0935857
-2.03321
0.999061
1.13631
0.880593
0.317483
1.04502
0.171863
0.189927
0.534607
-0.612135
-1.72007
-2.78995
-0.522946
0.581508
-0.693207
-0.638521
0.0035603
2.2521
2.47453
0.60801
-0.121729
0.12212
0.193632
-1.454
1.79799
-1.18226
-0.478966
-0.45192
-0.0820238
0.340101
-0.988613
1.21329
-0.126522
-0.855289
-0.187857
0.043863
-0.653836
-0.590626
-0.304024
-1.45107
1.08116
0.134476
-0.0458285
-1.14124
1.39823
-0.625484
-1.12795
0.595397
-0.675319
1.37456
0.328642
0.501323
-1.14685
0.421927
1.16132
-1.29974
0.698053
-0.145601
1.22884
-0.999201
0.0682965
0.709081
-0.268284
-0.213825
-0.584854
-0.333274
-0.245816
-1.02731
0.309561
0.685284
-0.688537
0.434431
-1.33621
0.380716
-1.54787
-0.205364
0.410306
-0.92077
0.17259
-1.11027
-0.562539
0.215463
-0.484925
0.63572
-0.0330254
0.08312
-1.45319
-0.22354
0.0825093
0.240008
-0.788772
-1.13912
-0.03988
1.51976
-0.780507
0.622193
-0.560458
1.02948
0.196017
0.710631
-0.670229
-1.8042
-0.0397261
-0.642654
0.501423
0.0646486
0.685937
-0.0438897
0.329509
0.23886
1.00704
0.925771
0.537202
1.44335
0.850594
-1.82347
-1.01769
-1.5617
0.228451
0.0295474
-1.65376
-2.83269
0.985892
-0.593077
-0.776965
-1.4063
-1.21998
-0.111606
0.163497
1.06682
-0.14489
2.49451
0.80161
-0.275694
-1.00388
1.85784
0.509548
-0.21648
0.184745
-0.0170586
0.434041
0.20694
0.513024
-0.21059
1.65428
1.28988
-0.358482
-0.982523
-0.0150455
-0.325356
0.802943
0.697923
0.702753
0.222244
1.02937
0.600401
0.12675
0.45605
0.504274
-1.18016
0.892217
0.465363
0.447848
0.128235
0.446923
0.752604
-0.540805
0.455433
-2.15311
2.96026
-1.71742
-0.814134
-0.733532
0.512011
-0.585724
1.54774
-0.889266
1.23527
0.163884
-1.03262
-0.33371
-0.456767
-0.628494
0.337028
0.948738
-1.51221
1.83083
-0.259443
0.180095
-0.697731
0.348447
0.878716
0.552675
0.469831
0.855244
1.10387
-2.1711
0.563607
0.0249045
0.306983
2.46151
-0.311696
1.49877
0.649113
0.656413
-0.0849453
2.32298
0.194951
-0.784449
-1.53238
0.916517
-0.407502
-0.490104
0.967625
-0.630786
0.36633
0.0295682
0.334998
1.31498
1.90016
1.18075
-0.258794
-0.329588
-0.811251
-0.726737
1.5129
-0.176641
-0.470537
2.365
0.896604
0.556471
1.16188
-1.29927
-0.0361615
0.102554
0.294879
1.06936
0.00662316
-0.392718
1.62098
1.50045
0.425071
0.45591
0.219458
-0.690215
-0.842891
-1.64819
-0.0391469
-1.32278
1.33181
0.113596
0.350427
-1.39812
-0.670788
-0.0415591
-0.640445
1.3171
0.561796
-0.933544
0.687073
0.755226
1.04561
-1.16826
0.289568
0.565774
0.891825
-0.392463
0.104419
-0.121319
0.676062
0.526583
0.320675
0.840549
0.545724
0.0220057
0.454559
-0.306979
0.488263
0.309103
-0.646956
0.308038
-0.810281
-1.18575
-1.19818
1.07688
-0.417922
0.179045
1.57051
0.682357
-0.702326
0.0703634
0.918382
-0.692289
-1.84758
-1.74463
-1.95664
0.942132
0.0593174
0.905906
1.36773
-0.165944
0.560441
0.280149
-0.259041
-0.687502
-1.7645
-0.823607
0.538624
-0.299874
-0.312754
-0.532474
0.295245
0.683734
0.857868
-1.14496
2.22605
-0.274219
-0.346914
-0.0864798
0.797564
-0.208572
-0.635671
-0.997813
-1.84416
-0.476702
0.28379
0.775031
-1.25137
-0.512345
-0.140772
0.959456
0.0419818
-0.559136
1.97573
-1.32719
0.811487
-0.750763
0.671764
0.0534771
1.38113
0.253265
-0.472862
0.279188
1.01489
0.329221
0.569867
-0.915887
0.662734
-0.03292
-0.00954184
-0.729751
0.93503
0.0235406
-1.14146
-0.628929
0.216014
0.757716
-0.808463
0.659215
0.29918
1.69707
1.41503
-1.80193
-0.431692
-1.14316
0.226409
0.440493
0.669831
1.93951
1.67454
0.417918
0.274176
1.3263
-0.29139
-0.923923
-1.61957
-1.5026
-0.650227
-0.34479
0.535342
1.16286
0.508201
-1.48233
-0.778108
-0.819142
0.432524
-0.6424
-0.149679
-0.288851
0.0543918
-0.252709
0.920076
1.1444
-2.38166
0.348767
0.302021
-0.0848278
-0.175431
2.42458
-0.252723
0.434371
-0.888992
-0.550342
0.281892
-0.796681
-0.56154
-0.477064
-1.96332
0.13087
0.0114047
0.405831
-0.532108
-1.6004
0.744348
-0.177132
0.6918
-0.794228
0.661755
0.574875
0.365312
-1.97638
0.978681
-0.779248
1.29938
0.253369
-1.52564
0.626953
-1.65813
1.35247
-0.38695
-0.0966647
0.760896
0.790392
-0.440297
-0.200611
0.00899056
0.314817
-1.28935
-1.15795
0.91758
0.370957
-1.96045
0.607437
-1.85958
-0.791561
0.899222
0.331395
-0.823118
-1.27974
-0.0906645
-0.305855
-0.045211
-0.599346
-1.00098
-0.125748
-0.121054
-0.616337
-0.278154
-0.218985
0.98064
0.233689
1.43087
-0.244839
1.03358
0.0961396
-1.1226
1.02521
0.33369
-0.612416
0.737747
0.105655
-0.888582
0.92878
1.14866
-1.33908
-1.39733
0.0967814
-1.0465
-0.139179
0.946295
1.64069
0.525015
-1.78282
-0.672972
1.0225
-0.0821546
0.598345
0.372034
2.40144
-0.568046
-0.0855621
1.67733
-0.113373
0.412532
-1.12416
1.17889
0.691928
-1.45789
-0.141536
-0.0396046
-1.82875
-0.489584
1.38679
0.228163
0.720293
-0.611867
1.53852
0.175332
-0.510291
0.152098
-0.0643936
-1.65344
0.869354
-1.12564
0.491495
0.215396
0.371567
0.181818
2.28771
1.06753
-0.166803
-0.755659
-1.05276
1.04946
-0.539893
-0.909497
-0.643623
-0.697281
0.166716
0.124937
-1.0556
-1.16049
1.80528
1.88529
-2.40129
0.206924
-0.983763
-0.0640116
0.170024
0.893195
2.01646
0.209989
1.70725
-0.67987
0.398075
0.883792
-0.624373
-0.940123
-1.0321
-0.0935701
-1.00355
0.380395
-1.68255
-1.66183
-0.171859
0.837606
-1.05333
-0.126347
-0.307073
-1.2342
-0.898661
-0.558026
-1.27134
-1.42668
-0.594218
-0.061488
-0.48784
0.619336
1.27185
-1.19231
1.64126
-0.0944411
0.655024
0.0783343
2.16299
-0.122972
0.548238
2.73685
0.00804207
0.900382
-0.151334
1.09028
0.620047
0.0610341
-0.122641
0.728673
1.13326
0.069394
-0.0506367
-1.26422
2.06729
-1.12637
-0.928042
-1.18419
1.54754
-0.769301
-0.748756
-0.0668365
-0.274353
-0.827577
0.573237
2.10217
0.225635
-1.75854
1.03556
0.910763
-0.369631
0.649141
-1.19765
0.338485
1.26179
-0.439723
-1.53445
2.03989
-0.34681
0.641859
-0.774048
-1.15107
0.33163
0.202903
0.807814
0.363022
-0.671096
1.03071
1.13299
-0.716982
0.378371
-0.198963
2.28883
0.895285
0.609161
-0.898034
1.00995
-0.871019
-0.312494
1.57868
1.84528
-1.32751
0.258067
-0.412414
1.11868
-2.03059
-1.2234
0.461173
0.664516
1.76674
0.634029
1.20854
0.74359
-0.223181
-1.17042
0.512157
1.31749
1.48968
-1.37565
-1.17894
1.0752
-0.617475
0.792297
0.330213
0.667869
0.747216
0.202823
-0.989257
0.0669463
-0.123141
-0.129121
-0.418103
0.291938
1.33881
1.03148
0.503066
1.01478
-0.200446
0.89237
0.157385
0.464633
-1.40768
0.172815
0.012328
2.63906
-0.856182
1.14573
-0.022242
-1.15281
-1.36685
1.39443
-0.896638
-0.477029
1.42383
-0.759624
-0.466982
1.24076
0.0257746
-0.842332
-1.97805
-0.0931647
0.416755
-0.384501
-1.36437
2.40417
-1.68413
-0.350726
0.366802
-0.118794
0.836753
0.870038
-0.531667
-0.877774
-1.61219
0.611801
-0.12768
-0.402964
-1.62617
0.97696
0.742947
-0.721889
-0.321412
1.44074
1.27251
1.13149
-0.693021
-0.338601
-0.0631036
0.43352
-1.26514
0.311278
0.655621
-0.0769032
-0.00732198
0.821276
3.01345
0.848508
2.24924
1.86808
1.565
1.80975
-0.22006
-3.59603
0.353161
-0.640742
-0.540321
-0.643785
0.74526
1.4893
0.900927
-0.489577
-0.72622
-1.16851
0.633294
0.572396
0.608327
-0.583543
-0.109637
-1.35703
0.780156
-0.456224
1.452
-0.132085
0.316746
-0.447417
2.43096
-1.22388
0.93016
0.703769
1.34477
-0.451365
2.23029
0.690629
-0.237699
1.33659
0.0490729
-1.2689
0.673604
0.2404
0.710702
-0.532633
0.0891899
-0.429629
-0.89964
1.10301
1.47157
-0.701017
-0.0815956
0.631399
0.16069
-0.70514
1.45807
0.431126
-0.691487
-1.46245
1.54451
-0.659126
-2.29621
-2.48527
-0.406742
1.37106
0.918345
-1.02933
1.13025
-0.581206
0.119042
1.73238
-0.0270868
0.630274
0.248028
0.976144
-0.5492
1.19588
1.11902
-0.241015
-1.13744
-2.28481
0.0807777
1.0201
2.04572
-0.620367
-1.03454
-0.530607
0.419685
-0.795043
0.589879
-0.320565
-3.53429
1.5533
0.121681
-0.522543
-1.48084
0.409057
-0.891855
0.649688
-0.161863
-0.556155
0.954682
-0.677623
-0.391646
0.848431
-0.655333
0.452969
0.438006
0.277352
-0.552101
1.19468
1.44492
-1.24839
-0.182315
-1.50806
-0.931541
-0.860414
0.896355
0.134431
-0.78029
1.1577
-1.00338
0.119187
-0.0194235
-0.869859
-2.22787
1.6521
-0.931483
-0.145308
-0.444351
-0.603772
1.38433
-1.05951
0.108306
0.351178
-0.551464
-0.527446
0.307496
-0.106868
-1.39869
0.275005
-1.34677
-0.183915
0.535984
0.604002
-1.92294
0.527411
0.622061
-0.357631
-0.59061
-0.0240807
0.867658
-0.120111
0.252902
-1.49703
-1.45356
1.11506
0.0920853
-0.440234
-1.03399
-0.110002
1.37875
-0.370961
1.87793
0.761651
-1.39985
0.661495
0.166093
0.158628
0.22848
1.34309
1.01203
1.39103
-1.1101
2.22836
-0.09171
-0.611552
0.0177363
2.194
-0.479499
-0.100387
-1.596
0.064585
1.91964
-0.252319
0.917273
0.337397
7.98533e-05
-0.514293
1.51879
0.782014
1.86221
-0.493362
-0.716259
1.48357
-0.282308
-0.0854028
3.06391
-0.15467
-0.140287
1.76396
0.226625
-0.00407538
0.227614
-0.224325
-1.41068
0.968192
0.778234
1.29082
0.14908
0.259078
-0.622968
0.901778
0.61315
0.252082
0.475123
0.16168
-0.97532
-0.319644
-0.482821
-0.906392
-0.551146
-0.536588
-0.505479
0.282061
-0.546732
0.836722
0.207104
0.542148
-0.306927
-1.0509
-0.86098
-1.74807
2.25408
-0.33598
-0.465651
-0.419722
-1.90554
1.18917
0.103375
0.136914
-0.983355
-0.621445
0.617713
2.02549
0.69086
-0.0529979
-1.33664
-0.958646
0.74054
1.09623
0.569663
-1.19394
-0.0152956
-0.281449
3.18769
-0.156186
0.574565
1.61464
-1.27762
-0.407219
3.168
-0.517658
-0.781972
1.2014
0.244041
0.0799912
-0.606433
-0.0494684
-1.48493
-0.785951
0.572313
0.549608
0.208038
1.22431
-0.745611
0.984143
-0.309264
0.454658
1.59634
-1.20475
0.0143854
0.891769
-0.097374
0.60666
-0.123376
2.09981
0.992018
0.313342
-0.507669
-1.80291
-0.505826
0.575583
-0.605589
-0.147919
-1.20067
-2.49412
-1.02288
-2.2381
-1.50585
-0.877956
1.3626
2.42695
-0.862935
-1.45769
0.851318
1.06532
0.620566
0.958166
-0.750167
0.0786558
0.508214
0.149447
0.163141
-0.796894
0.659459
2.04072
-1.30374
-0.307344
0.00562189
0.164525
-0.373035
1.40658
0.670752
0.859928
1.00237
0.226362
-0.35414
2.24145
-0.0468746
1.41397
0.50232
0.480027
-0.876825
-0.659901
-0.652354
-1.16662
1.59444
-0.0315024
0.585659
0.165882
-1.26629
2.48304
-1.90708
-1.59182
1.06741
0.680785
1.3483
0.583153
-0.263659
0.534575
-1.37944
-0.467219
0.209875
-1.83947
1.54091
-0.245033
0.402168
0.511721
-1.22529
-0.0491939
-0.17378
0.0897788
-0.566861
0.0723947
0.429373
0.237202
-0.00674338
-1.84533
0.717865
-1.30104
0.972265
-0.324652
0.327509
-0.0516843
0.118641
-0.659712
-0.685017
1.81925
0.687275
-0.318315
0.07459
-0.900934
0.634847
1.00577
0.538123
-0.871308
-2.03014
-0.416326
0.398631
-1.15722
-1.51019
-0.440742
0.886257
-0.220923
-2.13636
0.174341
0.216197
0.15511
-2.4468
1.34975
-0.327991
-0.27104
1.23003
1.3772
-1.1467
-1.04339
-0.721051
0.870331
-0.272382
-0.566495
0.17566
-0.696734
0.00146948
-0.0183484
1.4615
-0.485505
-0.424705
-1.39247
-0.91371
-0.708821
0.260229
0.945001
-0.937229
1.31536
-0.632676
-1.0772
0.356366
-0.146964
0.103554
0.715879
-1.89932
0.154631
1.07815
-0.284627
0.388846
0.811333
0.544055
-0.870442
1.83547
0.260962
-1.48275
-0.110514
-0.404185
-1.01003
0.659677
-1.96557
1.40991
0.326293
1.03604
-0.666335
-0.50314
0.689971
0.0863247
-1.99684
0.920191
0.386049
-0.579925
-1.3452
0.363244
0.418318
0.531098
-1.45428
1.03725
0.14083
-0.401748
-0.481641
-0.459128
0.213828
1.19648
1.2107
0.301346
0.999312
-0.0343539
0.888777
1.22713
-1.32268
0.386032
2.20407
-0.834987
0.466545
-0.250331
-1.00971
1.5407
0.415597
0.0623549
-0.155487
-0.787885
1.54625
1.12625
-0.510196
1.22854
-0.788594
1.73598
-0.868223
-0.915453
0.60973
0.127423
-0.468883
-2.00616
-0.0082828
-0.133041
-0.371031
-0.668686
0.671486
1.11308
-0.347447
1.26101
0.689223
-0.0580572
1.38028
0.605771
-0.694601
-0.0124488
0.337179
0.227131
-0.83892
-0.518994
-0.0360274
-0.586085
-1.16211
-0.43089
0.0918062
-1.36499
0.10938
-1.38911
-1.98938
0.796297
0.962422
1.642
1.7903
0.534589
-0.0880736
-0.03169
-0.573926
0.713714
0.860077
-1.92857
0.814853
-1.13419
-1.32239
0.346708
-1.11016
-0.662111
0.291421
-0.752865
-0.627642
0.375725
-2.691
1.92878
1.56853
1.28723
-0.814697
1.26711
3.3137
-0.268108
-0.472265
1.42165
1.14236
0.504569
0.942313
-0.314177
-0.155465
0.621863
0.0478601
0.202197
-0.304962
0.99599
-0.261965
-0.382825
0.266309
-0.371185
0.841142
-0.0477609
0.870681
0.941829
-0.500651
-0.805232
-0.354733
-0.283945
0.124178
-0.179385
0.11673
-0.0580445
-0.545031
0.291587
1.12477
1.00352
0.498645
0.725262
2.17269
0.534184
0.40727
1.01118
-0.686105
0.744116
-1.04261
0.437126
-0.743851
0.41201
0.259314
1.15548
0.79221
0.105872
-0.9822
-0.9464
1.66587
1.79144
1.54561
-2.19778
0.274417
-0.358213
-0.136138
0.242755
0.126108
1.76783
-0.548947
0.142854
-0.506939
0.755993
0.27299
2.93064
-0.635221
-0.891222
-0.886732
1.08965
0.69171
0.0105174
1.17763
-0.0471025
-0.847008
0.867257
1.18725
0.344973
-2.40035
0.916503
2.83091
0.93818
-0.381501
-0.440676
-0.679396
-1.95969
-0.235061
-1.06398
-0.414637
0.381557
-0.237518
-0.322349
-0.781872
-0.136693
0.288743
0.887789
-1.23201
-1.75122
0.79821
1.25832
1.10613
0.864898
-0.777249
1.61788
-0.766912
2.08676
0.167797
0.607786
2.26513
0.492134
-1.4011
0.0699908
0.44801
0.364786
0.682996
0.67916
-0.447701
-0.399607
-0.637694
-0.803676
-0.637175
-0.620617
1.44324
1.95227
1.73006
-1.27149
0.296461
1.6666
-2.16488
0.604708
0.464884
0.46683
0.56676
0.180265
2.41121
0.143977
1.22563
-0.233551
-0.405526
0.0334099
1.3263
1.49857
0.904502
1.2643
-0.960534
1.41328
1.03146
-0.815455
-0.0529613
-2.03065
-1.98519
0.330423
-1.56219
-0.0629793
1.26006
0.370907
0.296619
0.337362
-0.799545
-0.243619
-0.929859
-0.122752
-2.16732
1.44033
0.587116
-0.579554
-0.4753
-0.218206
1.59432
-0.0433343
-1.15789
-0.215848
0.476195
0.250798
0.923205
-0.580088
0.108
-1.00182
-0.582803
-0.748808
0.356379
-0.113156
-0.399218
1.11492
-1.3472
-1.90535
-0.126861
-0.479877
0.300347
-1.06276
-1.16494
-0.0259797
-0.46348
-0.053517
-0.0955902
-0.355843
0.769233
0.0839708
-0.187272
-1.18613
0.819479
-0.0518357
-0.28788
1.12468
1.19287
0.236395
-0.461585
-3.08641
0.179634
1.31212
-0.0970518
-2.20481
2.20655
1.78721
-0.472966
-0.999772
0.258512
-1.45278
1.79103
-0.0337436
0.248139
-0.97421
-0.394901
-0.975279
0.113212
0.808472
-0.576824
0.591529
-0.286481
-0.866343
0.808985
1.61551
2.22918
0.587576
0.957494
0.503254
0.41584
0.116802
0.129358
-0.850418
-0.312104
0.503978
-2.11724
-0.59775
0.408796
0.283029
1.15159
-0.128099
-0.783665
1.67041
0.741059
-1.07806
0.880576
0.26988
0.610495
1.20742
0.830602
-0.985271
0.0801845
-0.00621589
-0.962111
-0.331718
0.372238
0.247166
-0.30268
0.324346
-1.01559
-0.638955
0.951716
1.039
-0.376675
-0.36866
0.865755
-0.774724
-0.435814
-0.343175
0.400191
-1.19009
0.104828
-0.513755
0.553932
-0.81643
0.440487
-0.561785
1.13098
1.04428
1.23557
0.381961
-2.43187
0.157138
-0.51901
0.484314
0.764278
1.59419
-1.51604
0.407497
0.205626
-1.12642
0.329472
-0.846867
-2.5427
-0.624278
0.226701
0.586911
1.16545
-0.669519
-0.539553
2.03969
2.87858
-0.183439
-0.636612
-0.522165
-1.66973
0.627872
0.00413567
0.0550921
-0.777691
0.445693
-0.620188
-0.564051
-2.2047
0.237729
1.5259
0.714754
1.75618
-1.77745
-0.249666
-0.410725
-0.207599
0.449135
1.06386
-0.106775
-0.792878
-1.25382
-1.70317
-0.302472
-0.166138
-0.508831
2.95245
-0.998732
-0.995971
1.16553
-0.752862
-0.189526
-0.0109769
-1.86359
-0.315985
-0.976532
-0.173336
-0.770744
-0.995035
-0.383351
-0.971605
0.575924
-0.348695
0.512543
0.447776
-0.869359
0.735768
-0.289694
-0.105833
2.14323
-0.176976
-0.154069
-0.0449603
-1.33912
-0.401119
0.195144
0.618548
0.247507
-0.97881
-1.8745
-0.425948
-0.271512
1.11671
1.60496
-0.24671
0.540247
0.774039
-1.22713
0.607
-0.0410487
-0.65374
1.87301
-0.83218
-0.303396
1.10887
1.0418
-0.491374
-0.225322
-1.09499
-0.300031
-0.498273
-0.846621
-1.13387
0.948163
0.048552
0.611172
0.785613
0.39456
0.0124483
-0.706975
-0.705011
0.413628
0.756162
0.203925
-1.44124
0.0223172
-0.156391
1.08681
-1.12211
0.149934
-0.499478
1.63136
2.67151
-1.16268
-0.161702
-1.42746
0.626988
0.934906
-0.600043
-0.517983
-0.781643
-1.91527
0.0730277
0.0403774
-0.427719
1.34654
-0.439901
0.260088
-1.5608
-0.732883
0.658589
-1.15529
1.46817
0.427783
1.57379
0.278839
-0.487098
-0.698806
-0.320695
-2.25446
-1.1293
0.0457962
0.894776
-1.40394
0.327963
0.32779
0.00483665
1.29193
-0.4435
0.284967
-1.31362
0.506673
-0.898956
-0.851655
-0.906689
-0.399978
-1.03801
-0.76121
0.923575
1.91483
0.0871259
0.953927
-0.458618
1.79323
0.764741
-0.25158
0.350407
0.747586
-0.342321
1.0918
-0.361521
-0.00408639
2.37084
0.572093
0.895384
0.0203975
0.8061
1.69761
2.26632
0.448637
-0.264196
0.790918
0.128172
-0.451196
-0.869387
-0.112872
-0.401893
-0.108152
1.54937
0.345836
-0.212351
2.11559
0.938173
-0.500212
-0.168021
-0.363638
-0.312824
0.604041
-0.970649
-0.963079
-0.418215
-1.22518
2.25429
2.16728
-0.785711
0.544045
-0.0978185
1.17017
2.23113
-0.0420391
1.39466
1.24975
0.524097
-1.03335
2.20528
1.14134
-1.25448
-0.695862
-0.0378078
0.156375
-0.242312
-1.79199
0.517828
0.0839334
-0.821684
1.86069
-1.26572
-0.880778
-1.02097
1.04316
0.357684
-1.88548
-0.546866
-0.339099
-0.924457
-0.844014
0.482509
0.35461
0.0570286
0.756645
-1.76158
-1.07323
-0.289744
-0.0974873
-0.264468
-0.742511
-2.83466
1.25438
-0.790674
-1.34494
0.649198
-0.519451
0.451145
1.56246
1.31394
1.45707
0.0166388
-1.31536
0.461302
-1.40871
-0.976734
0.448435
2.10427
0.38763
0.429533
0.641035
0.796944
-0.494917
-0.53554
-1.00655
0.877932
0.562823
-0.433313
-2.10173
-0.139988
-0.195153
0.456791
-1.48362
0.803771
0.43514
-1.46276
1.18037
0.857266
-0.451824
-0.367871
-1.8141
0.223917
-0.0416071
0.213375
-0.211617
-1.78523
-1.11017
2.01667
0.993294
1.63951
-0.519191
-0.884356
1.72504
-1.2092
-0.854684
-1.51156
1.52592
-0.913462
-0.65113
0.498912
-0.0833731
-1.19018
-0.18208
0.189039
-0.0270052
1.40317
1.31701
-0.349817
0.27413
-0.231949
-1.60245
-0.400026
-0.886436
1.20262
-0.953407
-1.02768
0.427716
0.741739
-0.935763
0.947109
-0.389415
0.760492
-0.291929
0.238526
0.0388522
1.4438
-0.0877014
-0.12542
2.19163
0.34257
-0.873924
-0.725757
-1.13739
0.0764666
0.891202
2.367
1.01916
1.87608
-0.234121
0.760971
-1.05091
0.28594
-1.41572
-1.13534
1.58433
1.15066
-2.0733
-0.212341
0.331058
0.984622
0.778123
0.486486
-0.866701
-1.57811
-0.0705372
1.20282
-0.50742
0.945704
1.00653
-0.431941
-1.33968
-0.152814
0.042484
-0.736112
-0.74653
1.85379
0.100133
-1.66655
-1.8307
-1.77496
-0.261475
0.204156
0.643968
-0.0311807
-0.026911
0.654462
-1.09326
-1.60982
-0.357263
-2.0729
-1.34595
-0.277192
1.37752
-1.06505
0.00635559
0.232124
-1.02418
-0.709511
0.705811
0.439159
0.745966
0.244174
0.504188
-1.06146
1.28076
0.183863
-0.994917
1.25982
0.314697
0.483254
-0.60134
-0.29285
0.0797229
1.07388
1.59756
-2.17739
-0.0701306
-0.935213
0.540155
0.794468
-0.577003
1.0308
0.51775
-1.97726
-1.72282
0.327565
0.851056
-0.0190295
0.369761
0.299404
-0.3416
-0.933621
-0.282012
-1.81332
-0.311544
0.00607295
-0.243564
0.540224
-1.15707
1.40606
-0.68231
-1.97975
-1.12578
0.536325
-0.774786
-0.80157
-0.81825
0.480816
1.27975
0.613295
-1.34751
-0.295917
-0.302728
0.878998
-0.0781461
0.924639
-1.07795
-0.574031
0.619123
2.57857
0.257494
-0.404157
0.26489
0.0312831
-0.701931
-0.347142
0.288409
1.01886
0.391331
0.171427
-0.508178
-1.03472
0.306232
-0.984559
0.397852
0.679097
-1.32868
-0.100149
-1.95758
1.27777
-0.222238
-1.07012
1.25244
0.24325
0.931218
-1.68043
-2.15805
0.551376
1.2675
-0.447391
0.713457
0.648131
1.2521
0.808101
0.270784
0.79407
-1.01494
-0.276637
2.22747
-0.231649
-0.395355
0.115158
-0.746658
-0.650295
0.705555
0.629479
1.51431
-0.865671
0.235092
-0.678638
0.517563
-1.12793
-0.408153
0.797101
-1.38987
-0.0553199
1.18899
0.357584
0.191104
0.236694
-0.408704
0.877341
0.208027
-1.60067
-0.371663
0.859895
-0.148545
0.997136
-0.415952
0.454214
-0.565169
-1.22571
0.653458
1.41852
1.38449
0.312656
-0.2332
0.208762
2.26378
-1.84485
1.0942
0.0958741
0.214159
-2.0916
-0.263703
1.14327
-0.767681
-0.219366
-0.916198
0.706899
-0.691004
-0.837135
-1.50131
0.865244
0.902133
0.332751
-0.0934764
0.753573
1.87612
0.856761
0.414915
0.576933
-1.04394
-0.429284
0.334338
-0.731112
0.418553
-0.373922
-1.22539
-0.0563959
-0.261449
0.459285
0.453383
1.00219
-1.02882
-0.689697
-1.39327
1.17451
0.826015
1.71352
-1.89586
0.796428
1.90796
-0.312831
-1.03792
0.959594
-0.762365
-1.53535
-0.641011
-1.23119
-1.17881
-0.603976
-0.18051
0.566121
1.34961
0.430106
-0.0249887
0.986876
-0.619811
-0.315384
-0.474169
0.169017
0.305119
-0.277351
0.595869
-0.851462
-0.146374
-0.546368
-1.25744
0.114203
-1.05549
-0.38749
0.90298
0.382946
1.09409
0.862629
-0.164435
-0.20287
-1.7809
0.600015
2.00366
0.536553
-0.174044
2.31184
-0.157521
-0.229519
1.09123
-0.346333
-0.565022
0.897286
1.01064
0.0193637
0.201364
1.58573
0.997887
-0.365305
0.546256
0.372243
1.08036
2.07068
0.851029
0.123381
-0.971782
-0.594786
-1.42229
0.185963
-0.264644
-0.396212
-0.0131182
0.834902
-0.0235424
-0.0712522
1.05071
-0.533125
-0.485524
-0.0557511
-0.65008
-0.424281
0.370848
-1.42833
0.669826
-0.266875
-1.53965
0.997331
0.111201
-1.93951
0.38134
0.872568
-0.710236
0.213363
-0.978204
1.04737
-0.982289
0.650295
-1.54226
0.282755
-2.48022
0.669326
-0.428349
1.06185
-0.908934
-0.365794
-0.993201
1.01047
0.0973394
-0.105596
0.965052
0.0615833
-1.07361
1.46883
0.740732
-1.23779
1.16757
-1.09876
-0.332077
-0.16969
0.630899
0.536789
-0.858278
-0.883167
0.825161
0.182415
-1.53736
-0.738768
-0.334364
0.288385
0.684805
-0.105072
0.31209
1.30138
0.0152325
0.96033
0.856303
-0.389817
1.2517
-1.41724
-2.17485
-0.621278
0.0969184
-0.826597
0.750252
0.895762
0.205864
0.176804
