-0.896062
0.0302321
0.50108
0.96061
0.0998735
-0.533981
-0.611252
0.273388
0.0723924
-0.405069
0.0135228
-1.07543
-0.0086573
0.0134002
-0.4623
-0.412509
0.306849
0.300071
0.691479
0.426689
0.335768
0.311494
0.0558448
-0.0405017
-0.914078
-0.410474
-0.486823
-0.673457
-0.769679
-0.484923
0.455806
0.0580989
0.447208
-0.0796614
-0.264998
-0.153428
0.835687
1.39782
0.280766
1.0271
0.538074
-0.113049
0.363588
-0.515718
0.140703
-0.761062
0.218102
-0.536274
-1.31847
0.146661
-0.361939
0.594804
-0.190617
-0.740169
-0.192435
-0.00722861
-0.373223
0.571313
-0.53765
1.33959
-1.68506
-0.174583
-0.34675
-0.180154
-0.528503
0.328037
0.698231
0.392516
0.554663
-0.387779
-0.242911
-2.15577
1.07775
0.657778
-0.0828155
0.245229
-1.04508
-0.396631
1.01824
-0.0562289
-0.152839
0.120194
0.510682
0.10904
-0.506286
-1.5186
-0.253553
-0.936625
0.134283
-0.766757
0.905174
-0.782599
-0.527091
-0.158108
-1.23949
0.118099
0.401047
-0.293364
1.09534
-0.439323
-1.01992
-0.855809
0.441112
-0.718092
0.384095
0.0916053
-1.02874
1.66316
-0.610222
-0.836125
0.714053
-0.805694
0.61135
-0.361186
-0.400971
-0.900945
-0.476252
0.368332
0.298015
0.313644
0.222496
-1.20207
0.609227
0.310019
-0.497548
-1.81519
-0.494872
-1.05662
-0.214526
0.691954
-0.627388
0.151276
-1.02371
0.376843
0.210141
-0.150142
-0.5754
0.614859
0.361586
0.234937
-0.410101
0.785176
1.07613
0.825787
-0.520552
0.536079
1.20211
0.195992
-0.712974
0.311634
-1.75019
-0.444407
-2.15942
0.0368788
-0.360365
-0.518112
0.114558
0.420643
-0.862977
-0.133822
-0.466359
0.171893
-0.0350363
1.1558
-0.0952026
-0.293439
-0.437173
-0.846358
0.854285
0.0250622
-0.131378
0.0241495
1.05247
-0.372223
1.13079
1.21433
1.17988
-0.648019
-0.829692
0.421996
0.356236
-0.779665
-0.243322
0.599118
-0.132487
0.95178
0.611211
-0.261058
0.370775
-0.916804
0.175769
-0.014259
-0.441704
0.688836
0.21759
0.0704492
-0.417774
-0.152465
-0.615029
-0.329446
-0.396765
-0.650352
0.389085
-0.639478
-0.352418
-0.140431
-0.961311
0.922889
-0.243512
-1.30738
0.542661
-0.0693152
0.266536
-0.983837
-0.781798
-1.19548
0.985785
-0.773664
-0.803596
0.476249
-0.069168
-0.903515
-0.617659
-1.155
-0.056886
0.277742
-1.26315
-0.0709585
-0.176169
0.292074
-0.107587
-0.0944309
-1.51839
0.835305
-0.263619
-0.489452
0.311124
-0.290811
-0.689571
-0.456136
0.956372
-0.739204
-0.924054
-0.682482
1.61551
1.33163
-0.109253
-0.211328
-1.57016
0.0899386
0.19881
1.6949
-0.243337
-0.338593
-0.306115
-0.103772
-0.364763
-0.464831
-0.489044
0.14997
-0.135825
0.161402
-0.222048
0.0302659
-1.20353
-0.262701
-0.273267
0.322228
-0.362164
-0.755996
0.193952
-0.41949
-1.1012
1.13592
1.14344
-1.13125
-0.472297
0.571269
0.362211
-0.446752
0.441753
0.686772
-1.77894
0.410507
-0.351237
0.028889
0.712499
1.44662
0.323068
0.525319
0.162311
-0.453847
-1.01765
2.2857
-0.184941
-0.116243
0.361896
1.48308
-0.497284
0.862348
0.190724
0.489489
0.15809
-0.250768
0.186235
0.482397
-1.30678
-0.748148
0.387644
0.513979
-0.231275
0.556653
-0.357329
-0.0366752
-2.01261
0.409351
0.875291
-0.466654
0.327231
0.831199
-0.853288
0.401576
-0.470616
-0.541269
0.0757742
-0.602368
1.72016
0.448528
0.296651
-0.0757807
0.355971
-1.41106
1.27925
-1.3281
1.12928
0.305939
0.799686
0.31005
-0.78409
1.35863
-0.610124
-0.625597
-0.606525
-0.523932
0.020991
0.369246
0.418471
-0.26448
0.836506
1.62897
-0.900413
0.113891
0.693015
-0.82252
-0.915898
-0.843095
0.290608
0.176991
-0.273108
-1.2869
-0.52725
-0.773017
0.270607
-0.408886
0.10075
0.180733
0.347933
-0.290957
-0.869544
1.01282
-0.910397
-0.447859
0.885576
0.260573
0.55704
-0.21665
-0.796289
-0.190234
0.896031
-0.230068
0.387167
-0.981794
-0.210689
1.09133
0.799936
-0.263437
0.436566
-0.168156
0.673117
0.555429
-0.498953
-0.612168
0.151685
-0.642896
0.789127
0.206074
0.229685
-1.62856
-0.531088
-0.375909
-0.878424
0.155048
-1.00688
-0.322219
-0.353479
-0.634539
-0.699107
1.19946
-1.34131
-0.160968
1.10556
0.360532
-0.472136
0.22864
0.8934
0.438447
0.928569
-0.121626
-0.567965
-0.220152
0.0609531
0.400565
0.920644
-1.03176
-0.759278
-0.129059
-1.16552
-0.399804
-0.233666
0.846214
1.34893
-0.672553
0.854053
0.149047
-0.79166
-0.377417
0.232443
0.563576
-0.418343
0.146485
-0.256304
-0.433194
-0.0209231
0.788992
-0.807275
0.905031
0.507405
-0.514847
-0.184823
0.180929
0.249645
0.87133
-0.243736
0.149393
0.0599041
0.00664848
-0.541138
1.15606
-0.83385
0.0669367
0.203119
-0.72089
-1.31987
-0.857851
0.129286
-0.274456
0.810209
0.483826
-0.567383
-0.751276
0.699895
0.723374
-1.04464
0.847436
-0.843054
-1.66787
-0.0613153
-1.02885
0.764907
-1.5127
0.701172
-0.664619
-0.0516129
-0.303369
-0.759512
1.03303
-0.0023569
1.90533
-0.736423
0.403966
-0.76181
0.196904
0.623354
-0.479474
-1.10837
-0.516087
1.19962
0.494891
0.304838
-1.37491
0.126766
-0.711316
-0.0172869
1.53436
-0.882329
-0.209811
-0.702396
0.363386
0.574625
0.565948
-1.3136
-0.985567
0.384989
-1.14685
-1.04777
0.787274
0.596407
1.06263
0.0540496
-0.616221
1.39463
0.585866
0.514467
-0.38613
0.324005
-0.452925
-0.328052
-0.364815
-0.408746
0.560971
-0.875638
0.653264
0.835393
0.032588
0.934242
0.112508
-0.0103954
-0.492037
-1.25644
-0.672342
0.310635
0.114407
0.0358903
-0.353099
-1.04346
-0.823288
0.547279
-0.759751
1.22597
0.452329
-0.876903
0.262304
-0.100386
-0.618462
-1.33595
-0.123721
-0.0662452
0.735782
-0.803453
0.370817
0.553518
0.213196
0.162271
0.255745
1.00903
0.713884
0.691741
0.806025
0.766
0.37424
0.717563
-0.735258
-0.159905
1.27252
0.127321
1.08014
1.04861
0.289535
-0.734984
-0.190802
-0.581061
-0.858122
-0.664072
-1.02966
1.06469
-0.324062
0.44152
0.58852
0.33565
-0.500676
0.308032
0.972781
0.161122
-0.528333
-0.0593551
0.601986
0.271951
0.460385
0.153449
0.123932
1.05472
-0.360026
1.20668
-0.305715
-0.996557
-0.576091
-0.405921
-1.08345
-0.389738
1.04082
-0.435587
0.752646
-0.0165862
0.137032
-0.274943
0.582224
0.282391
-0.621945
0.362106
-0.626117
-0.832752
0.413444
-0.917691
-1.29278
-0.0247306
-0.629374
0.39835
-0.794631
-0.184007
-0.579208
0.826966
-0.600711
-1.00302
-0.346153
-0.54049
0.273698
-0.195316
-0.188989
0.359336
-0.443576
0.064594
0.617561
0.0397991
-0.846009
-0.921333
1.03972
-0.0877674
1.00422
0.344202
-0.924586
0.0344881
-1.07001
0.32816
0.11942
-0.968424
0.282618
0.164698
-0.577014
-1.48156
0.0691153
-0.772275
-0.414749
0.555347
-0.147057
-0.812339
-0.152101
0.639644
0.664604
-0.92719
-0.446348
1.1551
0.205469
-0.796579
-1.34285
-0.613944
-0.463343
-0.395487
0.0475608
-0.180766
-1.24325
1.38946
0.803092
0.300323
-0.842721
0.938749
0.172905
0.297928
0.386537
0.0433707
-0.274362
-0.573889
-0.423875
0.924088
-0.0756203
-1.39983
0.243963
0.3497
-0.106312
0.45434
-0.704032
-0.632795
-0.149725
-0.140049
-0.344417
-1.20233
0.221502
1.20669
0.330139
-0.620435
-0.988822
0.754599
-1.22482
0.590115
-0.176394
0.85948
0.560727
-0.815783
0.25412
0.341984
-0.179652
1.60939
-0.822264
-0.441028
0.10793
0.214326
0.402816
0.856967
-0.729916
-1.30285
0.600343
-0.514716
0.142335
1.42866
0.251513
0.085448
-1.66377
0.398131
-0.947488
0.424502
0.572107
0.377667
0.965252
-0.13149
-0.153432
0.701507
0.574751
0.798155
0.642749
-0.718291
0.418773
1.26933
-0.61153
0.674816
-0.102264
0.776555
0.077776
-0.154863
-0.583209
-0.796511
0.297799
-0.416173
-0.371941
0.394703
-0.679683
0.493932
0.260893
-0.807504
-0.273553
0.449201
1.0076
0.434521
-0.375055
-0.138071
0.21684
1.09405
1.36338
-0.403732
0.183484
0.0422815
0.417281
-0.105402
-0.429341
0.443455
-0.692182
0.866477
0.709656
-0.166603
0.705421
-0.681622
-0.901499
0.317174
-0.86147
0.790796
-0.396764
-1.29301
-0.300083
-0.726073
-0.0204191
-0.34403
0.933556
-0.212251
0.778847
-1.13426
0.146896
0.744415
0.197245
-0.53206
0.343572
0.694977
-0.37943
0.100256
0.670959
0.28949
-0.828956
0.331215
1.12251
0.390065
0.0672524
0.00207654
-2.12008
0.100377
-1.23383
-1.55725
-0.438578
0.276677
-0.0990524
-0.157057
0.0120647
-1.91538
0.127456
0.889582
-0.978888
-0.329956
-0.0477163
0.0270173
-0.751914
0.136286
-0.346327
-0.160863
-0.081715
0.558451
0.809324
-0.277628
0.36428
0.49151
-0.416507
-1.3696
0.0354883
-0.385043
0.908601
-0.535777
-0.661301
0.617462
-0.530028
-0.369237
-0.39343
0.569343
0.575999
0.508211
-0.0836196
0.0257746
-0.0134727
0.410497
1.62568
0.0384724
-1.13698
-0.241133
0.811046
0.513478
-0.75519
-1.27452
0.204252
1.25653
0.173954
-0.531776
-0.932542
-0.163748
-0.959414
-0.829326
-1.91753
-0.206207
-0.527329
-0.0826386
0.953523
-0.849669
0.571018
-0.862992
0.404058
0.67978
-0.156162
-0.708908
-1.65395
-1.37588
-0.780143
-0.21191
0.271839
0.0160567
-0.270849
0.719278
0.217458
0.674002
0.634998
-0.146988
1.35517
-0.474986
0.0542637
0.944286
0.225135
0.677837
0.23125
-0.768465
-1.0752
-0.449916
-1.22074
-0.626357
-0.350164
-0.480249
-0.133678
-0.478314
0.0745264
0.823706
-1.01087
-0.110564
-0.440749
-0.751155
-0.278496
1.42727
-1.23886
0.220284
-0.188542
-0.573878
0.377813
-1.08077
0.427701
-0.12815
-0.580126
0.238296
0.800555
0.0191172
-0.864204
-0.598958
-0.761919
0.0697621
0.134882
-0.534621
0.123626
0.23718
0.980815
0.332922
1.82215
-0.000295819
-1.42255
-0.354114
0.0350791
0.439679
-0.68862
0.869654
-0.332985
0.0359653
0.522147
1.01085
0.387173
-0.434395
-0.697001
-1.08629
0.485913
-1.52237
0.526019
0.235413
0.399111
-0.10491
-0.0966599
0.982569
-0.434473
-1.47713
-0.675684
-0.706571
0.974796
-1.62753
-0.793307
0.139258
-0.0369167
-0.586474
-0.353864
0.135311
0.44564
0.685259
-0.473882
0.873167
0.60895
-0.603573
-0.699943
-1.33114
-0.195744
0.120687
0.46789
-0.0375445
-0.228814
-1.45691
0.0314176
0.857748
-0.799196
-0.4703
0.158383
0.294819
0.0905942
0.0965849
0.937667
0.615319
-1.17714
-1.06413
0.0457158
-0.667618
-1.10785
-0.217
0.00871324
-0.0727837
-1.40979
0.356906
-0.921263
-0.11785
-0.46086
-0.319595
-0.0547016
-1.13756
-0.615254
1.4143
-0.183954
0.71771
0.0993357
-0.273816
-0.185297
1.05617
-0.355464
0.49449
0.184798
0.0183318
-0.131813
0.420077
-1.20164
-0.207105
0.0350593
-0.580667
-1.57778
-0.44365
0.0637862
-0.609114
-0.675973
-0.817479
0.082121
0.983462
-0.199046
-0.392338
0.417217
-0.855867
0.699389
1.26583
-0.716454
0.484812
0.944949
1.39027
0.0422806
-0.625203
0.453929
-0.111312
1.46715
-0.72222
0.529089
0.101217
-0.152363
0.861271
0.869101
0.656305
-0.801941
0.543267
-0.712416
0.57953
0.495136
1.03777
0.913905
-1.18759
0.849178
-0.525952
0.327605
-0.165355
-0.361884
-0.320219
-0.454671
0.882151
0.529253
-0.354722
-0.376627
0.717704
-0.219375
-0.813074
-0.25678
0.144403
0.178988
-0.0906001
0.386473
1.11364
-0.142461
-0.292162
0.133143
-1.08827
-0.923037
0.515795
0.112709
-0.345669
-0.274352
-0.125668
-1.04728
-1.23026
0.929697
0.516863
0.233869
0.509009
-0.0359818
-0.488221
0.463518
1.21248
0.498724
-0.959666
0.903096
0.125896
-1.37908
0.993007
0.282846
-0.536759
-0.140973
-0.717181
0.0971796
0.739604
-0.730743
-0.0859516
-0.70467
-1.16075
0.0246148
0.526394
0.935414
-0.939808
0.710905
-0.683988
0.260248
0.526427
-0.416152
1.70885
1.5338
-0.183636
-0.636432
-0.339644
-0.275266
-0.0413463
-0.459846
-1.46428
-0.766538
0.129194
0.273465
0.648019
0.295868
0.000515037
-0.238171
0.684945
-0.771144
0.63597
0.110502
-1.33231
0.00609678
0.584305
0.304054
-0.244851
-0.327505
0.1632
-0.852356
-1.22576
-1.31645
0.51926
1.26776
-0.443898
1.34196
-1.06465
-0.586292
-0.44855
-0.722621
1.04824
-1.61681
1.96084
-0.138642
0.879008
0.944631
-0.0474889
-1.21598
0.430903
1.11963
0.25271
-0.730233
-0.44606
0.171375
0.344164
-0.56578
0.829722
-0.394495
-0.0172058
-0.3963
-0.0175807
-0.430989
0.17543
-0.629954
0.511372
-0.530427
-0.615817
-0.854875
-0.693824
-0.802207
-0.29084
0.066528
0.246338
-0.127132
0.0839815
0.122544
-0.034052
-0.0218013
-1.27018
0.262954
-0.22255
-0.817711
0.126346
0.996394
-0.420022
0.659087
1.14318
0.315206
-1.23409
-0.456503
0.38845
-0.242349
0.276439
0.369835
-0.396681
-0.130689
0.373129
-0.124216
1.34941
0.613898
1.58823
-0.278984
-0.859991
-0.682135
0.481304
0.515294
-0.155679
-0.513071
-0.894957
0.753666
0.367093
0.332704
0.814179
-1.45049
0.876551
-0.710507
-0.0871383
-0.52627
-0.293648
-1.10177
-0.226762
0.584093
0.584199
0.751893
1.12228
-0.432454
1.5751
1.13967
-0.724719
0.489749
-1.03934
0.294765
0.73158
0.190092
-0.448519
-1.25392
1.95181
-0.233302
-1.0045
-0.678729
0.623025
0.269916
-0.303067
-0.0622772
-0.568758
0.685061
-0.84065
-0.643112
-0.675903
-0.234201
1.2993
-0.272924
0.0310503
-0.449262
0.114335
-0.217641
0.751951
-0.648492
0.812588
-0.675274
0.950064
0.027647
-0.494164
-0.581575
-0.600179
-0.903218
-1.23346
1.14037
1.84514
-0.386277
-0.786728
0.820979
0.447344
0.0438553
0.319714
0.211934
-0.621005
-0.306133
-1.11685
0.297303
-0.656077
-0.241186
0.255466
0.630344
0.099986
2.37143
0.605882
-0.347575
-0.150604
-1.53231
-0.559402
0.476074
0.303401
0.188843
-0.580708
-0.496585
0.411627
-0.402335
-0.28961
0.557556
0.432866
0.277036
0.818134
-0.567843
0.875484
-0.345004
-0.262104
-0.540405
0.267893
-0.918432
0.183255
-1.09683
-0.616786
0.593683
0.979392
0.234299
-0.394899
-0.0500898
-0.481391
0.114611
0.379179
-1.0503
0.314764
-0.368379
0.246312
-0.396403
0.233632
-0.433648
0.0515898
0.760389
-0.107444
-0.39994
0.113574
-0.193459
-0.388169
-0.112081
0.89356
-0.0851076
0.8248
0.268322
0.609345
-0.0375535
0.402817
0.0305374
-0.577858
0.426343
0.705865
0.106265
-0.171136
-0.534546
-0.674664
0.534963
1.19416
0.411
-0.272558
-0.308079
-0.382731
-0.351906
0.744552
-0.00598782
0.0473046
0.0782433
0.864718
0.166534
-0.382963
0.104302
-0.206346
-0.572842
-0.256716
-0.46043
-0.865331
0.565224
0.471708
-0.409289
0.44588
0.575124
-0.853601
-0.407458
-0.708346
1.31049
-0.269358
-0.305527
-0.0250243
-0.302565
0.1746
0.957867
-0.89546
-0.798271
-0.712546
-0.75611
0.0855857
0.662352
0.386999
0.0364512
-0.698304
1.61983
0.119942
-0.0421388
-1.06734
-0.471485
0.0539265
-0.10706
0.133749
-0.596617
0.655237
-0.759646
0.67305
0.549782
-0.390697
0.545064
1.23095
-0.00451606
0.295141
-0.600058
-0.688062
0.0155791
-0.525788
-1.14696
-0.391204
0.569681
-0.678233
-0.623493
-0.929619
-0.0983795
-0.465391
-0.14799
0.0592379
0.308561
0.208539
0.268968
-1.0601
-1.74635
-0.917187
-0.494965
0.00270346
0.115575
-0.787624
-0.325077
-0.0923137
1.09622
-0.278983
1.39377
0.471411
0.413775
-0.838482
0.924973
-0.674107
0.0891014
0.20995
2.23187
0.817095
-0.673882
0.912142
-0.366877
-0.181623
-1.46802
0.346483
0.405383
0.310937
-0.542299
-0.230876
-0.739717
-0.334767
-0.970542
-1.2361
1.06902
-0.697604
-0.357429
-0.854406
-1.49967
0.692718
0.72115
-0.00775388
0.576118
0.355227
0.0803934
0.363971
-0.842875
0.146581
-0.0929813
0.298045
0.491662
0.0203423
-0.549406
0.687196
-1.06589
-1.19505
-0.348832
0.177228
1.02945
0.566846
-0.447537
0.193224
-0.37323
-0.256603
0.858671
0.0937656
0.709725
0.090155
0.732608
0.241384
0.139756
-0.207227
-0.749771
-0.601084
1.31064
-0.362154
1.39998
-1.30307
-0.0603444
-1.42624
0.831236
-0.239203
-0.635173
-0.23297
0.291848
-1.32332
0.624331
0.346163
-0.35215
-0.673506
1.37742
0.444951
-0.222182
0.458719
-0.0498462
2.10707
0.884569
-0.562988
-0.439508
-0.439346
0.270058
-0.495723
0.578211
-1.13295
-0.718201
1.05437
1.37949
0.315631
1.39256
1.82789
-0.479678
0.428585
1.3112
0.77261
-0.551934
2.26074
0.854729
-0.495753
0.140112
0.22257
-1.03789
-0.715038
-0.441058
-0.407383
0.0436227
0.0476765
-0.744389
0.288772
0.16
-0.0779073
0.55756
1.61765
-0.244703
0.747932
0.375978
1.27371
-0.0313484
-1.63243
-0.00834426
0.0483988
-0.00694208
-0.0554136
0.790945
-0.239421
0.999169
0.833719
-0.681312
0.61115
-0.288387
0.397907
-1.13104
0.611133
-0.497787
-0.292171
-0.443481
-0.684482
-0.699832
-0.59697
-0.214247
-0.568319
0.205642
-1.16418
-0.0275187
0.320076
1.00662
-0.847335
0.297206
-0.021303
-0.815969
0.47955
0.331294
0.151404
0.749363
1.58277
-0.233598
0.508252
0.801956
0.162371
-0.668748
0.330908
-0.335488
0.182736
0.0150778
-0.197261
0.455599
-0.0195613
-0.56321
0.421012
-0.797702
-0.0430922
0.520576
-0.694748
-0.559142
0.586753
0.372333
0.897137
-0.967946
0.966342
0.488565
0.202198
1.26383
0.592328
0.862411
0.693947
0.489446
-0.0726138
-0.146931
1.00604
1.40226
-0.217799
-0.107607
-1.16093
1.28411
-1.11598
1.19042
0.0433783
-0.660029
0.210599
0.396229
-0.259163
0.544006
-0.151457
-0.530421
1.25097
0.660776
-0.950377
-0.680445
1.84156
-0.46704
0.34584
1.02243
0.0105641
0.244734
0.625626
-0.487216
0.542851
-0.448691
0.318595
-0.553397
-0.571074
-0.750661
0.428726
0.386906
-0.571228
0.189523
1.75948
-0.123753
0.173757
0.605592
-0.218532
0.0237438
-0.630149
0.388804
0.563405
-0.133207
0.369617
-0.411396
-0.885969
-0.000680371
0.580002
0.760625
-0.622613
0.278103
0.236372
-0.171806
-0.215276
0.392209
-0.795302
-0.49922
-0.602842
-0.512758
-1.48004
0.705941
-1.19473
0.214121
-0.488472
0.222285
-0.767549
1.66356
-0.332238
-0.979661
1.27138
-1.09111
0.549532
-0.397551
-0.362276
-0.244706
0.3469
0.785281
-0.510396
-0.219319
1.64609
-1.14609
-0.819474
0.517271
0.817261
1.18518
0.30138
-0.885036
0.485168
-0.691634
-0.745279
-1.06893
-0.948974
-0.7525
0.353555
0.480238
0.597211
0.204238
1.40999
-0.524017
1.25654
0.177051
-0.0492585
-0.514453
1.45262
-0.625638
-0.568888
0.0187294
0.510365
-0.320762
0.0340425
0.128042
-0.298911
0.197159
0.576257
1.09647
-0.163352
0.685874
-0.388919
-0.861459
0.875779
0.55347
0.115785
-0.18602
-0.00283265
0.284735
0.293915
0.100589
-0.655898
-0.220614
-0.503098
-0.706312
-1.26081
1.56729
0.356949
0.934928
-0.240638
-0.151832
-0.141982
-1.52297
0.406674
-0.681806
-0.11672
0.863708
-0.646858
0.0319936
-0.965284
0.486073
-1.09888
0.559296
-0.0167588
1.04878
0.8003
-0.0789286
0.587591
0.260673
0.441143
0.394779
0.104057
0.637341
0.0310782
0.433394
0.230208
-0.334431
0.571341
0.359995
0.191786
-1.60309
-0.404304
0.986273
0.447983
-0.272035
-0.436276
-0.915908
-0.416945
1.33785
0.264754
-0.10262
1.10472
0.517696
0.305478
0.302427
0.173317
0.0128807
0.0237763
0.577948
0.291176
-0.802192
-1.42159
-1.03801
-0.753267
-0.463434
-0.33937
0.679189
0.215182
1.17246
-0.0616456
0.929741
1.62873
-0.0530441
0.0119895
-0.00955702
-0.93711
-1.09643
0.766007
0.932935
-0.929888
0.473012
0.367374
-0.902349
-0.876962
0.142808
-0.685641
0.72897
0.148951
-0.271673
-0.270496
0.737198
-1.1683
-0.552304
0.454248
-0.690185
0.198882
-0.779233
0.955274
-0.839406
-0.704078
-0.18474
0.322682
0.624513
-0.507961
0.820768
-0.463956
-0.900566
-0.628185
0.337365
-0.260635
0.419687
1.53662
-0.161999
-0.0492654
-0.409746
-0.00619072
-0.329351
-1.16113
-0.782445
0.315814
1.38431
0.219953
-0.230853
0.0670336
0.707099
0.0714046
0.202791
-0.194852
-0.0956027
-0.915953
0.302767
0.230652
-0.104902
-0.615233
-0.483789
-0.598854
-0.488577
0.0862979
0.021
1.04845
-0.351952
0.0394428
0.501603
0.323707
0.580369
0.13835
-0.0232643
1.2068
0.764326
-0.445648
-0.75731
0.510232
-0.421942
0.333642
-0.0748335
-0.494929
-0.151316
-0.662415
-0.282321
-0.700698
0.814735
-1.10669
-0.873585
0.410997
0.513846
0.18308
-0.155412
0.0764354
1.16079
-0.18034
-0.911238
0.946176
0.276463
0.993374
-0.666032
-1.62962
-0.721958
-0.352958
-1.44661
-0.157781
0.258183
0.32579
0.789961
1.04724
-0.284311
1.04175
0.0649124
-0.277885
-0.526414
0.578065
0.523989
0.464586
-0.419948
0.420411
0.115571
-0.256189
0.934307
0.587528
-0.619643
-0.207033
0.756233
0.375518
-0.605025
-0.295493
0.161963
-0.862275
0.484663
0.79259
1.24432
0.487291
0.689846
-0.390885
-0.27293
0.559374
-0.0920581
-0.267119
0.413503
-0.294222
-0.681337
-0.750896
-0.762042
-0.681841
1.35445
-1.09275
-0.848119
0.134032
0.0736384
-0.101737
-0.501368
-1.3538
-0.782281
-0.670987
0.150372
-0.317788
0.421561
-0.285905
-0.0498482
0.570994
1.08085
0.298425
1.11864
0.366615
-0.487948
0.599668
0.839179
0.643585
-1.37434
0.53647
0.285193
-0.516559
1.07896
-0.581842
0.858182
-0.112382
0.197761
-0.0224514
1.03214
-0.726344
-0.879315
-0.510819
-1.39385
-0.813676
0.796102
0.193809
0.593971
0.83537
0.017929
-0.0817703
-0.632455
0.56278
0.834956
-0.252369
-0.0721577
1.84789
-0.663497
-0.473091
-0.336293
-2.05496
-0.361918
-0.36825
1.55371
-0.156412
0.430946
-0.296099
1.44437
-0.331762
1.28677
-0.406385
0.521557
0.0669492
-0.818409
1.32557
1.52196
0.175777
0.0214531
0.781056
-0.33338
0.980854
-0.084049
1.00643
1.45384
-0.630725
-1.12286
-0.385643
0.287224
0.24384
-0.739327
0.711615
0.263574
-0.347722
0.0287233
1.36758
0.414693
-0.381524
0.946187
0.284839
-0.172832
0.890435
-0.190846
0.194867
0.558118
0.227
-0.264223
-0.196576
-0.0367118
-0.592473
0.223836
1.0618
0.010369
-0.117697
0.935538
-0.593361
-1.24275
-0.218185
0.332433
-0.521315
-0.0459177
-0.485815
0.578469
-0.821992
0.16599
-0.655881
-0.166688
0.419685
0.0535651
-0.941073
0.658506
-0.160568
0.565772
0.512914
0.633974
-1.05191
-0.242376
-0.325951
0.372997
-0.750109
-0.602258
0.8663
0.487032
1.25371
0.126393
0.288501
-0.477402
-0.368008
-1.04183
0.765095
-0.695504
0.933119
0.865984
-0.0738792
-1.56623
-0.7094
1.16698
-2.30865
-0.145098
-0.0629371
0.229875
-0.369431
-0.739711
-0.121783
0.218339
-1.40605
-0.83219
1.40771
0.108443
-1.26766
0.7478
0.640883
0.0991605
-0.718668
-1.55816
0.0827215
0.652643
-0.258023
-0.383485
-0.0416831
-0.104956
-2.35788
-0.407948
0.477539
0.294906
1.00313
-0.784591
2.00391
0.366886
-0.474271
-0.2855
0.386808
0.434829
0.622496
0.742611
-0.00845549
-1.09768
0.133433
-1.22964
0.402045
-0.169298
-0.0684968
-0.627726
0.207442
-0.270772
0.215217
2.25908
-0.28281
1.38534
1.04272
0.754926
0.492672
-0.94536
-1.20747
-1.4284
-0.296387
-0.503677
0.489043
0.169874
0.294288
-0.74368
-1.33232
-0.0201961
-0.651527
-0.76068
0.71446
-0.0411865
0.332221
0.581543
-0.182523
0.987421
-0.39029
-0.0455908
-0.79937
-1.74311
-0.144879
1.49066
-0.723558
-1.34215
2.55955
-0.658982
-0.0680999
-0.0588466
0.35982
-0.227139
-0.392893
0.0464405
-0.482738
-0.222362
-0.0775386
0.0846366
1.35887
0.504517
0.553015
0.137517
0.752457
0.17542
0.888298
0.462309
-0.351843
-0.118937
0.828191
-0.662409
-0.885378
-1.41447
-0.290821
0.923728
0.598807
-0.963915
0.332154
0.176667
-0.361789
-1.28372
-0.368491
-0.448671
-1.73917
-0.355293
-0.0383706
-0.465119
0.803818
0.691945
0.0284131
-0.954567
-0.0200296
-0.166596
-0.884251
0.457001
1.21246
-1.4282
-0.109594
-0.806697
1.10285
0.439
-0.30459
1.06869
-0.276583
1.05457
0.249193
-1.01855
-0.665073
-0.0643953
0.0891002
-0.338964
-0.288631
0.465596
-0.0364343
-1.16866
-0.0315482
-0.629315
-0.405839
-0.734191
-0.74041
0.650991
-0.901007
0.59814
-0.132995
0.799891
-0.683764
-0.580583
-0.00845826
-0.245679
0.380546
0.880609
-0.36778
-1.47581
-1.10754
0.329882
1.06731
-0.603904
-0.959004
-0.595577
0.113571
1.39482
0.329586
1.03831
0.745766
-0.966384
-0.511576
-0.952967
-0.00224489
-0.335533
0.800601
-0.871968
0.0192361
0.0900406
0.267133
-0.00347653
0.777875
0.686355
-0.745695
0.153548
-0.172633
0.178616
-0.909513
0.0907414
1.72269
0.447171
0.351786
-0.256608
-1.15223
-0.611731
1.77746
1.27322
-0.320597
0.419867
0.754796
0.0563611
-1.12418
-0.709952
0.812752
0.620118
0.649344
0.131804
-0.00419499
0.568286
-0.819444
0.0620712
0.0446427
0.487176
0.601339
0.733833
-0.839321
0.617769
-0.568934
0.614739
-1.00599
-0.937598
0.691716
-0.856011
1.13075
0.117315
-0.18309
0.375353
0.391096
-0.0483997
0.0541527
-0.348991
1.07888
-1.08737
-1.119
0.499041
0.236132
0.167223
0.30249
1.96485
0.174494
-0.0922875
-0.989357
-0.697611
-0.610833
-0.178762
-0.00777724
0.00114554
-0.521396
0.161703
0.331187
-1.0444
-0.515415
0.0256775
0.56374
-0.550773
-1.78706
-0.486019
-0.606537
0.163343
-0.0136998
0.263841
1.63653
-0.739094
-0.622157
-0.093634
-0.43368
0.416776
-0.614659
-1.34789
0.0432184
1.24595
0.215184
0.564858
-0.536113
0.0462389
-0.461888
-0.566188
1.06108
-0.0250865
0.135896
0.0925971
-0.159978
-0.918472
1.43698
0.944608
0.943922
-0.660822
0.489821
-1.22206
1.29316
0.260569
0.126131
-0.569392
-0.677781
0.30721
0.425584
-0.881692
0.647312
0.342506
-0.729417
-0.443168
-0.87048
-0.0663663
0.442593
-0.925972
-0.365511
-0.514989
-0.674247
0.452632
-0.253832
-1.03141
-0.134542
-0.870741
-0.711284
0.628558
-1.40231
0.808923
0.137606
1.03012
-1.26328
0.4367
0.00184062
-1.43764
-0.264615
0.264792
-0.774893
-0.483984
1.60241
0.205085
0.235659
-0.583739
0.193811
1.12275
-0.703998
0.932567
0.252397
-1.3582
-1.63841
-0.307493
-0.201942
0.162365
0.236253
1.3458
1.31341
0.515322
0.281768
-0.505354
-0.454954
-0.562191
-0.368359
-0.0973939
-0.132718
-0.322137
0.362365
-0.579357
0.0143424
1.48488
0.139952
-0.988371
-0.772418
0.924123
1.28184
-0.570461
-0.452191
0.396213
-1.26539
0.0784271
-0.772482
-0.961341
0.490388
0.147049
1.16494
-0.062626
-1.5532
0.216982
-1.25053
0.189088
1.14386
-1.39655
-0.300363
0.703104
-1.44218
-0.934778
0.648534
0.663897
-0.322516
0.362076
1.28296
-0.580558
0.256185
1.17821
0.858271
-0.471697
-0.124717
-0.180647
-0.560502
-0.792314
0.459383
-0.0377483
0.574927
-0.381437
0.81682
-0.558709
1.74226
-1.04214
0.181165
0.0445977
0.194833
0.578119
-0.289987
-1.21695
1.02913
-0.646589
0.261149
1.29633
-1.22967
-0.14167
0.442714
-0.734561
0.110181
-0.198903
0.304269
-0.519599
0.771409
-0.731459
-0.539276
0.485292
1.68565
0.335918
-0.73063
-0.52103
0.621691
0.639039
0.7281
1.09771
0.10941
0.565082
0.194846
-1.0464
0.013696
0.305315
-1.25548
0.0832624
-0.808626
0.314924
0.0657051
-1.1017
-1.20363
-0.263916
0.151144
-0.0895622
0.107472
0.0326146
-0.155117
-0.270229
0.52745
-1.59284
-1.31072
0.968995
0.684024
-0.289244
0.62245
-0.0738422
-0.318145
0.250917
0.592398
0.546195
-0.23238
0.384326
-0.927387
-0.408835
0.535662
-1.10606
0.220638
-0.0346054
0.158624
-0.969762
-0.535578
-1.02015
-0.320065
-0.248001
-0.335663
-1.81798
0.149645
0.98191
-0.251505
0.00574956
0.0167565
-0.642069
0.0961968
-1.15473
-0.560396
0.282201
-0.881533
0.0946136
-1.40608
0.157674
0.876138
-0.540793
-0.701269
-0.646038
0.251996
0.77412
-1.2836
-0.262227
0.748491
-0.629153
-0.443491
-0.300961
-0.99168
-1.36701
-0.422981
-0.466718
0.666446
-0.304105
0.143276
-0.332385
-0.0918724
0.189123
0.369053
-0.865144
-1.15195
0.266273
-0.339193
-0.0713565
1.06485
-0.47033
0.716541
0.501614
0.48384
-1.51912
0.540113
-1.32191
-0.601751
0.463435
0.378555
-0.717514
-0.113146
1.33173
-1.60544
0.976332
0.865964
-0.722593
-0.910489
-0.920052
0.161689
0.936224
-1.10257
1.66184
0.361526
0.111802
0.156171
-0.899161
0.242063
0.546278
-0.380391
0.0658296
0.704417
-0.57935
0.252883
0.182548
-1.55078
-0.060051
-0.214224
0.0300823
-0.675396
0.749491
0.786561
0.561244
-0.0668358
-0.583344
0.301537
0.719987
-0.574056
0.217153
1.3768
-0.0530661
0.0543429
-1.03137
0.425702
-1.03915
0.11158
1.01469
-0.426477
0.677034
-1.24537
0.0635227
-0.273627
-0.513726
1.69274
-1.09907
0.604654
-0.158037
-0.334386
-0.995991
-0.922397
0.00209727
0.797812
0.070281
-1.039
0.0256997
0.998263
-1.42178
1.79114
0.0356345
1.09281
1.12261
0.0305217
0.533018
-0.146705
0.5672
0.0809319
-0.124577
-0.703078
0.607288
-0.22209
1.13262
-0.924746
0.890632
-0.940107
0.397402
-0.352644
-0.703283
-0.0320939
-0.2614
-0.545853
-0.586615
-0.192355
0.737058
0.0266485
0.0992033
-0.677013
-0.265934
-1.57271
-0.58089
1.00631
-1.36327
0.0914186
0.868454
-0.605293
-0.598009
-0.751635
-1.46338
-1.36112
1.24204
-0.39143
0.478731
0.578532
0.151112
0.0914603
0.148872
0.232805
-0.810599
0.533923
1.43728
-0.67313
0.00354445
-0.715478
-0.770638
-0.782895
0.0143587
-0.0679912
0.337921
0.617587
0.54902
-0.771441
0.16947
0.803387
-0.940846
-1.80863
0.14739
-0.734168
0.552706
-0.422297
-1.02815
-0.183125
1.43564
0.631707
0.177032
-0.899555
0.460764
1.29207
0.950134
-1.17177
0.208939
-0.109975
-1.22136
0.672309
-1.18547
-0.250245
-0.521087
0.936585
-0.592678
-0.0454176
0.312134
-0.736415
0.934684
0.0454521
-0.512868
-0.296469
0.629336
-0.537803
-0.352511
-1.05302
0.0222608
0.0791735
1.00968
0.439177
-0.0730872
0.309639
-0.611916
-0.611307
0.856328
0.327366
-0.139762
0.29401
-0.10587
-0.181969
0.148003
0.876569
0.838709
0.43218
0.103842
0.351494
-0.623346
-0.198535
-0.529633
-0.690723
-0.555669
-0.213873
0.36473
-1.14195
0.450821
0.102786
0.418363
-0.0650988
0.649558
-0.261699
-0.395804
0.788053
-1.53307
-0.631804
0.363032
-0.555069
-0.509731
0.0142069
-0.248302
0.649307
0.302323
-0.0672962
1.4193
0.451265
0.380189
-0.0522058
0.0992454
-0.502783
0.981886
-0.363834
-0.663632
-0.395464
0.86187
0.338845
0.77571
0.280407
0.0685291
-0.121486
0.271828
0.402264
-0.129938
-0.476001
-1.42199
0.459452
0.36427
0.851019
0.137402
-0.273516
0.256501
-0.389869
0.453959
0.215906
1.40498
1.66895
-0.0190694
-0.37175
0.281938
1.38746
-0.784265
-0.345751
-0.303713
0.700942
-1.42
-0.196166
0.0813381
0.653399
0.608725
1.1703
0.689543
-0.316621
-0.977689
1.1128
0.728027
0.12954
0.894541
-0.311521
-0.457575
-0.596078
-0.573229
0.764215
-0.0295013
-0.0788318
-0.493588
0.265884
-0.49949
0.873611
-0.220838
0.110574
-0.175262
-0.450604
-0.934035
-0.420497
0.305365
-0.344551
-1.44574
0.722343
-0.371271
0.75765
-0.775534
0.358481
-0.457109
0.523078
-0.847189
-0.57511
-0.950497
0.245852
0.291556
-0.272205
0.257865
0.428652
-1.52408
0.810451
0.712442
-0.391432
-0.67981
-0.415942
0.97054
-1.05807
-0.169817
-0.301945
0.444826
-0.0666396
-0.542768
0.330353
-0.173887
-0.801194
0.800212
-0.226322
-0.00487602
0.347181
0.27455
0.615563
0.428155
-0.582094
0.186327
-0.311127
-0.277303
0.379365
-0.720052
0.291261
0.940193
0.374946
0.471563
-0.129089
1.53031
0.553198
0.466288
-0.326316
-1.10292
0.318853
-0.477986
0.385132
-0.170227
-1.31733
-0.178127
-1.13359
0.313219
-1.02058
0.223989
0.298154
0.890077
1.22482
0.90981
1.1093
-0.604827
0.186967
0.804073
-0.347643
0.593231
0.437372
-0.983989
-1.88106
-0.50636
0.0358413
0.147159
-0.551594
-0.0807354
-0.546635
-0.0117675
0.419031
-1.23499
-0.384244
0.51352
-0.812389
-0.0066799
0.0455497
0.66015
0.984209
1.02128
0.62976
-0.427455
0.358792
0.497468
0.457088
-0.246912
-1.64063
-0.170211
0.260699
1.41631
-0.579805
1.05494
-1.39248
0.682426
-0.523779
-0.604263
-0.745321
0.40384
-0.373532
0.323517
-1.60651
0.0112311
-0.376509
-0.489562
0.0359448
0.297707
0.100299
-1.54204
0.220764
0.321277
0.609441
0.518275
0.296365
0.309983
0.945324
1.9809
1.31084
-0.132338
0.400683
0.480847
0.156519
-0.61919
-0.372913
0.573856
0.980859
0.364937
0.26932
-0.379386
0.343315
0.051266
0.727441
0.180301
-0.449255
0.364568
-0.330796
-1.00107
1.00684
0.429262
0.142719
0.636515
0.116806
-0.188495
0.194954
0.66349
0.916117
0.121292
-0.0741206
1.1947
-0.691185
1.03611
0.650326
0.745159
-0.602789
0.284669
0.868033
0.165389
1.08083
1.25472
1.06134
-0.490169
-1.1679
-1.37781
0.147817
0.571515
1.41989
-0.570681
-0.675234
-0.379791
-0.00473222
-1.07883
0.532623
1.60084
-0.417918
0.787534
1.01244
-0.178306
1.3885
-0.941801
0.334361
1.26123
0.0555774
-0.258969
-0.228885
-0.530151
-0.276715
2.06273
-0.0191581
0.921626
-0.592242
-1.08659
0.151713
-0.113289
-0.08055
1.31969
-0.59208
-0.879833
0.0986525
-0.771324
-0.758395
1.16456
-0.866119
-0.554483
0.43504
-0.733998
-0.749563
-0.71292
0.816593
-0.786685
0.935799
0.148052
-0.643593
0.466846
-1.12439
-1.50988
-0.282725
-0.261555
0.660768
1.18871
0.0617247
-0.294524
0.856003
1.11828
-0.586503
0.031854
-0.153337
0.208203
-0.200575
0.0526518
-0.306327
0.783582
0.627774
-1.62463
0.47229
0.267379
0.224498
0.574541
0.377176
0.634598
-1.23169
-0.1148
1.91638
1.19471
0.245234
-0.856989
1.00186
1.09006
-0.313427
-0.184771
-0.12624
-1.74657
1.13065
-0.80549
-0.183897
-1.6019
-0.532093
0.909911
-0.514018
-0.470893
-0.0829505
0.720114
0.957641
1.05243
-1.30737
-0.816191
0.281655
0.530183
0.191243
-0.0739675
0.880029
-0.867233
-0.648115
-1.02284
-0.892223
0.574046
-0.450972
-0.64374
-0.521217
-0.111134
0.779553
-0.881926
-1.18185
1.40719
-0.670128
-0.180806
1.26291
0.732078
-0.108298
0.462597
0.875284
0.568594
-0.194795
-0.317192
-0.301342
-0.666266
0.476859
1.01282
1.94673
0.390249
-0.217898
-1.37166
-0.0938758
0.430827
1.28068
-0.482558
0.72658
-0.251813
0.562889
0.181947
-0.375446
-0.311656
0.37096
0.0539534
-0.248073
-0.0521372
-0.392114
-0.224419
0.29414
-0.428607
0.29773
0.907348
0.638199
-0.00184898
0.367183
-0.54697
0.901854
0.353288
-0.154337
0.540811
-0.557281
-0.557661
-0.267818
-0.0312389
0.647635
0.899338
0.0514988
0.433028
0.468248
0.0582417
0.223378
1.681
-0.661453
-0.949371
0.460472
-0.295946
-0.602181
1.65098
0.0554924
-0.43365
0.366568
0.676375
0.364894
-1.13138
-0.662109
-1.84014
-0.748829
-0.167767
-1.1674
-0.819523
0.551483
-0.502656
-0.225098
-0.341067
0.72618
-0.724511
1.24134
-0.113314
-0.246037
0.0396388
-0.8552
0.928209
-0.109271
-0.374648
0.996407
0.590148
-0.133155
0.0952896
-0.905378
0.258524
0.037233
0.0118432
-0.582158
-0.735765
-0.709916
0.636139
0.662644
1.02811
-0.331668
-0.270962
0.209556
-0.935855
0.212611
-1.01662
0.542008
-1.02504
-1.28
0.659008
-0.865669
0.67907
-0.0514544
0.12832
1.52192
0.350278
1.36906
-0.694074
0.560319
0.502649
0.00913391
1.27666
-0.456709
-0.231536
-0.660929
-0.112531
-0.225438
0.805409
0.320345
0.730805
-1.12578
-0.288675
0.263628
0.0390094
0.43371
0.467706
0.162416
0.773385
0.489116
-0.416999
-0.610897
0.593242
-0.558996
1.09329
0.623889
0.223331
-1.25246
0.00284485
-0.981849
0.612371
-0.0927324
1.13562
0.200439
-0.170419
2.21764
0.239556
-1.15367
0.675502
0.461803
0.712715
0.579704
0.420066
-0.12724
-1.28263
-0.564121
-0.228045
-0.244566
-0.398381
0.809133
0.541726
0.698101
0.516005
-0.784149
1.26467
0.351117
0.486407
-0.698708
0.00379578
0.141572
-0.367769
-0.486292
0.708709
0.754982
0.935685
1.42277
0.212005
0.314753
-0.322849
-0.274666
-1.17398
-0.05949
0.752607
0.286339
-0.332649
0.201239
0.109142
-0.579831
0.57849
0.463533
-0.536984
1.62885
-0.374174
-0.515487
0.421508
-1.25222
-1.14188
-0.454774
0.154522
-0.945542
-0.63459
0.216271
-0.712109
-0.378784
-0.948437
0.323605
1.21961
-0.685471
1.49676
0.864851
-0.298501
-0.0198417
0.491553
-1.25346
-0.183766
0.81682
0.742151
0.104372
-1.22088
0.0264415
0.176712
-0.145109
-1.69951
0.148159
0.379314
-0.660256
0.662048
-0.544792
-1.45174
-1.14034
0.857198
-1.52824
-1.1143
-0.501771
-0.109228
0.107674
0.611745
1.00822
1.28575
0.443047
0.0993127
1.28161
0.663956
-0.108265
0.363284
0.721521
-0.401783
0.813922
-0.31207
-0.690698
0.182567
-1.20437
1.22048
-0.182916
-0.478265
-0.406146
0.45991
0.988186
-0.456225
1.36982
0.922815
0.789199
-0.287789
0.105209
0.513657
-0.562515
-0.0539174
0.267527
-0.0317842
-0.324364
-0.526362
-0.161395
-0.122217
0.413096
1.58323
0.172388
-1.27326
-0.279139
-0.282792
-0.059327
-1.50868
-0.848688
-0.512431
0.260485
-0.0370399
0.882869
1.12426
-0.0466563
0.645974
1.1698
-1.64387
0.740343
-0.0245645
-0.69776
-0.369093
-0.112002
0.486725
0.148662
0.367707
-0.0413604
0.140556
-0.111203
0.507104
0.538316
-0.476778
-0.768466
-0.454225
1.20411
-0.977888
0.462478
-0.615107
0.325577
1.53443
-0.406938
-0.216304
-0.398023
-0.681791
1.13636
1.3983
0.278171
-0.137246
0.232911
-0.65994
-0.0795351
0.549903
-0.210679
1.60477
0.482567
1.94987
-0.914981
0.201259
0.961643
-0.197764
1.80732
-0.440322
-0.240197
1.00271
-0.634353
-0.184356
0.104765
-0.537975
0.703567
0.647156
-0.456486
0.545824
-0.34957
1.37519
0.735763
0.0782231
-0.497353
0.481212
0.150831
-1.52807
0.788518
-0.391079
-0.292496
0.440564
1.7226
-0.846616
-0.676265
0.195428
0.26527
0.266459
-0.714293
-0.928286
-0.776725
-0.542892
-0.507449
0.670787
-0.840032
-0.565257
-1.08272
0.382248
0.0397687
0.0599568
0.626424
-0.647353
0.351951
-0.945955
1.00248
-0.97303
-0.670903
0.0945676
-0.460599
-0.539965
-1.73958
-0.721273
-0.106552
0.913498
-0.365892
0.174877
-0.405853
-0.175645
-0.984992
0.346787
0.927933
-0.502817
0.309892
1.68668
-0.336204
0.45243
-0.20324
-1.34828
-0.156291
-0.698741
0.672207
-0.747309
0.921949
0.165096
-0.939918
-0.766805
0.0207547
-0.0435708
0.0977384
-0.0414277
-0.254301
-0.0341685
0.612018
0.60405
-1.73791
-0.809885
0.26517
0.519434
-0.461445
0.768425
-0.276273
-0.0557846
0.476737
0.206285
-0.0401752
-1.02662
0.589821
0.567235
-0.81212
-0.603903
1.69963
-0.511127
-0.153313
-0.381991
0.750335
-0.633426
-0.170261
0.561974
0.29769
0.230982
0.737669
0.621524
0.802194
0.543344
-0.426149
-1.02556
0.315279
0.29063
-0.413747
-0.3066
0.0338413
-0.231948
0.112256
-0.246887
-1.05901
-1.08365
-1.01122
0.0759148
0.497803
0.187994
0.971966
-0.0102041
-0.2689
-0.616105
-0.657953
-1.23654
-0.688005
-0.97814
0.306164
0.196093
-0.327837
-0.913499
-0.0869899
-0.387471
1.47824
-0.0133606
-0.0308164
-1.22951
-0.374075
-0.700919
0.57817
0.161368
-0.772501
0.924687
0.985825
0.203948
-0.346781
0.220926
-0.446836
-0.76543
-0.744773
0.843317
-0.587437
0.130996
0.96365
-0.0995245
-0.593207
-0.244636
0.572411
0.350652
-1.04636
-0.122195
0.945224
0.173804
0.233738
-0.130075
0.187719
-0.127207
0.659787
0.129496
-1.17595
0.455398
-0.199791
-0.366184
2.01318
-0.670827
-0.229991
0.822662
-1.20352
1.19253
0.570012
1.39613
0.148913
-0.685244
0.113073
0.205553
-0.573056
-0.196572
-0.163768
1.28562
-0.627258
0.523757
0.374445
0.741211
-0.951834
1.22956
0.341798
0.142967
-0.493758
-1.16212
1.2928
-1.68802
-0.218485
-0.346383
0.18653
0.134267
-1.01629
0.32696
-0.617721
-0.829909
0.0768966
0.114228
-1.02878
0.471806
0.582039
-0.386387
0.411079
0.0769399
0.727731
0.4707
0.628911
-0.338635
-0.0887159
-0.244022
0.204697
0.838657
0.461987
-0.0477115
-0.274841
-0.421386
-0.326943
-0.687232
-0.628385
0.0416842
0.74147
0.873473
-0.329722
-0.765898
0.302552
0.514303
0.543337
-0.377177
0.998602
-0.153707
-1.97711
-0.103882
-0.118793
-1.4568
-1.15495
0.718335
-0.34831
1.04025
-1.22783
-0.213107
0.911742
-0.842834
-0.119431
0.117412
0.686036
-0.0881729
-0.0733875
0.58705
-0.731989
1.06923
0.750519
0.0907452
-0.496855
0.507628
-0.199972
-0.011169
-0.438355
-0.47104
-0.455492
-0.415847
0.712445
1.12267
-0.483819
0.0887432
-1.00598
1.31232
0.655056
0.391528
-0.166411
0.651652
-0.186308
-0.0670178
-1.49743
0.854364
-0.600756
-0.713733
0.526506
-0.433316
0.384437
0.0703889
0.5801
0.102326
-0.965962
0.654295
0.539947
0.155135
0.066549
1.79256
0.813317
-0.202796
-0.709231
-0.779159
1.41417
-0.731866
-0.860777
-0.67908
-0.242527
-0.509959
-0.0760087
0.911018
-0.0300172
-0.520873
-1.37639
-0.414438
-0.153497
0.658466
0.600766
0.394808
0.670607
0.338766
0.169087
-0.0844395
-1.16478
0.0831118
-0.238926
-0.0759464
-1.69737
0.840738
-0.823217
-0.573485
0.481448
1.15128
-0.823669
-1.69337
0.0620708
-0.25274
0.349549
0.903056
0.606669
0.141205
0.240064
-0.0866182
0.539108
1.24873
-0.483061
-1.53347
-0.0302783
1.42077
0.677681
0.565949
-0.402068
0.0451808
0.0914718
-0.897444
0.763752
0.0123974
-0.595805
-0.238313
1.18051
0.816579
-1.14054
-1.20274
-0.264262
-0.106928
-0.15713
0.237941
-0.774306
0.522929
-0.51821
-0.294705
-0.931377
0.883765
-0.285759
0.412735
1.59291
-0.995997
-0.388971
0.214026
0.161238
-0.314134
1.2802
0.306175
0.12594
-1.18038
0.619726
-0.00898218
-0.419597
0.00610285
1.15925
0.192431
-1.99822
0.907877
0.306074
0.490765
0.237801
0.100008
-0.706542
-0.413218
-0.216128
0.397582
0.705039
1.32717
2.27245
-0.37974
0.806722
0.156097
0.673182
-0.215586
-0.225127
0.315014
1.07
-1.4109
-0.832297
-0.0744537
-0.378277
1.02359
1.04708
0.748629
0.710358
-1.68762
1.8036
0.758847
-0.341209
-0.733609
-0.50928
-2.04061
1.84013
0.0792346
-1.25465
-0.544342
0.478419
-0.728477
-1.47432
0.102173
-0.38795
0.283284
-0.444977
0.470695
-1.7583
-0.832067
-0.0630905
0.0230448
0.394196
0.00566609
0.0248865
2.0853
1.01049
-0.710024
-0.224225
1.07909
0.844411
-0.121036
0.031342
-0.528564
-0.978762
-0.0161566
-1.13416
0.458769
-0.0219998
-0.177634
0.596104
-0.135259
-0.947
-0.571192
-0.810096
-0.345679
0.205913
-0.0527821
-0.54459
1.02346
0.734156
0.450453
0.321296
0.559755
-0.207941
-0.30067
0.72778
1.28579
-0.431285
0.229438
0.599266
0.287471
0.324827
0.569844
-0.0083102
-0.12843
0.274439
0.0040417
1.04621
-0.768936
-0.872515
1.41844
0.373014
-0.288084
-0.265293
-0.227912
-0.190302
0.660266
0.349617
0.359834
-0.608953
-0.590129
0.0499408
1.45158
-1.01866
0.0545324
1.17286
-2.22138
-0.683219
0.203258
1.35659
0.0152436
-0.653878
-0.00591086
0.542364
-0.232824
0.680206
0.86246
0.243925
0.508981
0.285006
-1.29619
-0.639175
0.262767
0.733191
0.682662
0.726447
-1.5398
-0.450579
-0.162962
-0.174495
0.0940492
0.408929
-0.424227
-0.927881
-1.29329
-0.530612
0.54694
0.216589
-0.242763
-0.488221
-1.59756
0.369244
0.543852
0.903799
1.81544
0.859631
-0.398695
-0.133508
0.0276649
-1.06649
0.806206
-0.226206
0.613612
-0.181282
0.585258
0.148569
-0.849161
-0.433751
-0.470091
-1.30135
-0.420475
-0.0266489
0.706779
0.779559
1.11079
-0.337124
0.224996
-0.149102
0.515697
1.33896
1.83177
0.176754
-0.762932
-0.71595
-1.03453
0.108946
0.237574
0.231498
0.920288
0.933083
0.513172
-1.25346
-0.356099
-0.206355
0.727416
-0.127193
-1.18863
-1.14448
-0.147738
-1.26602
-0.151937
0.185678
0.374625
-0.150783
0.421511
1.52849
1.40574
1.18473
-1.17973
-0.602906
-1.12014
-0.372777
-0.577259
0.075768
-0.634277
-0.195482
-0.660902
0.429661
1.63319
0.288634
-0.428713
0.199279
-0.266433
-0.152908
-0.457726
0.0506039
0.99551
-0.119765
0.227082
0.874769
-0.358697
0.322347
0.134952
0.798312
0.266639
-0.837664
-0.769911
0.327554
0.16796
-0.261436
0.71543
-0.233688
-0.172625
0.0056617
0.983332
0.709705
1.01654
1.24975
0.37183
-0.411478
0.169371
1.11821
-1.52601
0.544444
-0.945233
0.506101
-0.146024
-0.133347
0.853285
0.867969
-1.20493
-0.124339
0.903853
-0.331101
-1.13519
-0.0269747
0.748209
0.0509685
-0.966708
0.32383
-0.141137
-0.308199
0.134012
-0.961616
-0.0969393
0.251149
-0.384092
-0.268001
-0.249325
0.259899
0.415981
-0.0287418
0.854336
-0.168364
0.170168
-0.893654
-0.387422
-0.19283
0.605665
-0.682624
0.0390322
1.02371
-0.121401
0.280799
1.00547
0.234519
0.270574
-0.124527
0.292844
-0.205472
0.188
-0.379737
0.254986
-0.722391
0.861112
1.54645
0.48095
-0.241073
0.223462
0.826946
-0.376758
-0.0791178
0.383955
-1.4914
1.06682
-0.136367
-0.730028
1.05354
-0.211884
-0.0473399
-0.263089
-0.779076
0.403026
0.91686
-0.323566
-0.842066
-0.65314
1.25928
0.266874
1.03851
0.734125
-0.504366
1.11798
-0.577447
0.0637061
0.0802585
0.577721
-0.204542
0.645442
0.376234
0.223871
0.352957
0.614159
-0.230998
0.347033
-0.326499
-0.477496
-0.0831138
-0.714878
-0.975375
-0.290029
-0.404989
-1.30099
0.117907
-0.0230144
-0.681138
0.919624
-0.582673
-0.691688
0.594862
0.285993
-0.479922
-0.29614
-0.436973
-1.0461
0.264535
1.62543
0.512744
1.28742
0.551776
0.46109
-0.0179844
-0.523941
0.757385
0.0344129
-0.536094
-0.144451
-0.288266
0.404578
-1.23128
-0.436604
0.308027
-0.433375
0.25776
-0.462011
-0.29774
0.188596
-0.272713
-0.875578
0.350839
0.25185
0.366399
0.526817
-0.0592729
-0.540733
-0.602324
0.025863
-1.52048
0.539575
-0.288282
-0.907469
-0.824238
0.871164
-0.616635
1.29501
-0.734677
0.390745
0.193077
0.315268
-0.2653
0.16807
-0.641253
-0.0912211
0.379955
-0.176101
0.265146
0.23011
-1.16372
0.758928
0.474125
0.973732
0.38834
0.275235
0.649502
-0.193162
-0.24181
0.731476
-0.0330114
0.406347
-0.960042
-0.462707
-0.546042
-0.413136
0.663959
-0.126777
0.1947
0.568229
-0.810668
0.599616
-0.126054
0.39115
0.672424
-0.107098
-1.11109
-0.778623
0.504303
-0.317651
-0.686612
1.23593
-0.043909
-1.15336
1.19985
-1.69348
0.313596
-0.305953
-1.18382
0.367722
-1.02703
-0.147386
-0.0494571
0.638475
-0.254658
-1.21769
0.0563962
-0.21918
-0.528513
-0.46338
-0.556247
0.0807328
0.2947
-0.704351
1.07191
-0.341602
1.64618
0.526772
-0.29364
-0.322262
-0.32167
0.404676
0.452294
0.416209
0.364043
-0.562922
0.105941
-0.0531031
0.260483
-0.396855
-1.27863
-1.16511
0.00900454
-0.518252
0.661835
-0.310865
-1.13331
0.386788
-0.302942
-0.19762
-0.11634
-0.135693
0.641601
1.33765
-0.865078
-0.187049
0.0880607
-0.835773
0.166414
-0.933895
0.322518
-0.67275
-1.11961
0.619972
-0.675434
0.883617
-0.701345
0.702538
-0.376185
-0.405988
0.682017
-0.499872
-0.0216715
0.994943
-0.322747
0.0725524
0.520606
0.0155415
-1.65618
-0.0701331
-0.381752
-0.0394313
1.37662
0.785058
0.547139
1.10613
-0.433426
-0.159737
-0.550396
0.0528085
-0.482392
-0.172796
-0.24329
-0.169389
0.347874
0.397026
-0.201207
0.943212
0.543466
0.826242
0.196089
-0.218802
-2.00718
0.774588
-1.72575
-0.0432464
-0.916303
-0.401847
1.24758
1.47074
0.245442
0.129963
-0.337661
-0.329807
-0.62334
-0.0751543
0.591361
0.0382406
-0.171127
0.323741
-0.378118
0.568471
-0.55202
-0.0903906
-0.769405
-0.145704
1.20888
0.0345237
-0.615997
0.132
-0.765444
1.35141
-0.671468
-0.261325
0.186662
-0.440346
-1.72375
0.252889
0.0945289
1.50492
0.556409
-0.35553
1.24591
-0.805045
0.6055
-0.00726674
0.507281
-0.0327427
0.662349
-0.978268
0.472777
0.309057
-1.08885
-1.72684
-0.322866
-0.393233
-0.218598
-0.39296
0.148325
0.0292203
0.252467
-0.0202757
0.468397
0.108105
-0.597893
-0.0166848
-1.03233
0.832768
-0.984636
0.132905
-0.477262
-0.109636
0.980254
-0.130943
-1.24035
0.473273
-0.252447
0.342701
-0.44243
-0.616049
0.573048
0.316502
0.487444
1.82916
0.601433
-0.501091
-0.857813
0.981285
-0.131119
0.776309
0.578108
-0.548634
-0.0961372
-0.647767
0.251617
-1.09933
-0.380155
-0.998159
0.0824203
0.368721
0.978599
-0.374624
0.359125
-0.200405
-0.41095
0.678347
-1.22162
0.220123
0.737911
-0.712156
0.955492
0.409278
1.14523
0.441184
-0.0669302
-1.0893
-0.597417
1.9892
0.321814
0.411736
0.525231
0.0448604
-0.418375
0.461367
-0.464366
-0.035684
0.760433
0.739622
-1.00641
-0.49654
0.20239
0.826623
-0.328276
-0.330428
0.29971
-1.05211
1.06625
0.346916
-0.210333
0.0317716
0.471538
-0.954294
-0.888887
-0.287605
0.114872
-0.0865326
-0.494945
0.515001
-0.58031
-0.646513
0.0504347
-1.33305
0.29189
0.587491
-0.197665
0.280389
-0.581459
0.341562
-0.296711
-1.27235
-0.320215
0.523948
-0.735837
0.652546
-0.676613
-0.742414
-0.424958
0.609353
1.04049
0.139558
0.00302862
-0.436442
-0.0889919
1.34415
0.0634147
-0.0859219
-0.742464
0.143739
0.833746
-0.00899304
-0.20472
-0.795962
-0.563971
-0.18575
0.641126
0.0244743
-0.38977
0.81025
0.248709
1.23575
0.825296
0.00489531
1.33109
-0.0476555
0.295215
0.547659
0.00519765
-0.0172587
0.975571
0.124595
-1.25582
0.717417
0.614229
-1.36327
-0.162305
0.278006
0.324991
-0.232335
-0.696867
1.23607
0.241048
0.00743568
-0.817694
2.2504
1.21001
0.51912
0.287151
-0.662063
0.229307
-0.588668
-0.0770853
-0.994991
-0.526117
-1.20514
-1.52928
0.827922
-1.36461
-0.986271
-0.143742
0.404489
1.03515
-1.4691
-0.266921
0.596716
-1.09831
-1.42767
-0.678408
-0.205388
-0.371763
-0.10022
-0.740299
-0.25872
-0.902929
0.630022
-0.818075
0.38293
0.0441119
0.636452
-0.863293
-0.168969
0.0406328
0.431824
0.765189
-1.86568
-1.22751
0.867524
0.653725
-1.08417
-0.0362296
-0.466703
-0.221359
0.404691
0.838744
1.0826
-0.279303
0.483606
-1.24939
0.904076
-0.707908
0.562993
-1.07577
-0.823056
-0.174009
-0.713449
-1.2421
-0.62889
-0.0540798
-0.2849
-1.13905
0.298565
0.888305
0.650605
0.031048
-0.403207
0.311062
1.40915
0.47264
-0.103868
0.0958064
0.945271
-0.998891
2.15165
0.244757
-0.425145
1.05406
1.53091
-0.927436
-0.2974
-0.752553
0.229793
0.478735
0.205047
-0.545648
-0.418034
-0.0867957
0.089427
-0.469726
-0.204937
-1.28849
-0.629452
0.0951831
-1.12194
-0.202112
0.0164429
-0.271424
0.468561
-0.245221
0.219791
0.0516503
1.28546
-0.966824
-0.224545
-0.753771
-0.0274441
0.780393
0.524849
0.275003
-1.16199
0.489766
0.802043
0.639324
1.87541
0.941116
-0.309815
0.0468878
0.200308
0.35085
-2.11494
0.245371
0.652467
1.08246
0.254809
0.9542
-0.426378
0.3434
0.106347
0.737192
0.751339
-0.203141
-0.211384
0.509975
-0.0684558
-1.19922
-0.703429
0.844409
-0.0866307
0.504411
-0.0495634
-0.217353
1.64024
-0.807769
0.503326
-0.808181
-1.01834
-0.748299
1.20867
0.299119
0.228851
-0.348652
-1.0184
0.157584
0.815022
-0.28508
-0.318844
-0.838821
-0.237063
-0.323752
-0.279278
0.582333
0.618201
0.204796
0.223312
0.174223
0.914519
0.00569966
-0.346646
1.81361
0.825928
-0.593912
0.360171
-0.294668
1.58053
-0.617734
0.482637
0.517966
-0.705425
0.643591
0.961086
0.782088
-0.885565
1.38404
0.278639
0.90717
0.747451
-0.0475198
-0.93161
0.343647
-0.141026
-0.351143
-0.283376
1.4428
0.345468
1.43869
-0.551582
-0.0440192
-0.205268
-0.57773
-0.692368
-0.831821
-0.515102
-0.648302
-0.00651633
-0.812552
-0.335245
0.954834
-0.0501536
0.77933
-0.110203
-0.14679
0.26731
-0.000911427
-1.29839
-0.0130762
-1.18793
0.115806
0.803753
0.715354
-0.578466
0.328991
-0.873488
-0.285341
0.156832
0.208852
-0.314972
1.11648
-0.447607
-0.427951
-0.61982
-0.207406
-0.309364
-0.399314
-0.966673
-0.55062
-0.0531731
0.945174
-0.734308
0.758162
1.30999
-0.348841
0.291839
0.548004
0.0536945
-0.179477
1.14984
0.20513
0.645525
-1.19774
0.309327
0.67326
0.377493
-1.2064
0.930403
-0.442244
0.20107
0.605369
0.918807
-0.241977
-0.340036
-0.37338
-1.20032
0.212235
-1.17059
0.64362
0.727748
-0.593586
-0.38757
-0.0986316
-0.309097
-0.155914
0.331173
0.903939
0.371925
-0.157099
0.251177
-0.329476
-0.260754
0.959846
1.49554
0.472916
-0.341932
0.889762
0.0270165
-0.409085
-0.0142046
0.442808
-0.021405
0.185052
0.867106
0.0817692
-0.409798
0.0595956
-0.203074
1.23878
-0.0489591
-0.681112
0.197708
0.341915
0.932286
0.806485
-0.104663
0.750839
0.242373
-1.13688
0.682794
0.58124
0.525847
-1.50756
-0.72034
-0.517077
-0.149949
0.0118149
-1.11203
-0.676992
-0.614133
0.785348
0.514906
-0.0273293
0.41288
-0.476346
-0.57075
-0.850415
0.700331
0.108765
0.770444
-0.0992185
0.763274
-1.17778
-0.101141
0.909243
-0.353721
0.0290764
0.876108
-0.409665
0.148119
1.90423
-0.407559
1.16814
0.00657068
0.545088
-0.28743
0.164934
-0.628061
-0.0942868
0.351302
-0.548537
0.202916
0.704979
0.482862
0.460199
-0.78722
1.94868
-0.506343
0.568715
0.105609
0.263351
0.576404
-0.986242
0.651545
-0.826631
-0.523826
0.137704
-0.51437
0.603504
-0.0156288
-0.357551
0.734602
0.267208
0.573522
-0.196955
0.00197516
-0.855318
1.14553
-0.0787521
-0.6939
-0.121494
-0.730173
0.00976008
-0.662657
-0.522528
0.0634993
1.42026
-0.0365208
0.534999
1.21597
1.21874
0.482447
-1.36099
-0.27571
0.170372
-0.134712
0.717373
-1.06463
0.152174
0.97653
0.563482
-0.33867
0.0785518
0.265384
0.98514
-0.188957
-1.66807
-0.871803
-0.139503
0.277701
-1.07752
-1.05857
-0.175693
-0.0903488
0.039133
0.732667
-0.653694
0.555613
0.165906
0.0426283
-1.25967
-0.191966
0.210924
-0.164888
0.3502
-0.21259
-0.382788
0.269184
-0.0328213
0.91646
0.112062
-0.169434
0.739166
-0.554253
-0.610089
0.219268
0.0746305
0.289633
0.558876
-1.55736
-0.229535
0.45657
-1.49155
-1.30345
-0.0742449
0.294323
0.0286795
-0.511284
0.190486
-0.0678786
0.743603
-0.0115658
-0.845698
0.361398
-1.10962
0.510236
0.121292
1.24135
0.227896
-0.577204
0.269097
-1.57802
-0.669969
1.6712
-0.506974
0.174772
-0.323826
0.234117
0.387505
-0.346821
0.787455
-0.253512
-0.545991
-0.746994
0.0661594
-0.421621
-0.964231
-0.787806
0.503038
-1.26846
0.509313
0.0369879
0.62608
0.402485
-1.18238
0.538515
-0.270524
-1.0064
0.135729
0.0611029
0.917572
0.610322
-0.4096
-0.885593
-0.489248
-2.37365
0.0881704
-0.897934
-0.205578
0.36863
0.253758
0.715607
0.0741063
-0.500869
0.045257
0.167503
1.95703
0.822365
-0.553304
-0.713036
1.3138
-0.127383
-0.640126
0.211404
1.10304
0.408855
-0.44679
-0.262945
0.720989
-0.552173
-0.658728
-0.410983
0.277657
0.57455
0.159065
0.582104
-0.0754048
-0.465608
0.309293
-1.98406
0.725435
-0.39486
1.05588
-0.963089
-1.52073
-0.752095
-1.1883
0.372419
0.682928
-0.375273
-1.03823
-1.31477
0.0671027
-1.26269
0.1668
-0.380147
0.308222
0.342963
-0.165055
-0.317682
-0.877669
-0.387073
-0.389949
0.326822
0.502189
-0.124959
1.556
0.645937
-1.47337
-1.11006
0.777798
1.75515
-0.217185
-0.468242
-0.557115
0.293732
-0.816793
0.147792
-0.445514
0.291431
0.590681
-0.51402
0.805457
1.02431
-0.0883969
1.01416
0.818395
0.110604
0.604242
-0.121825
-1.32929
0.68875
1.14678
-0.966216
-0.302574
0.6383
1.01719
-0.917204
0.0365404
0.030227
0.296164
-0.890802
-0.890888
0.738625
-0.331437
-0.287383
1.13069
0.577262
-0.0896023
-0.281043
0.461465
-0.0728437
0.111348
0.58473
-0.961917
-0.395368
0.912313
-0.800265
0.236904
0.965302
-1.04271
-0.706558
-0.517082
-0.974695
0.874824
-0.084991
-0.940701
0.304387
0.475039
-0.0927409
-2.36759
0.237679
-1.58567
0.246091
0.158197
0.378318
0.13276
-0.363375
0.711841
-0.554911
0.676499
0.375822
-1.01349
-0.0423265
-0.53704
0.33219
-0.925242
0.827926
0.771999
0.17407
0.780475
1.2569
-0.0629485
1.66419
-0.688761
-0.243536
-0.157124
-0.173482
-0.0409369
0.160248
-0.928145
0.10449
0.767877
0.00920305
1.80536
-1.40847
-0.480641
0.0785594
-0.0170575
-0.485046
0.049711
0.669543
0.0258101
-0.27435
-0.763273
-0.267951
-0.124784
0.478385
-0.491209
0.196265
0.0495285
0.515068
1.19064
1.15595
0.0881097
0.238725
0.0760817
-0.0908529
1.64335
0.451739
-0.604287
0.778885
0.87338
1.08031
0.773988
0.148819
-0.0174945
-0.312555
0.503694
-1.10477
0.140025
-0.639442
-0.177125
-0.953973
0.00165184
0.0326699
-0.713184
-0.826602
-0.225905
0.542696
-1.54121
0.21927
-0.353227
0.253433
-0.512808
-0.180621
0.160064
0.583491
0.191354
0.296695
0.529369
-0.485517
0.980544
-0.0429447
0.928965
-0.543214
0.506056
-0.254236
-0.509743
-0.183677
0.84571
-0.518234
-0.859307
-0.882873
-0.603321
-0.914995
-0.336164
1.1124
0.999726
1.57905
0.377818
0.450627
-0.944538
-0.407339
-0.371597
0.0415568
0.259679
0.14284
0.00109641
0.00642174
-1.50716
0.445347
-0.105862
0.217818
0.427582
-0.982192
0.65758
-0.424408
-0.713509
-0.538283
0.38637
0.376044
1.9851
-0.0534796
-0.0939917
0.0994489
1.34452
-0.354706
0.562114
-0.412042
-0.435299
-0.158168
0.15304
-0.714763
1.08745
-0.0290181
-0.236498
0.855281
0.28192
1.17536
-0.220464
-0.943739
0.155599
0.605186
-0.0138662
-0.628088
-1.44916
0.407086
-0.119608
-0.169033
1.12438
-0.646214
0.358868
-0.0935693
0.010837
0.0277666
0.468908
-0.55691
0.0368159
0.401397
0.0120952
-0.200076
0.17587
0.87721
-0.240368
1.362
-0.608682
-0.462483
-1.29907
1.94353
-0.538284
-0.673493
-0.593792
-0.198799
0.248563
-0.563331
0.886725
-0.885145
0.367883
1.055
0.852634
-0.412927
0.558767
-0.573418
-0.0934389
0.301635
-0.398993
1.09918
-0.125002
0.249217
0.570859
0.745738
1.18048
-0.962135
0.128143
-0.433325
0.450493
0.780352
-0.615745
0.99404
1.1142
0.655792
-0.396988
0.632218
-0.691575
0.12206
0.0339974
-0.263043
0.522512
0.489059
-0.381935
-1.33152
1.10838
0.596336
0.848665
0.652897
0.504799
-0.871072
-1.1375
0.109415
-0.89516
1.14769
0.26236
0.00882125
-0.697782
0.998194
0.700304
0.242035
-0.268596
0.448169
0.106647
0.642432
0.347296
0.345932
-0.651097
-0.855871
0.292627
-0.0993776
-0.0222352
-1.41482
-0.290375
0.186678
1.49754
-0.129156
-0.0688369
-0.129423
0.0293162
-0.0408505
0.698076
-0.968742
0.0953923
-0.599987
-4.89693e-05
-1.32251
-1.79137e-05
0.103346
0.0467663
-1.06193
0.0390711
-0.697165
0.86863
-0.925565
-0.189387
0.289456
0.0734931
0.456443
-0.576096
0.663782
-0.165025
-0.37556
-0.194027
-0.542879
0.26316
-0.285473
1.02001
-0.282875
-0.489742
-0.414908
0.6876
0.371087
0.341237
0.268269
-0.0379585
0.210319
-0.953996
-1.14223
-0.198011
-0.479125
0.329731
-0.531877
-0.00358608
1.08556
0.0638022
-0.682448
-0.705945
0.112658
-0.367697
-0.163727
0.344836
-0.271897
0.832451
0.175737
0.0719891
1.87016
-0.809815
1.1026
-0.661384
0.844689
0.28575
1.09484
0.338444
-0.441324
-0.244655
0.0312163
-0.0163229
-0.86079
-1.47249
-0.607149
0.403042
-0.252026
1.58818
-0.341283
-0.205318
0.449534
0.105287
0.25929
0.793015
-0.863932
0.176314
0.220607
-0.191791
-0.388097
-0.630017
0.465242
0.24061
-0.0402895
-1.29084
-0.0441033
1.00849
-0.553025
-0.130433
-0.358149
0.231426
0.555708
1.66369
-0.180047
0.280376
-0.300272
-0.356929
0.611612
-0.598852
-0.59165
-0.820904
-0.00117189
-0.987873
0.514815
0.339901
0.988823
-0.254414
-0.1327
0.358478
-0.850291
0.529198
1.17141
0.00601032
-0.947592
-0.296627
1.06384
-0.0899251
0.871998
-0.349228
-0.22927
-0.36233
0.463708
0.201886
-0.0124973
-0.537983
0.415634
-0.804161
-1.16143
-0.46931
-0.339325
-0.444748
-1.19699
1.63763
-0.349224
0.207328
-0.610036
-1.15591
0.285377
-0.012245
-2.13407
1.30167
0.375814
-1.13972
-0.0874423
-0.0807946
-0.354497
-0.254259
0.634234
-0.290565
0.49652
-0.263583
-0.236723
-0.50137
0.585292
-0.381286
-0.352243
0.634653
-0.334353
-0.048971
-0.584102
0.0968087
-0.549579
-0.953437
0.358429
-0.0637053
-0.539674
-1.48277
-0.216409
-0.915908
0.0497272
-0.00362342
0.300977
-0.732466
0.236653
0.290734
0.868835
-0.721983
-1.78468
-1.05087
0.689119
-0.177098
-0.320048
1.90861
-0.413343
0.0177379
0.820776
0.516673
-0.143929
0.0875276
-0.626022
0.667689
-0.172018
-0.292985
-0.115394
0.303965
0.698711
0.893083
0.19277
0.251996
-1.08482
-0.319401
0.277088
-1.10176
1.65818
-0.0264151
0.391489
1.13585
0.0364064
0.0529842
0.0210131
0.0294301
-0.748269
-0.365849
-0.0428144
-0.400046
-0.833311
-0.311669
-0.24227
0.584001
0.82018
1.28292
0.583499
0.0278788
-1.58234
-0.455497
-0.716112
1.36541
-0.309603
0.0435488
0.0932848
0.651854
-0.196948
-1.2095
-0.38772
0.141654
0.545738
0.426929
-0.662038
-0.544748
0.513979
0.347048
-0.26832
0.0953385
0.0568888
0.583684
-0.213821
0.365231
-0.689072
-0.0330183
0.320297
0.517585
-0.836491
0.198653
-0.315172
-1.2395
-1.54053
-0.529083
-0.0692757
0.190747
0.216033
-0.0933918
0.478969
0.132607
-0.960987
0.427057
0.604297
0.187724
-0.200647
-0.441217
-0.36707
-0.466068
-0.400418
0.797861
0.266918
1.6159
1.00026
-0.985591
0.309069
0.721517
0.075686
-0.0936182
0.377599
-2.00108
0.458839
-0.266112
0.919754
-0.493765
-0.649085
-0.78091
-1.26179
0.616472
0.830517
0.663191
-0.0722298
0.553085
0.643269
-0.142518
0.0328469
0.210116
0.508015
0.0843454
-0.435557
0.666762
1.04404
0.410557
-0.190181
1.32045
0.656842
0.151579
-0.0638892
0.525703
-0.0541377
0.224228
-0.997745
0.249049
-0.12447
0.334654
1.52152
-0.0761249
1.03798
0.57271
0.0458587
0.812688
-0.180175
0.366783
-0.429062
1.08102
-0.64496
-0.306326
-0.0623196
1.09594
0.306767
0.00818767
0.168211
-0.538937
0.448961
-0.181293
-0.667449
0.323052
-0.0403017
0.238457
-1.04865
0.332051
0.699488
-1.17891
0.9788
-1.74371
-0.0937745
1.19722
0.474631
0.667472
0.384307
-0.0492497
1.20303
1.45701
-0.834161
0.237194
-1.02379
0.157267
0.134765
0.243436
0.75327
-0.970866
0.00973154
-0.389454
-0.420393
0.707608
0.499007
0.838227
0.181204
0.309928
0.19435
1.1871
0.372604
0.111031
0.130076
-0.215708
-0.143375
-0.701485
0.0400794
0.273953
-0.0347385
1.86311
1.21753
0.348952
-0.121301
-0.0173249
-0.515324
0.422074
-1.08498
0.0305787
-0.0443483
0.744899
-1.32677
-1.53584
-0.545209
-0.143817
0.0652087
-0.590505
0.126951
-0.209605
0.786216
0.233714
-0.30841
0.20667
-0.236399
-0.785892
-0.159211
0.10933
-0.398543
-0.332035
-0.374853
-0.404812
0.504072
0.00939538
0.245615
-0.63606
-0.408243
0.89623
-0.614744
-0.450788
0.497313
-0.333851
0.287352
-0.316075
0.112714
0.107819
0.117855
-0.5651
0.268482
0.939329
1.03434
0.173509
0.348523
-0.524301
0.26782
0.0279622
0.237443
-1.7486
-1.15846
0.880092
-0.283388
-1.13008
-0.488401
0.0177171
0.890957
-0.274077
0.38163
0.922278
-0.190289
1.17451
-0.326866
0.495555
0.150079
-0.289026
1.03438
-0.208896
0.518731
-0.716722
-0.236059
-0.351782
-1.07707
0.169802
-0.329491
1.13592
-1.26831
0.237707
-0.490412
1.15029
-0.931726
-0.193737
0.580444
0.471299
0.513038
-0.447898
0.278827
0.345191
-0.132043
0.339069
-0.58444
-0.247593
0.796904
-0.585204
1.83062
-0.197758
1.37549
-1.00747
0.110705
0.833171
-0.245529
0.152193
0.543034
0.0135699
1.41474
-0.751361
0.787138
0.0682378
-0.975461
0.828487
0.486607
1.05729
-0.710118
-1.06086
1.15715
0.992528
-0.534494
0.281196
-0.178789
-1.63944
0.420844
-0.390038
0.191297
0.990585
0.448025
-0.330563
0.918643
-0.157804
0.0192356
-0.443346
-0.175191
-0.0294657
1.27128
-0.133919
1.4779
0.00787907
-0.130165
0.710036
0.959764
0.273543
-0.115947
-0.445497
-0.388083
0.295674
0.144646
0.438866
0.840501
-0.0390825
-0.762216
-0.147488
0.081563
-0.692965
-0.585914
0.384918
-0.652597
-0.247076
-0.453207
0.179778
-0.374653
0.325738
-0.321815
0.747125
0.994336
-0.986125
-0.0454277
-0.684044
0.891231
-0.125669
-0.728508
-0.71855
0.63025
0.901264
-0.329569
-0.650185
-0.122684
1.14641
-0.527677
-0.198968
0.12204
0.331513
0.347271
-1.03903
0.254788
-0.194816
-0.735688
0.969879
-0.463558
-0.467448
0.823155
-0.0310956
0.0218179
-0.722873
0.740118
-0.996654
0.0837075
-0.484332
-0.0192618
0.908602
-0.561389
-0.302915
0.0803122
-1.16424
0.259943
-0.732212
0.408418
-0.729421
0.928319
-0.198495
0.985914
0.0216216
-0.141836
0.548208
-0.124533
0.382493
-0.0098645
-2.45571
0.612774
-0.207301
0.0469082
0.265306
-0.102375
-0.989107
-0.277216
0.0122906
1.08736
-0.24573
0.311218
-0.679141
0.184766
0.478038
-0.243751
-1.31551
-0.127201
0.837077
-1.17252
-0.00593023
0.505117
1.10798
-0.431336
0.0664913
0.109034
0.407199
-1.42757
-0.629698
0.396509
0.249963
0.644336
-0.188953
-0.474101
0.639438
-0.39724
1.08081
0.759646
0.707554
0.198515
-0.488035
0.485961
-0.0667594
1.30582
-1.19232
-1.37533
-0.719307
0.390405
0.997435
-0.0675491
-0.620031
-0.117803
-0.330394
-0.88617
-0.316255
0.36939
-0.062134
-1.36805
-2.0914
-0.875448
0.355954
0.215191
0.0881342
1.07378
0.396701
-0.060584
1.9568
-0.0240218
0.549674
1.40708
-0.43713
-0.59642
0.453787
-1.18385
1.00175
1.12245
-0.517054
0.235699
-0.0265235
-0.407223
-0.217564
-1.17945
-0.502592
-0.691547
0.430528
-0.12135
1.92086
-1.34175
0.618154
-0.681241
-0.723019
0.0250818
-0.622827
-0.664009
-1.31321
0.0667065
0.0170672
-0.841473
-0.00171382
-0.53535
-1.03563
-0.773312
-1.34163
1.03785
0.311487
0.351741
1.0194
0.328128
-0.579037
1.54561
0.125015
-1.02801
0.2242
-0.440485
0.00175413
-1.05018
-0.447563
0.692548
0.349514
-0.771738
0.589083
-0.111799
-1.1588
-1.05801
-1.90986
0.0915328
0.0456347
0.364724
-0.0358391
0.472475
-0.270703
-0.86501
1.51441
0.581192
0.346279
0.09443
0.84649
0.51918
0.15691
-0.11945
1.05526
0.130822
0.185179
1.12567
-0.249288
-1.19092
-0.334031
-0.857024
0.0742524
-0.745374
-0.811897
-0.979759
1.02682
-0.19336
-0.649987
-0.266594
0.370306
1.26627
-0.549397
-0.668363
1.11568
-0.237205
0.751105
-0.105494
0.0536092
-0.232485
1.13449
-1.12842
-0.611533
0.197333
0.838673
-0.367333
-0.339732
-1.4932
-0.459745
-0.217199
-0.579156
0.118079
1.43702
0.0451649
0.0584271
-0.353295
0.929061
0.0656372
-1.05271
-0.746431
-0.0975329
-0.776866
0.777501
-0.144788
1.27777
-1.30343
0.793933
0.395463
0.618047
0.0932953
-0.89021
0.274026
-0.136849
-0.420137
-0.779305
1.17556
-0.0224992
0.281389
-0.492295
-0.272531
0.293513
0.809576
-0.7785
-0.291217
0.0696249
0.213249
0.686823
0.117724
0.645855
-0.393953
-0.335423
1.98369
-0.216412
0.696879
0.671254
-0.463515
-0.268421
0.626583
0.310555
-0.0357638
1.03828
-0.411742
0.00295088
0.46835
0.378702
-0.268899
-0.31918
1.10645
-0.413086
0.947645
0.53396
0.316848
0.574414
-0.957499
0.00891846
1.37877
0.290823
0.825719
0.0554181
0.704819
-0.0813467
0.284239
-0.644216
-0.384111
-0.144081
-1.37851
0.348846
-0.335748
-0.335738
-0.439545
-0.750318
1.1992
0.544046
-0.0456013
-0.349832
0.13023
0.790846
-0.243436
-0.000488491
-0.53004
0.06354
-0.507353
-0.163651
-0.0403728
0.276024
-0.521493
0.465753
-0.0288257
0.515424
0.66411
-0.139433
-0.776955
0.230204
-0.928567
1.13153
-0.617343
0.104501
-0.150934
-0.981492
1.31513
-1.19946
-1.08282
-0.743839
0.626826
1.04708
1.05088
0.896817
0.107392
0.0704336
0.343073
-1.18184
0.785925
-0.475622
-0.997724
0.247762
-0.702748
0.374611
0.283589
0.652992
0.292698
-0.92538
-0.629421
0.856304
-0.305568
-0.844944
0.311687
0.390713
0.534868
-0.3625
-0.23997
-1.17275
1.3577
0.6135
0.0195393
-0.285354
-0.164762
-0.882266
-0.293118
-0.192561
0.635674
-1.02812
-0.559161
1.0538
-0.252352
-0.18043
0.0897324
-1.27708
0.770305
1.27012
-0.365026
0.40649
-1.1428
0.781517
0.84697
0.140607
-0.892571
-0.269942
0.11121
0.240265
-0.0751773
-0.0787669
-0.984552
0.504767
1.32077
-0.440072
0.281565
-0.879115
0.337678
-0.285437
0.18646
0.439906
-0.907451
0.0880265
-0.546431
-0.0326097
-0.259866
0.380787
-0.3994
-0.335768
-0.112663
-0.0997778
-0.397742
-0.0714616
-0.218687
-0.132729
0.614799
1.30104
-0.0379558
-0.773977
1.78124
-0.335111
-0.234781
0.0608864
-0.34309
-0.422936
0.924944
-0.391476
-0.831071
-1.95668
1.68402
0.750792
-1.41441
-1.55713
-0.57256
-0.0936198
0.187765
-0.242548
-0.735603
0.591529
-0.360104
-0.502483
-0.0415093
0.0611229
-1.2985
0.0794578
0.235405
-0.107455
-0.154185
0.21774
0.479488
0.687044
-0.646867
-0.144657
-0.0102972
0.0303017
-0.542071
-0.511311
0.114691
-0.849905
-0.223477
1.04527
0.623173
-0.102524
-0.272465
0.0137211
0.3833
0.279303
0.189086
-0.529537
-1.14805
-0.859264
0.205389
-0.0114334
-0.442652
0.371374
0.231949
0.605727
-0.0129955
-0.685569
0.576206
-0.0261649
0.273322
-0.984133
2.17975
0.390257
-0.830488
1.31897
0.142911
0.390015
-0.189011
0.466734
0.556912
-0.221954
-0.0988365
-0.466338
0.689806
-1.32607
-0.72343
-0.0768976
-0.777118
1.0415
0.395167
-0.724151
0.834417
0.474444
-0.896823
-0.266036
-0.172283
0.365715
0.596665
1.22277
0.323828
0.388953
-0.719504
-0.811464
-0.499878
0.58651
-0.0480509
0.316181
0.482009
-0.41325
-0.314286
-0.679891
-0.364972
-0.00899158
0.723634
-1.35856
-0.525075
0.549047
-0.651986
0.348703
-0.469823
-1.22398
-0.476892
0.594173
0.471385
-1.18659
-0.189287
0.315211
0.697496
0.418198
1.01371
0.663761
0.315737
-0.936882
0.336589
1.03782
-0.690893
0.439727
0.172082
0.76771
0.090306
0.332613
0.422574
0.353844
-0.240042
-0.946026
1.37234
-0.374172
0.89682
0.135474
0.74979
0.901353
-1.03806
-0.22791
-0.0888446
0.0237387
1.7924
0.298241
-0.0195393
-0.21318
0.497986
-0.116691
0.306453
0.134433
-0.122343
-0.610268
0.238301
0.495295
-0.00376244
1.1684
-0.104739
2.81239
0.33318
-0.992662
0.56558
0.0359654
-0.368539
-0.606064
0.398133
-0.0561717
-0.281443
0.499448
0.295997
0.76295
-0.460044
0.452853
-0.0199169
-0.252462
-1.12731
-1.50334
0.652528
0.828755
-1.06534
0.957203
-0.0736296
0.981341
-0.293247
0.0464136
0.00421643
-0.565465
0.888318
0.494911
0.347104
-1.01599
-0.396823
0.352079
-0.348786
0.464098
-0.959738
-1.3825
-0.428157
0.0281777
1.19207
1.48362
-1.03784
-0.781376
0.0107471
0.925952
-0.805058
-1.02049
0.101917
0.1625
-1.28398
-0.019966
-0.549043
-0.989625
-0.313977
0.102713
-0.829258
0.161194
-0.935546
-0.862224
-0.22648
-0.661451
0.458721
-0.469997
0.12723
-0.47727
0.0191681
0.17874
0.178146
0.440316
0.571626
-0.573027
-0.914697
0.639287
0.638634
0.829699
-0.569182
0.205644
-0.746187
-0.431736
-0.0788461
0.27792
0.0482023
1.27691
0.680462
-0.380446
1.77245
-0.95512
1.59364
-0.0194632
-0.07605
0.447797
-0.442474
0.49916
-0.340997
0.294092
1.60511
0.548576
-0.161963
1.16737
0.79187
-0.399105
0.882072
0.392959
1.026
-0.470178
-0.0371283
0.677028
-0.170693
0.930293
-0.177356
-1.31074
-0.691556
1.10516
-0.0601614
0.203022
1.80186
0.734197
1.24845
0.809669
0.283451
0.221223
0.625678
-1.81364
0.870221
0.837479
0.597796
-0.599815
0.855655
1.26832
0.289122
-0.135738
-0.175337
-0.298647
-0.358106
-1.35474
-0.200435
-0.147276
0.171017
0.0700973
1.18816
0.278471
0.0686044
-0.122263
0.127822
0.402142
-0.0638716
0.235865
-0.205693
0.201599
0.293452
0.0674686
0.0327443
0.651635
-1.54235
-0.138415
0.854073
-0.211723
-0.28954
-0.0139329
0.617395
-0.411381
0.0628041
-0.148714
0.695578
-0.116781
0.022045
0.233255
0.423581
0.943417
-0.251052
0.679152
0.232273
-0.0433684
0.527849
1.98335
-0.978199
-0.0691765
0.94374
0.0694439
-0.472165
1.022
0.405672
0.319668
0.0524272
1.45224
-0.278551
0.037454
0.0441775
1.19488
0.512046
-0.780475
0.194878
-0.994291
-0.0325103
-0.425066
-0.413149
0.404486
-0.617002
0.497446
0.425407
-0.347157
-0.279479
-1.24008
0.428494
-1.10277
0.0955411
-0.138401
0.507427
-0.275743
0.101161
0.0640059
0.0706722
-0.355564
-0.273307
0.398273
-0.263597
-0.571337
-0.501594
0.71935
0.576416
-2.49472
0.120718
0.397743
-0.50047
0.093403
-0.852518
-0.880393
-0.4966
-0.279234
-0.480484
-0.169804
-0.5613
0.259207
0.514352
-0.72439
0.415572
-0.559332
-0.952298
-0.122434
0.205271
-0.629011
0.0269889
-0.616677
0.791283
0.0531234
-0.63207
-1.64369
0.101187
-0.338098
-0.170135
-0.158903
-0.871746
1.72323
-0.921865
0.0890597
-1.20826
-0.693175
-0.708439
-0.878196
-0.204306
1.33501
-1.24042
0.744336
0.575503
-0.846156
0.613566
-0.10271
-0.250972
0.555745
-0.747462
-0.146593
0.189758
-0.57701
-0.289753
-0.259885
0.36356
0.635281
0.819309
-0.82803
-0.926772
0.78434
-1.42709
1.29835
0.795253
-1.10344
-0.565518
-0.682722
0.386952
0.210438
0.709086
0.861535
1.22798
0.8018
0.808388
-1.20096
0.631798
-0.243203
0.119114
1.53314
-1.30621
0.32575
0.422085
0.305904
0.929158
-0.340955
-0.134082
1.40321
0.978093
-0.7307
-1.37854
-1.09259
-0.0740938
-1.63085
-0.198032
-0.623922
-0.856698
1.1517
-1.51248
-1.18486
0.0701597
-0.366477
-0.761288
0.632333
1.29975
0.702125
-0.618609
0.651236
-0.126134
-0.117323
0.180174
0.46959
-0.981524
-1.30493
0.312645
0.614521
-0.1721
0.100803
0.495201
0.367511
0.111687
-1.02145
0.568857
-0.809051
0.310093
-0.128035
-0.508246
0.45296
-0.871203
-0.0725022
0.636819
-0.931041
-1.1353
-1.50565
-0.499711
-0.92134
-0.400327
0.30111
-0.324704
0.570068
-0.434141
0.410941
-0.639323
-0.302374
0.631256
-0.765719
-0.729825
-0.521816
0.0809779
-0.302876
-0.458909
0.926146
0.433665
0.0176819
1.10669
-0.375886
-1.32012
-1.43493
-1.37806
-1.13154
0.732356
-0.108188
0.865634
-0.336473
0.771794
-0.0493447
-1.11566
-0.826721
0.24116
0.822292
0.931514
-0.223325
-0.107125
0.645976
-0.00755595
0.546587
-0.976096
-0.446576
-0.435374
-0.0253436
-1.45911
-0.0103804
0.0220626
-0.489001
-0.0588904
-0.564192
0.951872
-0.380788
-0.693299
-0.040384
0.700216
-0.832516
-0.484944
-0.136531
0.842303
0.792912
-0.455103
-1.33894
1.28581
-0.482637
0.12174
-0.343736
0.203842
0.351696
0.182194
-0.531359
0.243831
0.553957
1.21003
-0.022252
-0.345512
-0.19656
-0.691299
0.00946344
-0.551731
-0.36726
0.00454126
0.423691
-0.490709
0.586243
0.183507
0.0384958
0.690406
-0.564572
0.140619
-0.564543
-0.709526
-0.896384
0.0400629
0.292622
-0.342873
-0.00702257
1.13867
-0.562813
-0.823679
0.295061
0.149786
0.986495
0.0694949
-0.571227
-0.647751
-0.098959
-0.638804
-0.215408
-0.191521
1.13528
0.197914
0.869041
1.22781
-0.0390599
-0.782337
-0.970376
0.26418
1.36593
0.552288
-0.104474
0.360825
0.0676454
-0.227961
-0.979044
0.131473
-0.270684
-0.363361
0.0519903
0.0403732
0.407924
0.738687
1.57747
0.189574
0.774539
0.142646
0.12293
0.381275
-0.710592
-0.585134
0.343598
-0.699863
0.147578
-0.245305
0.217551
-0.364864
-0.866632
-0.538196
-0.12817
-0.305906
-0.0559193
0.2126
-1.77632
0.68697
-0.249812
-0.295162
-0.429565
0.578483
0.237364
-0.40655
0.232305
-0.300735
-0.446091
0.309092
1.43624
0.660698
-0.139487
0.00602154
0.639401
-0.63092
0.35459
1.0259
0.173207
0.0824846
-1.69541
0.212523
0.576013
0.144636
0.589337
0.144335
1.26113
-0.697963
-0.769544
1.42342
1.27181
1.37628
0.109264
-1.09965
-0.0669125
-0.0354517
0.874734
-1.21015
0.764214
0.180147
1.48752
-0.23711
-0.850172
-0.189347
-0.740757
-0.585727
-0.288967
1.01641
-0.878098
0.0745562
-0.085148
-0.527398
1.62315
-1.25013
1.93962
0.220299
1.46893
-0.279242
0.59078
0.377549
0.24375
-0.203167
0.566738
-0.732316
0.118618
-0.00422821
0.964028
-0.0926558
0.800184
-0.5958
0.0102849
-0.917538
0.152817
0.833573
-0.0110598
0.514053
-0.677823
-0.634517
0.16662
0.327533
1.46611
0.187041
-0.303294
-0.729826
0.236059
-0.820895
0.143769
1.36207
0.242609
-0.196466
0.0838466
1.01894
-0.0689831
1.02284
1.54566
-0.37273
0.37488
0.243928
0.0126468
1.56436
-0.75824
-0.00219254
0.633711
-0.161984
0.390459
1.01067
0.523676
0.129828
0.128395
0.204627
0.0496851
0.353383
-0.0576715
-0.541291
-0.119876
-0.273753
-1.08577
-0.243983
0.494484
0.368793
-0.0580789
-0.607135
0.798303
0.437241
0.560242
0.643834
0.16103
-0.528588
-0.767073
-0.23389
0.987161
-0.368645
0.701459
0.220919
-0.434791
-0.512705
0.843102
0.814303
-0.129809
0.547219
-0.319685
0.42074
-0.216653
0.324264
-0.897678
-1.20821
1.65419
-0.606946
1.22569
0.827492
-1.39354
0.237757
-0.149
-0.245313
0.474136
-1.21883
0.560422
-0.980195
-0.213439
-0.00542585
-0.722564
0.938123
-0.222097
0.332721
-0.441774
-0.35018
-0.0200502
0.0712646
-0.158266
-0.196051
-0.924603
0.0594089
0.756959
0.524527
-0.449751
-0.379109
0.916601
-0.36604
0.325026
0.592173
-0.198572
-1.37924
0.66153
0.18958
0.60945
0.491559
-1.59857
-0.677256
-0.0706253
1.14079
0.82969
0.32511
0.446889
-0.485343
0.361123
0.602663
0.421101
0.348411
2.14657
-0.311034
1.62095
1.03076
-0.245131
1.12724
1.06598
-0.343663
0.411691
1.02016
0.725869
0.520362
0.739884
-1.02401
0.621826
-0.732931
-0.436994
-0.24289
0.576684
0.507281
-0.557783
0.640969
0.943712
-0.346597
0.112704
0.578216
0.584548
0.519528
-0.56075
-1.61012
-0.542132
0.577388
0.272956
0.187663
0.528969
-0.311138
0.540451
0.830762
0.923098
-1.17345
-0.355068
-0.89176
-0.451687
-0.253373
-1.09377
-1.54015
0.257218
1.07248
-1.30908
-1.95815
-1.02956
0.248072
1.33927
0.189406
1.21635
-0.76869
0.0860158
-1.3851
-0.450396
0.262129
0.124481
-0.4471
-1.06685
0.0496171
-0.1437
-0.100637
0.728056
-0.735875
-0.314762
-0.536461
-1.41826
0.98468
0.372537
-0.3952
-0.417651
0.143269
1.81006
0.322195
-0.982106
0.567743
0.0856808
0.37849
-0.074398
0.0462832
-1.30678
-0.958776
0.832351
0.500614
-0.264113
0.0661857
-0.422242
0.409672
-0.179215
-2.09853
-1.5573
1.05208
-1.1721
0.454717
0.954004
-0.252231
0.596917
-0.572
-0.426865
-0.127947
-1.11429
-0.367254
1.19158
0.53537
0.76467
-0.0937342
0.717166
0.452352
0.637577
-0.632305
1.79516
-0.500194
-0.285357
0.018266
-0.266542
0.723035
-1.51976
-0.393227
0.397379
0.808677
-1.07895
-0.836937
-0.128523
-0.119493
0.714324
-0.183161
-0.314113
1.1906
0.367475
0.660582
0.0381337
0.278639
-1.15483
-0.646971
0.162949
0.373115
0.561868
0.0186934
-1.36289
-0.491533
0.0482493
0.765102
0.0967789
-1.05001
0.317416
0.410682
-0.777961
-1.29557
0.427136
0.614822
-0.373612
0.0657102
0.162197
0.91167
-0.418177
-0.904345
-0.48698
0.807752
-0.607463
0.137857
0.0116538
-0.0321148
-0.312446
1.83459
-1.2618
-0.599882
-0.165157
0.431542
-0.267763
0.474495
0.179096
0.326001
0.812175
0.890515
-0.147101
0.123852
0.805929
0.676673
-0.923317
-0.228892
-0.514733
0.848186
-0.0736959
-0.238579
0.686137
0.44888
-0.867906
0.489101
0.213345
-0.832955
-0.482497
-0.5284
-0.678371
-0.145489
-0.769485
0.432447
-0.866383
1.45269
-0.504187
-0.771681
0.748803
-0.161686
-0.791435
0.0351062
-1.16665
-0.202365
1.09007
-1.18824
0.802078
-0.859671
-0.161089
0.455579
-0.261445
-0.206203
-0.197417
1.58263
-0.635828
-1.14657
-1.04885
1.33307
-0.2892
-0.0771612
-1.12877
0.351549
-0.291066
0.336042
1.48865
-0.577897
0.370049
-0.536675
0.684037
0.585794
0.20481
0.511792
0.928108
-0.285601
-0.133421
0.598358
-0.285591
1.30079
-0.263429
1.04777
-0.0232281
-0.271304
-0.110793
-0.171578
0.0752158
0.191548
-0.124832
0.57441
0.807227
-1.42636
0.821389
-0.305895
-0.712275
0.0330529
1.05513
0.415417
0.50887
-0.237345
0.448748
-0.209554
-0.188975
0.206964
0.865677
-0.200217
-0.466942
0.623761
-0.106193
0.505973
0.0705077
0.188086
-0.891502
-0.643922
0.809547
-0.848199
-0.391984
-0.949706
-0.901109
1.20734
0.117424
-0.0448118
0.391625
-0.951342
-0.104264
0.5382
-0.196232
-0.363159
-0.275314
0.202006
-0.449768
-0.456935
0.828197
0.356901
-0.440554
0.157285
-0.79243
1.68417
-0.630036
0.102147
0.393881
-0.571266
0.285032
-0.714374
-0.297166
-0.19764
-0.35982
0.16349
0.47922
0.20046
-0.574366
0.716876
1.1479
0.40184
-0.32175
0.398877
0.0904854
0.746599
0.740489
-0.673748
0.233618
1.79578
0.130714
0.0261938
0.209156
0.364512
0.305179
-0.0947452
-0.439559
0.244093
-0.00388702
-0.204483
-0.446657
0.151383
0.699619
-1.02518
-0.0886329
-0.061818
-1.07123
0.375621
0.824418
0.257603
0.834354
0.530078
0.480938
-0.572034
0.466994
-0.461871
0.553567
0.633165
0.559789
0.463784
-0.193875
-0.232114
0.268419
-0.325059
-0.409623
-0.385942
-0.761391
0.255929
-1.015
0.931263
0.249615
-0.0308394
0.767367
0.846643
1.50316
-0.594903
-0.077487
0.188555
0.262489
-0.547978
0.860391
0.27368
-0.554471
-0.596588
0.0560819
0.0379356
0.778534
0.363265
-0.158999
0.702188
0.232687
-0.227592
-0.154827
-0.963678
-0.868571
-0.223878
-0.417691
-0.188595
-0.154258
-0.380194
-0.0769994
-0.0987466
0.561711
-0.340918
-0.53142
-0.132212
1.11256
-0.756077
-0.493064
-0.963653
0.0837235
-0.763794
0.0314322
-1.25807
0.23273
0.599995
1.05591
-1.10006
-1.09066
-1.09071
-0.364046
-0.199946
-0.00870371
-0.684499
0.0379248
0.588073
0.996589
-1.30601
-0.894137
-0.12914
-1.22849
0.396716
0.392413
0.219289
0.334019
-0.0202076
0.639207
-0.548101
0.264937
-0.671659
-0.925761
0.0681517
0.0946871
0.0481202
0.107053
-0.274789
0.676193
-0.57924
0.471304
1.27578
-0.303512
0.360608
0.96308
0.414927
-0.207297
0.344493
0.52243
0.205551
-0.272661
0.82105
-0.627113
-0.669331
0.814064
-1.08302
-0.0709521
0.259939
-0.43577
0.614698
-0.571163
0.358313
-0.542085
-0.169836
-0.960432
0.210711
0.309498
-0.261213
1.90627
0.45134
0.945395
0.147419
0.172067
1.00588
-0.82366
0.942187
0.385491
0.0197277
-0.988564
-1.14195
-0.831009
-0.984357
0.594794
0.196591
-0.88489
-0.478086
1.5919
0.867975
-0.0295492
-0.790791
1.06726
-0.666378
0.534201
-1.40479
0.716606
0.0109368
0.199745
-0.120722
0.394277
0.4198
-0.86515
-0.189228
0.15596
-0.385343
-0.253499
-1.14468
-0.280301
0.0569208
0.771674
-0.209559
-0.228884
1.27397
0.540806
0.425728
0.565117
1.44458
1.14167
-0.0644445
-0.328344
0.252375
0.322197
-0.49063
-0.564186
-0.260468
0.390059
-0.540598
-1.4393
0.99557
-0.727017
0.776787
0.823964
-0.156623
-0.255197
-0.00922752
0.690254
1.08374
0.461729
0.0335204
-1.95761
1.35704
-0.127374
-0.540718
-0.0111077
0.564901
-0.0344738
1.6342
0.769441
-0.0682119
0.269191
-0.0762712
0.328654
0.229984
-0.0932298
-0.146058
-0.909382
-1.16484
-0.865074
-0.26068
0.438132
-0.802712
0.568505
0.283492
-0.408641
-0.724255
0.242256
0.165565
0.19793
-0.128262
-0.581356
-0.564459
0.0874448
0.133116
0.237711
-0.18095
-1.25756
0.78324
-2.08702
0.0159532
-0.0585665
0.591713
0.852885
-0.291645
-0.122274
0.716944
-1.17284
1.01193
-0.716779
-0.336036
-0.73449
1.23347
-0.043275
1.0699
0.76648
0.378933
-1.03312
-0.953301
0.00724433
0.546839
-0.997286
-0.107336
-1.04073
1.52414
0.0766454
0.320376
-0.385701
0.142491
-1.27575
-0.0743775
0.31105
1.04107
-0.120726
0.258503
-0.739627
-0.135007
0.659748
-0.17912
-0.697079
-0.654827
-0.622641
0.520622
0.795781
-0.349276
0.271192
0.234639
-0.43514
-1.03074
-0.0616288
0.120056
-0.395282
-0.994199
1.06178
-1.12331
-1.23488
-0.803265
0.202891
0.919379
0.419438
-0.634882
0.0274093
-1.13162
-0.310675
0.385445
-1.03064
0.244321
-0.237907
0.803047
0.20721
-0.16274
0.570632
0.402438
0.0337745
1.08969
0.535281
0.193803
-1.67589
-0.505638
-0.638441
-0.13739
-1.71579
-0.419127
-0.120049
-1.31967
0.0587093
-0.76191
-0.40252
-0.155439
0.10966
0.168982
-1.59446
0.324293
-0.992358
0.447639
-0.390315
-0.274517
-0.264589
0.601275
-0.66619
-0.674169
0.283838
0.61579
0.0885176
-0.0466484
-0.146128
-0.297426
-0.20013
-0.681176
0.617313
-0.12245
0.257002
-0.314587
0.742575
-0.279495
-0.863896
-0.578812
0.0371759
0.531364
-0.0347946
-1.98335
0.197732
-0.769153
0.00757376
-0.117635
-0.098953
-0.650553
0.630264
0.486727
1.36885
0.637831
0.291562
-0.805145
-1.71483
0.986552
0.457406
0.2622
-1.53315
0.303257
-0.378775
0.454024
-0.226194
-1.49472
0.196226
-1.32947
-0.127023
-0.764725
0.204591
0.282891
0.185293
0.354527
0.30185
-0.407296
-1.02875
0.27746
1.2006
-0.777327
-0.0892596
-0.833463
-0.409525
-0.445015
-0.170537
-0.383737
-0.584365
-0.635062
-0.22506
-1.2116
0.090305
0.744212
-1.23299
0.508316
-1.23378
0.056665
0.106352
-0.960646
-0.115059
-1.49574
0.616089
0.19903
0.44207
1.97577
0.214643
0.118829
-1.01746
0.0368264
-0.395326
0.358728
-0.560547
0.571482
0.148464
0.258641
-0.236617
0.725208
0.563399
0.936788
-0.0503282
-0.418242
0.516781
0.21044
-0.834348
-0.273088
-0.0117429
-1.04464
0.784966
-0.588361
-0.68711
0.898398
0.803102
-1.04418
0.128253
0.59743
0.361045
-0.0945306
-0.646318
-0.0213342
-0.118203
0.551616
-0.505849
0.428446
0.0670558
-0.480544
0.130387
-0.367891
-0.183171
0.038945
-0.569287
-0.221923
-1.09793
-0.30736
0.156148
0.0367229
-0.354557
1.2227
-0.479597
0.328024
0.3259
-0.700384
-0.742134
-0.732249
-0.133738
0.661127
0.0609434
0.118701
-0.828245
1.13097
-0.399627
-0.984045
0.45646
0.330777
1.49951
-0.579808
0.246402
-0.518177
-0.281442
-0.141874
0.798564
-0.213047
-0.0735015
-0.193233
0.708066
-0.212628
-0.279372
-1.33045
1.05917
0.234267
-0.271373
0.242381
-0.558231
1.28235
-0.0453877
0.250775
0.406284
-0.149408
0.776664
0.476297
1.05668
-1.11725
0.137752
-0.562803
-1.21265
-0.529926
-0.250007
-0.391222
0.512644
0.21053
0.139011
-0.0699822
0.349686
-0.458901
0.067986
0.0565859
-0.39974
0.102485
-1.07825
-1.04969
1.59847
1.00997
-0.0712897
-0.417924
-0.356118
-0.191028
-1.30877
0.462896
0.413904
-0.255265
0.045259
0.491399
0.988244
-0.0971137
-2.1983
-1.01358
-0.794165
0.0206392
0.509433
0.0822414
-0.967831
1.01536
1.35135
-0.622315
-0.606162
-0.735695
0.960251
-0.559446
0.708196
0.267939
-1.24374
0.110697
0.214129
0.446681
0.64069
-0.994857
-0.268411
0.38931
1.06577
-0.461836
0.305467
0.171191
0.243216
0.155438
-1.04102
0.077175
-1.20329
-0.988161
0.351129
-0.0671699
0.947284
-1.20601
1.45949
0.258935
-0.22536
-0.0432552
0.278692
0.175666
0.782309
-0.345294
-0.533086
0.22464
-1.64813
-0.68079
0.0824613
-0.368312
1.65512
0.586634
-0.183392
-0.33874
-0.0746468
0.363568
1.40869
-0.762184
0.223718
-1.48003
-0.0615574
-0.870563
-0.670645
-0.276449
0.120509
-0.74664
-0.336673
0.546297
1.10592
0.788436
-0.293555
0.264408
0.645329
0.616416
0.0334252
-1.14751
0.506689
-0.710616
0.415091
0.781654
0.936794
0.868992
-0.988737
-1.18742
-1.262
-0.565066
0.726779
-1.22638
1.13635
0.63989
0.217752
0.737642
-0.447917
-1.24399
0.901952
-0.00449005
-0.499011
0.0451589
-0.228737
-0.879363
0.207852
1.72695
0.0256965
0.696448
-0.272106
0.311587
0.503019
0.0981023
-1.58661
0.854582
1.61784
0.323929
-1.69323
-0.70558
-0.606746
1.02586
-0.483079
0.321014
-0.718589
0.588211
-0.884712
0.521266
0.352792
0.370399
0.905117
-0.0352943
-1.65491
0.0556513
-0.727612
-0.281741
0.123853
-0.362726
0.111341
2.13993
-0.174208
-1.14396
-0.72196
-0.614808
-0.0325329
1.93942
-1.42554
0.391057
-1.12611
1.05522
0.221631
0.622784
0.521548
0.177614
0.175505
0.702843
-0.969299
0.000622357
0.138597
-0.644874
-1.44675
0.184054
-0.171161
0.381456
-0.224457
-0.288803
-0.692917
0.605813
-0.198103
0.849054
-0.670402
0.0944466
-0.0852364
-0.405928
0.315045
0.713377
0.140117
0.489323
-0.887129
0.621134
-0.206349
-0.259488
0.3808
-0.234198
0.407126
-0.0171345
0.200317
0.275241
-0.226328
-0.0918407
0.969929
1.0409
-0.627947
-0.0136607
0.815688
-0.142597
0.0373659
0.578778
0.384832
0.88734
0.500836
0.753709
-0.0945063
0.281178
-0.569958
-0.560631
0.116
0.547101
0.896278
-0.74312
-0.0864542
-0.757858
0.284379
0.63127
-0.334726
-0.675701
-0.262016
0.296244
-0.332139
-1.35859
0.55562
0.634282
0.936686
0.177762
0.0218741
-1.78766
-0.533258
-0.00520852
1.00824
1.27642
-0.643114
0.0979404
1.89432
-0.202505
-0.928644
-0.434134
-0.364483
0.65576
-0.557252
0.277244
-0.129729
-0.136849
0.447512
-1.03682
0.00150531
-0.353931
0.169131
0.071128
-1.26537
-0.978219
0.363035
0.435627
-0.0961575
0.0156969
0.00902043
-0.497029
0.783629
0.0215982
0.0838466
0.460266
-0.339716
0.307117
-0.865316
0.211372
0.486704
0.891175
-0.125164
-0.0172195
-0.373674
0.341234
0.731796
0.50725
-0.855274
0.127131
-0.475005
0.269969
0.402493
0.157958
-1.01857
-0.14748
-0.555222
0.0630065
1.26068
0.345186
1.1434
-0.0327369
0.580873
0.39526
-0.325923
0.835941
-0.914489
0.267999
-0.217877
-0.238908
-0.197633
0.581987
1.40606
0.98766
-0.530979
-0.801014
1.27989
-0.998848
0.334818
0.412188
0.192547
-0.378189
1.07487
0.875091
0.226514
0.0501342
0.376281
-0.0221276
-0.171095
-0.244752
-0.0521734
0.144795
-0.0271835
-0.83142
-1.42773
1.44877
0.434882
-1.1677
-0.209224
-0.083911
0.350975
-0.425457
-0.177818
0.102844
-0.421086
-1.52812
1.03497
-0.351586
-0.712145
1.11622
0.813941
-0.662603
1.25509
-0.706527
0.498078
-0.339308
-0.642947
0.670201
0.947976
-0.941112
-0.181046
-1.21484
-0.754636
-0.718941
-0.580735
-1.22813
0.923209
-0.329281
-1.47868
0.983343
0.953045
-0.171147
0.104587
1.13182
-0.108596
1.20532
-1.64683
-0.382686
0.305728
-0.240628
1.43452
-0.265239
0.0662168
-0.578551
0.319992
-0.446734
0.682131
-1.447
0.073613
0.499983
-0.278537
-1.10424
0.183114
0.064479
-0.320777
-0.491926
-1.41254
0.630167
-0.739227
1.17028
-1.17194
-0.390162
0.0819483
-1.15162
0.826586
0.173133
0.163874
-0.248227
-0.212829
0.427374
-0.363684
-0.242427
-1.44569
0.0361346
-1.10088
-0.148774
-0.319726
-0.188176
0.190485
0.442085
-0.696356
-0.610231
0.450654
-0.187781
0.275511
-0.0869361
0.453469
-0.39492
-1.02308
0.791976
0.182641
-0.0664257
-0.228583
0.541852
-0.531865
1.6655
-0.104272
0.575896
0.359656
0.199733
-0.475457
-0.297792
-0.873797
-0.162083
0.0485431
0.186523
-0.318529
0.382384
-0.186202
-0.513577
-0.956504
0.494581
0.462024
-0.674271
-1.27603
0.45856
0.381629
-0.198187
-0.102041
-0.326908
0.795867
-0.459432
-0.176705
1.09207
0.287383
-0.234812
-0.696065
0.770188
-0.461355
-0.862298
0.738198
-0.345264
-0.73458
-0.452734
0.08165
-1.15527
0.85492
0.0874051
-0.596362
0.595662
1.14186
-0.547892
-0.19417
0.0569777
0.406879
-0.944503
0.720312
0.468334
-0.503111
0.366152
-0.749627
-0.675703
0.101915
-1.02996
0.22547
0.349569
0.921483
-0.733793
0.287337
-0.334541
-1.42271
-1.65444
-1.10773
0.541415
-1.1075
0.328703
0.273942
-0.915538
0.0319859
0.0678615
-0.435652
-0.099972
-1.11135
-0.949874
0.60842
0.0145563
1.91471
-0.52831
-1.07054
0.00412239
-0.272769
-1.42183
-0.359733
0.760604
-0.091248
-0.464355
0.932958
0.393832
1.16332
-0.330539
-0.0834904
-0.746855
-0.51975
-0.341861
0.019957
-1.80506
-1.24818
0.592387
0.112132
-1.48504
0.385657
1.18917
0.18198
-1.0796
-0.650025
-0.146267
-0.10704
-0.0123492
-0.882126
-0.621756
0.213882
0.971744
0.322715
-0.345453
1.10015
-0.0296108
-0.0434403
-0.50581
-0.606631
-0.621877
0.046293
0.613561
0.6653
-0.56508
-0.609347
1.56806
-0.609477
0.568621
-0.306602
-0.429902
1.50549
-0.462887
1.12594
-0.265205
0.166044
0.440459
1.25506
0.27529
0.0131206
-0.161037
-0.235105
-0.543439
0.160035
0.274704
-0.417704
0.361078
-0.783784
-0.176839
0.321738
-0.280816
-0.13426
-0.857424
-0.529224
0.106546
0.510051
-0.897386
-0.86303
0.502237
0.794016
-0.0485266
-0.598002
0.0898502
-0.539795
-0.271908
-1.13807
-0.206739
0.166799
-1.16075
-0.333521
1.18676
-0.190166
-0.553685
0.133733
-0.28201
-0.142677
0.25001
-0.578445
0.185099
-0.0977813
-0.560254
-0.411882
0.857046
0.18851
-1.18161
-0.196201
-0.714487
0.22958
0.400476
-1.30252
-0.669224
0.455472
-0.440761
0.879459
1.0016
-0.0538227
-0.397458
-1.12487
0.0127871
1.00387
-0.18506
0.349958
0.868503
0.605081
0.374534
0.241299
-0.108692
-0.312787
-0.087794
-0.656613
-0.713635
-1.69841
-0.12237
-1.1119
0.0825081
-0.0707797
-0.519607
-0.0828382
0.489203
0.242765
-0.401536
0.451902
-0.245702
-0.870921
0.528445
0.300067
-0.233851
0.259002
0.154197
1.78929
0.518259
0.0900007
0.89403
0.719189
0.468839
0.794734
-0.061551
-0.765946
0.943153
-0.865022
-0.571066
-0.575682
-0.472412
0.854707
-1.50808
0.38892
0.625243
0.123944
-0.0879314
0.487304
-1.00599
0.633998
0.609464
-0.334627
-0.0570742
1.02586
0.227468
0.694554
-0.966304
0.659682
-0.0589921
0.570743
0.413988
-0.97587
0.354641
0.145623
0.325839
-0.580439
-0.362843
0.523959
-0.108083
-0.295936
1.07294
-0.870483
0.263036
1.27717
0.855884
0.807936
0.444701
-0.0960921
0.685164
-0.221355
0.663398
0.205883
-0.336779
-0.00876501
0.620397
-0.0256383
-0.457287
-0.307983
-0.24494
-1.08589
-0.834618
-1.0081
-0.883869
0.439237
0.222704
-0.487649
-2.01044
-0.949019
-0.539204
-0.154627
0.698013
0.858394
0.234107
-0.145479
-0.663101
0.19775
1.07664
-0.127607
0.247365
-0.202023
-0.491864
0.619923
-0.488269
-0.452192
-0.0572225
0.292011
0.556871
1.47661
0.491165
0.357581
-0.140803
0.559987
-0.242094
-0.448644
-0.0721954
-0.794863
-0.933114
-0.368479
0.12039
1.12708
0.655355
0.00459194
-0.0170537
-0.351778
1.06129
0.157619
-0.304958
0.0364428
-0.668541
0.568223
-0.127451
1.40993
-0.726079
1.28803
0.534607
-0.535832
0.511763
-0.374408
0.64078
-0.196596
-0.822545
0.444383
-0.386873
-0.687998
-0.590936
-0.188854
-0.213034
0.042144
-0.332676
0.324942
0.940519
-0.583262
0.147241
0.48528
1.01361
-0.263669
0.546898
-0.167998
1.26821
1.08266
-0.670599
-0.722523
-0.482806
0.551203
0.316475
1.1059
-0.0917542
0.604455
0.735231
-0.0579143
1.19978
-0.836529
1.7906
-1.49502
-0.353161
-0.29802
-0.254544
0.430259
0.0898002
-0.0552001
-0.551307
0.0841334
0.640705
-0.685208
-0.456764
-0.983599
0.262439
-0.304168
0.53206
-0.377273
0.210646
-0.149648
-0.265492
-0.139269
1.05443
0.924635
-1.18623
-0.666567
-0.0464022
0.531174
0.474597
0.381288
-0.570261
0.668407
-0.489985
-0.356259
1.20986
-0.8119
0.185226
-0.843911
-0.0994925
0.0171037
-0.476112
0.46224
-1.17223
0.474789
-0.801624
-0.69598
-0.00210194
-1.46264
0.0150791
0.620694
0.686981
0.295084
-0.693966
-0.548267
0.594826
-0.799263
-0.233198
0.0364817
-0.673898
-0.8778
0.367756
-0.916535
-1.9897
-0.438987
0.464175
0.315108
0.492316
-0.625901
-0.789037
0.0463008
0.408653
-1.64656
0.0534323
-0.117608
0.693983
-0.366333
-0.654954
-0.205577
-0.419025
0.0215074
1.36911
0.485037
0.34432
-0.00733857
1.15889
-0.0180341
0.618565
0.150694
1.31982
0.48781
0.987068
-0.860908
-0.373578
-0.274068
0.171622
0.459628
0.255713
-0.324404
0.223149
0.00372421
-0.332826
-0.282843
1.0955
0.647604
-0.732503
0.785774
-0.0903325
0.999185
1.48662
0.501702
0.175862
0.0839463
0.219138
0.581901
0.228779
0.278796
0.221508
-1.74295
-0.260258
-0.590455
0.475356
-0.666934
-0.664471
0.216756
-0.754345
-0.530897
0.18258
0.887809
-0.754513
0.655619
0.358858
0.277105
-0.750638
0.0725064
0.945507
-0.0662072
-0.880771
0.945488
9.10552e-05
0.43706
-0.17115
-0.0805972
-0.0927964
-0.160585
-0.163522
-0.354326
0.212011
0.49768
0.80012
-0.410157
0.665781
0.989354
1.3219
0.576056
0.545994
0.179227
-0.253508
-1.00886
0.170126
-0.0316355
-0.525052
1.35835
0.654494
-0.17052
0.126863
0.647536
1.06754
0.179254
-0.0842142
-1.05571
0.185597
-0.357651
-0.0820544
-0.305272
0.996631
-0.0191772
-0.536079
-0.401127
-1.2224
0.760068
-0.120966
-0.124965
-0.35419
-0.0386661
-0.130996
-0.0522902
-1.25864
0.840295
0.223628
-0.29914
-0.389222
-1.09728
1.17325
-1.14476
1.18674
0.0213819
-0.324413
0.621022
-0.756978
1.15846
-0.576124
-0.48297
-0.0482671
-0.215065
-0.685768
0.593663
0.0830173
0.438933
0.9802
-0.58034
-0.0915977
-0.076455
-0.491802
1.6914
-0.03299
-0.190942
0.0353185
-0.136375
-0.480554
0.661267
-0.442575
-0.184422
-0.3985
-0.758615
-0.425462
-1.87805
-0.137043
-0.795484
-0.911663
0.114192
0.467013
1.33248
-0.342976
-0.689602
0.583527
0.298996
-0.481629
0.68105
-0.567006
0.101936
0.687335
-1.51176
-0.0158029
-0.707573
-1.29829
-0.370618
0.842362
0.419236
0.907622
-0.722672
-0.838808
0.0662946
0.2484
0.209306
0.0718054
-0.15694
-0.302841
0.186695
-0.393161
0.977733
0.0541744
-0.137122
0.980803
0.664667
0.40073
-1.20289
2.22351
0.686329
0.409775
-0.859623
-0.396092
0.602219
0.490791
0.490414
-0.0926344
-0.288238
-0.118109
-0.55521
0.235368
1.48273
-0.197789
0.271103
-0.373328
-0.491644
0.407148
-0.233228
0.093901
-0.433542
-0.315334
-0.0885967
0.818276
-0.275406
-0.781523
0.789098
-0.272697
0.969458
-0.177666
-0.235479
0.0292628
-1.80814
-1.44748
0.83217
-0.496557
-0.220727
-0.337738
0.821529
-0.0316652
-0.777298
-0.271281
-0.472449
-1.18369
0.82369
0.337198
0.515462
-0.111987
0.514225
0.824619
-0.334671
0.0570986
1.60529
-0.231815
0.167279
-0.564929
-0.408242
-0.601852
-0.406489
-0.240902
-0.0705085
0.000883727
0.804797
-0.376306
-0.269605
1.44788
-1.2245
-0.47192
-0.17062
0.361723
0.814875
0.941958
1.16466
0.857283
0.197056
-0.402286
-0.141929
0.699848
0.468633
0.174663
1.36252
-0.186961
-0.220822
0.0865655
0.970287
0.996297
0.140008
-0.232261
-0.61918
0.805935
0.815487
-0.349707
-0.208358
0.378764
-0.41871
1.55712
-1.28558
-0.201256
-0.032043
-0.380103
-0.254959
-1.40232
0.529611
0.316189
-0.142611
-0.129563
0.051819
-0.0350734
-0.755989
-1.23326
-0.468177
0.847478
-0.431224
-0.312023
-1.45387
1.61702
0.557683
-0.0487894
0.261667
-0.751922
0.876248
0.198181
0.652867
-0.374183
-1.3711
0.488489
1.7531
0.545256
0.235344
0.599117
-0.581952
-0.33037
-1.48702
2.08493
-0.321684
0.459653
0.99016
-0.649145
0.535217
-0.591422
-1.1468
0.649354
0.754172
-0.454861
-0.0153389
0.825672
-0.0617552
-0.222416
-1.0002
-0.0173213
-0.474989
-0.348409
1.18462
1.0831
-0.662108
-1.61257
-0.110222
0.322654
0.104849
0.148311
-0.216567
-0.894703
0.788604
1.08114
-0.090594
1.08786
1.12233
-0.220804
-0.19454
-0.793155
-0.657344
-0.5844
1.31759
0.85505
-0.38762
0.248195
0.717337
-1.45544
-0.390643
0.780036
0.283329
0.389763
0.150225
-1.21059
-0.420205
0.0630968
-0.924666
-1.44275
1.10682
-1.63283
0.667052
-0.410988
0.406828
1.46481
0.707842
0.676679
1.26362
-1.61014
0.571091
0.671613
-0.468815
-0.207717
-0.217158
-0.618919
0.0487971
-0.580717
0.964752
-0.859204
-0.329249
-0.0979228
0.132786
0.21267
0.104874
-0.0572671
-0.329021
0.942182
0.1333
0.250102
-0.987157
0.294572
0.63952
-0.616397
-1.37808
-0.0528187
0.368725
-0.417955
-0.862784
0.401746
0.693261
-1.5219
-0.859478
-0.0832919
-1.08264
0.620994
-1.2287
-0.00832448
0.725407
-0.378111
-0.47985
0.17995
-0.0571235
-1.72758
-1.20669
0.944394
-0.21779
-0.653155
-1.03763
-0.209167
0.00359509
-1.26218
-0.257933
2.13848
-0.397518
-0.0380345
0.408385
-0.592489
0.822662
-1.14426
-0.414986
-0.167492
-1.17182
1.75176
-0.926826
-0.681836
-0.55872
-0.954318
0.762313
0.530908
1.59376
0.421671
0.332467
-0.458498
0.308267
-0.196709
-0.274504
0.12162
1.89225
-0.558085
-0.790111
0.166749
0.0554175
0.35116
0.499484
0.53262
0.209902
0.493293
0.0965774
-0.321924
-0.914934
-0.777922
0.302934
-0.156049
-0.0909034
-0.645484
-0.495977
0.694233
1.421
0.327664
-0.633624
0.490631
-0.529197
0.989322
0.559438
0.103985
1.15854
-0.382766
0.24507
0.61634
-0.812547
-0.723192
0.18653
-0.457551
-0.260614
1.25449
-0.0660741
0.0183084
0.830089
0.285851
0.395116
1.23019
-0.320742
-1.11893
1.08482
-0.445849
-0.310983
0.294637
-0.0134799
-0.254155
0.666279
0.54145
-1.08906
0.0526145
0.570786
-0.438604
-0.641627
0.407355
0.60069
-0.800342
0.197179
-0.0110678
-0.225062
-1.03945
-1.11791
0.418616
-0.224344
0.100441
-0.346199
-0.233488
0.477732
-0.227843
-0.492848
0.598478
-0.0800864
0.0460945
0.392016
-0.677775
0.280935
0.305581
1.7108
-0.225907
-0.169895
-0.183831
0.293937
0.100973
1.6138
-0.116206
1.04892
-0.0279693
-0.208874
0.0539479
-2.10117
0.19085
0.802401
1.17317
-0.285671
0.4587
0.219308
1.12556
-0.0788868
0.667013
-1.08657
-0.197407
1.10887
-0.2037
0.472622
-1.6916
-0.132168
0.422386
0.649486
0.0678198
0.289934
0.0956619
1.60805
0.262881
-1.10109
-0.167582
0.816986
-0.689683
0.182653
0.319719
1.03854
-0.0773572
0.537664
0.169481
1.13339
0.54984
-0.597274
-0.491291
1.45914
0.737596
0.000807358
0.175397
1.49618
0.387207
0.499997
1.84716
0.610875
0.356662
0.118777
1.29968
-0.896791
0.793575
0.369202
-0.713776
0.482201
-0.0144702
-0.401369
-0.172764
-0.492263
-0.423418
0.869694
0.162587
0.188183
-1.0029
0.470503
-0.176238
0.159289
0.435528
-0.778387
0.807628
-0.26134
-1.42071
1.42807
0.376334
-1.14322
-0.132467
-0.410793
-0.508738
0.0614231
-0.675299
0.698699
1.40551
-0.294675
-0.280101
-0.641872
0.180355
0.496511
-1.08998
0.779574
-0.205098
-0.270845
-0.352957
0.810952
-0.664801
0.326348
-0.633089
-0.188799
-0.0744152
0.853768
0.761242
-0.53338
1.45394
-0.468491
-0.0362772
0.489662
0.0765252
0.680713
-0.208049
-0.139662
-1.179
