0.158424
0.220595
0.138169
0.684669
-0.128876
-0.124124
0.530988
-0.282937
0.00591903
0.139204
0.356382
0.232946
-0.576832
-0.223441
0.106374
-0.419807
0.304965
-0.182392
-0.415225
0.0412107
-0.70497
-0.0695107
0.363076
-0.0921633
-0.431834
0.492107
-0.252803
0.118852
0.0463816
0.497051
-0.0977974
-0.0155194
0.709163
0.63446
-0.719563
-0.0202535
0.139003
-0.0353758
-0.191486
-0.224536
-0.338109
0.0966369
0.470493
0.510618
-0.574816
0.338203
-0.0220586
-0.172785
-0.36233
-0.402914
-0.156888
0.1615
0.600616
0.178287
0.322193
-0.173569
-0.390603
-0.0651783
-0.0621693
0.5709
-0.291117
-0.0787564
0.031915
0.671485
-0.221394
-0.0264588
-0.0488809
0.066458
0.288901
0.242787
0.139155
0.00482972
0.266292
0.290205
-0.0351577
0.512346
-0.231072
0.4136
0.73611
-0.0357281
0.004868
-0.464771
0.0663201
0.257539
-0.0530665
-0.112196
-0.0220073
0.0698518
0.13934
-0.252144
0.00462909
0.329017
-0.302396
0.298191
-0.061206
-0.0813049
0.130803
0.392256
0.527269
-0.258794
-0.463624
0.533977
0.130909
0.151406
0.205599
0.0690443
-0.449148
0.0573945
0.0569753
-0.120235
0.0625132
0.374982
0.171181
0.894909
0.239546
0.134234
-0.442487
-0.0387909
-0.227372
-0.0425525
0.054398
0.10034
0.230261
-0.220356
-0.0805038
-0.161935
-0.131999
-0.627892
0.340991
0.0763597
0.0327476
0.326791
-0.161022
-0.0824572
-0.390159
-0.623969
-0.22223
0.0672421
-0.121987
-0.761655
0.0567034
-0.0800376
-0.288004
0.114825
-0.476352
0.645092
0.0741726
0.0378688
0.573539
0.769752
-0.0211378
-0.494721
0.338133
-0.0182854
0.199866
0.0773793
0.0774438
-0.0710381
0.329621
-0.399321
0.377246
-0.0478033
-0.216915
0.287739
0.196867
-0.460616
0.111508
-0.267742
-0.0664183
0.416299
0.222706
-0.0599744
-0.463004
0.0405603
0.320947
0.0791095
-0.0478423
0.319562
0.51233
0.287261
-0.990424
-0.333382
0.335919
-0.00658759
0.0998968
-0.0764068
-0.452587
0.173567
0.171292
-0.0647666
-0.120122
0.121182
0.0138114
0.172579
-0.0684292
-0.470801
-0.767795
-0.478158
0.646932
0.413323
-0.333119
-0.413591
0.294642
-0.278276
-0.338413
-0.221864
-0.134781
0.142922
0.646714
-0.418428
-0.0805176
-0.295352
-0.0672546
-0.130219
0.111497
0.0410492
0.424657
-0.114035
0.615049
0.362798
0.324978
0.702835
0.13737
0.162172
0.226299
0.19504
-0.168049
0.159049
0.161133
0.424058
-0.17784
0.0204308
-0.303766
-0.154631
0.173814
-0.0468804
0.360413
-0.167813
0.278217
0.425823
-0.0467414
-0.625931
0.382297
-0.488963
-0.171927
-0.50996
-0.437533
-0.586133
-0.0416058
0.156309
-0.0224723
0.0289215
-0.0262283
0.159137
-0.236691
0.188886
0.528531
0.147446
0.189494
-0.4399
0.258726
0.922709
-0.170026
0.0957819
-0.399438
0.48749
-0.0456764
0.136463
0.488368
0.194639
-0.027549
-0.462919
0.349095
0.262615
-0.0761368
0.151803
-0.0298131
-0.233487
0.0276902
0.236581
0.216931
-0.154945
0.110177
-0.0357356
-0.0185085
0.127172
0.0166333
0.473287
-0.312599
-0.757505
-0.137531
-0.315623
-0.219619
-0.266606
-0.379659
-0.0968969
-0.113502
0.0289168
-0.0709388
0.196706
0.108497
-0.0364466
-0.103317
-0.256805
-0.415078
-0.353221
0.43522
-0.193368
-0.313553
0.0315067
-0.0510132
-0.295472
-0.0263987
-0.349751
0.610188
-0.108128
-0.193239
0.100382
0.0456975
-0.0975413
0.122594
-0.0130868
-0.0710367
-0.158123
0.101183
0.0834154
0.0311723
-0.646168
-0.332328
-0.372717
0.0189393
0.159898
-0.227718
-0.41544
-0.452991
-0.0890639
-0.143801
-0.335636
0.155407
-0.266775
-0.334217
-0.118164
0.0647208
-0.149301
-0.368973
0.390388
-0.178313
0.253785
0.314061
-0.120553
0.00497655
-0.109824
-0.0342298
-0.154348
-0.363364
0.250831
-0.346285
0.000581658
0.326711
0.279401
0.234575
-0.19195
-0.599294
-0.580595
-0.25917
-0.332428
-0.0473029
0.0269489
0.142732
0.473564
0.289657
-0.0262858
-0.422432
0.444885
-0.0865073
-0.0790356
-0.462042
-0.347108
-0.320177
-0.148966
0.116537
0.112555
0.283394
-0.324818
-0.58184
0.43742
-0.14794
0.340646
0.325922
0.223134
-0.172813
0.36184
0.14606
-0.0561572
-0.348747
-0.195529
-0.222315
0.211847
0.475944
0.346539
0.36217
0.360933
-0.27523
-0.446589
-0.131316
0.177191
0.189053
-0.0143212
0.000439823
0.0488862
-0.26529
0.315877
0.13327
0.140512
-0.487431
-0.200448
0.280604
0.396299
-0.0470224
0.0204207
-0.24763
0.0580815
-0.273681
0.110592
-0.0826001
-0.0771961
-0.68208
-0.349292
-0.281111
0.470872
0.134966
0.235119
-0.463578
-0.58294
-0.0831875
-0.378412
0.86272
0.199358
0.241266
-0.14013
-0.11181
0.0909293
-0.0356261
0.157391
0.497164
-0.601256
-0.131505
0.284971
-0.0617048
-0.510202
0.396481
0.363931
-0.00800012
0.00170355
0.0342019
-0.596797
-0.246432
-0.426953
-0.238977
0.0282588
0.331812
-0.257893
-0.0493454
0.28936
-0.267827
0.123854
0.323944
0.684511
0.825898
-0.100468
-0.200398
-0.259773
-0.0525761
-0.318779
0.456311
0.274951
-0.149919
0.138363
-0.343556
-0.0454327
0.0404444
-0.365119
-0.0396298
0.0290344
0.188095
0.0402602
0.119465
-0.16262
-0.00273649
0.127309
-0.453437
-0.238357
-0.0139234
-0.281476
-0.151853
-0.0432503
-0.683191
-0.324586
-0.54405
0.00990063
-0.265837
-0.35767
0.30132
-0.104613
-0.0614914
0.344534
-0.0206831
-0.0442231
-0.153753
-0.151604
0.0377664
-0.454742
0.37315
0.157559
0.303349
-0.0112592
-0.360828
-0.408552
-0.267998
-0.312492
-0.357027
0.635178
0.342266
0.0172136
-0.588838
-0.288273
0.280063
0.0518175
0.127683
0.0482971
0.411932
0.458086
0.294652
0.0388659
0.0962248
-0.350943
0.493659
-0.0857141
-0.724605
-0.46474
0.329843
0.158094
0.388719
0.55088
-0.370694
0.110839
0.176688
0.505563
0.468503
0.326278
-0.0276986
0.400182
0.131414
-0.079831
-0.288879
0.201772
0.0706025
-0.503377
-0.176155
-0.261464
-0.2871
-0.322713
0.283278
-0.423698
-0.668559
0.228826
0.260816
-0.266496
0.0452036
-0.250903
0.41247
-0.209727
-0.133776
0.163321
-0.247078
-0.456591
0.362936
0.277058
0.174139
0.550983
-0.111824
0.0159025
0.372101
-0.141406
0.895167
-0.114274
-0.374769
0.190084
0.38672
0.116339
-0.246452
-0.347345
-0.0811523
-0.420973
-0.435069
0.283059
-0.591461
-0.276727
-0.249417
0.177267
-0.110853
-0.421095
0.448275
0.113641
-0.371162
-0.777493
0.175339
0.682598
0.463372
-0.253479
0.0944611
0.367565
0.237679
-0.194286
0.511491
-0.234962
-0.0408197
0.0255766
-0.284654
-0.427582
0.222586
-0.0506306
-0.00511001
-0.00278085
0.557435
0.0618956
-0.0593581
-0.182612
-0.0146257
0.165001
-0.72454
0.108341
0.167818
-0.373248
-0.401505
-0.252315
-0.148351
0.260531
0.384615
0.0232197
0.2597
-0.148203
-0.078594
0.119139
0.291728
0.233593
-0.412806
0.0095856
0.138826
0.666679
0.509489
-0.0377298
0.213821
0.304658
-0.386308
0.211251
0.0540997
-0.156626
-0.391932
0.298444
-0.349554
-0.477616
0.117017
0.444524
-0.0125109
-0.20569
-0.112553
0.339083
-0.106494
-0.298863
0.260582
-0.244076
0.603377
-0.351897
-0.620444
-0.366939
-0.430459
-0.577224
-0.122493
0.103156
0.236631
0.0830657
-0.383235
0.43932
0.0522037
0.0859607
-0.338899
-0.00829835
0.148936
-0.16017
-0.0259519
-0.0811527
0.378312
0.000293941
-0.00438172
0.228318
0.259263
-0.0678654
0.0950878
-0.100814
-0.51784
-0.0770843
-0.45226
-0.320171
0.187037
0.348117
0.370297
-0.20661
0.160617
-0.329765
-0.0289197
-0.036026
0.0294955
-0.104583
0.093439
-0.516721
0.415251
0.34175
-0.151587
0.582492
0.1762
0.145672
-0.00741868
0.0493169
-0.361122
-0.529202
-0.0505467
0.429936
-0.11568
-0.144636
-0.0780846
0.0720053
-0.0446236
0.251691
-0.757047
0.509119
-0.476328
0.510464
-0.514258
-0.000964453
-0.143872
0.303056
0.0702026
-0.0421337
0.103135
0.198617
0.0468663
-0.176658
-0.221309
-0.129415
-0.15414
-0.00156411
0.246168
0.382251
0.297709
0.769166
0.314009
-0.660334
0.0861284
0.000591289
-0.0148678
-0.176374
-0.384705
-0.368578
0.0595423
0.302716
-0.0671737
0.161528
0.409869
0.00995846
-0.283354
0.0164347
0.173323
-0.864808
0.537071
0.284464
-0.380508
0.294318
0.346499
-0.0534471
0.0116468
0.518951
-0.227051
0.197464
0.564509
-0.301139
-0.115981
0.0735491
0.142953
0.345103
-0.301067
0.122977
0.799766
-0.257607
0.26607
-0.174708
0.00747459
-0.465802
-0.667627
0.253965
0.408437
0.331052
-0.181125
0.0961009
0.923599
0.0243859
-0.0673017
0.286107
-0.0374019
0.0812793
-0.070814
0.494596
-0.0631111
0.205091
0.354451
0.772437
-0.209992
0.0765318
0.861184
0.0504639
-0.0871134
-0.225379
0.367631
-0.235985
0.297024
-0.0910303
0.233032
-0.427194
0.0443769
0.21381
-0.107953
0.387426
-0.0198224
0.263517
0.0439071
0.06085
-0.119475
-0.0973432
0.853317
0.0909623
-0.652005
-0.391801
0.31033
0.143868
0.338911
0.368021
-0.578092
0.637347
-0.119937
-0.220275
-0.130444
-0.153998
-0.332998
0.299807
-0.0667134
0.057172
-0.0039139
0.564693
-0.319279
-0.122441
-0.136754
-0.0362907
0.298305
0.524772
0.298108
-0.771169
0.0421222
0.306407
-0.294591
-0.76402
-0.0477639
-0.480877
0.0425394
0.0556811
-0.194448
-0.462161
0.273177
0.252499
0.331435
-0.125201
0.0878737
0.123688
0.00281724
-0.347552
0.576337
-0.248117
0.226855
0.252817
-0.242256
-0.154367
-0.0309017
0.124696
-0.015753
0.178223
0.0635289
0.0380769
-0.156565
0.585067
-0.136199
0.346295
-0.401607
-0.340932
0.317282
0.363169
0.453322
0.461214
-0.271628
-0.760829
-0.217344
0.187648
0.492774
0.0692105
0.0715429
-0.15044
-0.108386
-0.100479
0.318216
0.244237
-0.141657
-0.305748
0.0561027
-0.382432
0.0213927
-0.216554
0.616896
0.127371
0.304586
0.162184
0.144775
-0.485063
-0.273678
-0.141234
-0.0167991
-0.50333
-0.223374
0.14731
0.399577
0.00134282
0.132252
0.0732633
0.39483
-0.445415
0.123887
-0.163028
0.0336653
-0.10825
-0.246841
0.594703
-0.34801
0.455451
-0.253425
0.00108516
-0.241302
0.0120363
0.492319
-0.267522
0.479937
0.343223
-0.127105
0.803458
0.143664
-0.657683
0.540658
0.727025
0.177609
0.573823
0.382737
0.203866
-0.18649
0.415614
0.083647
0.0846019
0.225386
-0.106837
0.261011
-0.25369
-0.289216
-0.0072619
0.589206
-0.557298
-0.258638
0.184745
-0.564348
-0.172922
-0.31423
0.21001
-0.14122
-0.000361524
0.173388
-0.0274018
0.868606
-0.438581
0.013198
-0.0954106
-0.575837
0.170053
0.392924
-0.107593
-0.455978
0.115952
-0.0151215
0.287938
-0.260296
-0.0244808
-0.222007
0.248586
0.122252
-0.121059
0.0144602
-0.0178717
-0.0357178
-0.155516
-0.424457
0.168813
-0.724085
0.404848
0.137719
0.00417897
-0.683193
-0.0935946
-0.535381
-0.400954
0.265339
0.125382
-0.0608414
-0.326752
0.0406431
-0.4986
-0.718235
0.299982
-0.314026
0.455198
0.206537
0.164469
-0.0494614
0.59083
-0.0760049
-0.391068
-0.0920267
-0.39195
-0.301817
-0.240206
0.477393
-0.615521
0.369388
0.235833
0.256127
0.180577
-0.258491
0.256768
-0.60503
0.0163951
0.258029
0.180415
0.416856
0.476806
0.644866
-0.0346712
-0.30802
-0.207971
0.0248445
-0.0207474
0.350806
-0.0158212
-0.00938263
-0.0178886
0.267511
-0.210254
-0.328002
0.0446111
-0.0422978
-0.405406
-0.035019
0.600148
0.140226
-0.414466
0.0952456
-0.364245
-0.0637968
-0.331188
0.256953
-0.391325
0.112245
0.0651217
-0.0971238
0.228171
0.206143
0.14832
0.57011
-0.607872
-0.0888579
0.0226984
-0.128357
-0.623325
-0.341058
0.140971
0.162821
-0.208729
-0.189738
0.108041
0.0239739
-0.128756
-0.00468032
-0.180944
0.305524
-0.0559507
0.346785
0.036295
0.0691555
-0.248934
0.188039
-0.157327
0.0980035
0.517657
-0.0484511
-0.244381
-0.280539
0.248853
0.213817
-0.0225409
-0.181727
0.313689
-0.0115243
-0.0818127
-0.359986
0.922941
-0.447516
0.210438
-0.0016905
0.268464
-0.20407
-0.258843
0.157159
0.200333
0.437897
0.203009
0.0881832
0.102267
0.0591729
-0.148928
-0.193488
-0.391656
0.274725
0.340345
0.272596
0.465733
0.277849
-0.309395
-0.176938
0.307158
-0.0405721
-0.701171
0.241036
-0.248867
-0.522302
0.113606
-0.643834
0.254854
0.0271173
-0.00310149
0.0377008
0.168939
0.0377848
-0.312531
-0.215125
-0.378922
0.208601
-0.322513
0.569651
0.112987
0.0496051
0.139462
0.235347
-0.119471
-0.0520539
-0.280453
-0.306311
-0.0150827
0.682699
-0.0655263
0.332222
0.0949117
0.257639
0.187912
0.229988
0.0337425
0.27737
-0.357856
0.571188
0.440302
-0.0249718
-0.16072
0.256888
0.307602
0.15706
0.178736
0.130597
0.407951
-0.0222162
0.054157
0.33954
-0.0256664
-0.103798
-0.073791
-0.524868
-0.513983
-0.670892
-0.152412
-0.191511
0.240876
-0.149877
0.462515
-0.430832
-0.21124
-0.130523
-0.200789
0.00219109
-0.427933
-0.261657
-0.036845
0.496787
-0.19117
0.580126
0.436029
-0.340851
0.227001
0.0327303
-0.199366
-0.597182
0.0585623
0.146706
-0.0946783
0.205282
0.241288
0.442461
-0.0448662
0.041551
-0.107124
0.986131
0.0987938
0.118207
0.182934
-0.399792
-0.357751
0.103263
0.153179
-0.187585
-0.206763
-0.0406263
0.194502
-0.0308952
-0.322235
0.211039
-0.196904
0.201453
-0.00850377
-0.189624
-0.211857
0.262072
0.220985
0.236884
-0.404095
0.369535
-0.0837855
-0.0474824
0.392032
0.176108
0.0146837
-0.456431
-0.707585
-0.531533
-0.340004
-0.283129
-0.234318
0.0519278
0.37367
0.0469997
-0.612762
0.0117882
0.212489
-0.0779854
0.13848
-0.021047
-0.345369
-0.0874496
0.0685932
0.637541
-0.31154
-0.454846
0.109005
0.111355
-0.341042
0.0621745
-0.242966
0.474032
0.303267
0.040969
-0.134184
-0.281175
0.226404
-0.088453
-0.249023
0.106759
-0.81422
-0.357846
0.0821203
-0.0686933
-0.120923
0.0102865
-0.00451178
-0.172078
0.111349
-0.692258
-0.410674
-0.51645
0.00736828
-0.127594
0.14383
0.177784
0.103058
-0.257631
-0.126259
-0.0419434
-0.625001
-0.0739854
0.0323067
-0.0674874
0.0189047
-0.429094
0.218689
-0.0628036
0.483897
-0.134246
-0.562839
0.209213
-0.0407461
0.0355326
0.0574926
0.0481775
0.0348694
-0.431607
-0.354263
0.322481
0.0235651
0.269446
-0.273505
-0.410831
-0.135839
0.272318
-0.625053
-0.0072015
0.421795
0.242524
-0.0822591
-0.0917074
-0.564751
0.189665
-0.439416
-0.305208
0.596204
-0.440297
-0.72544
-0.235948
0.243031
-0.394426
-0.557673
0.125065
0.0329248
0.32384
-0.263514
0.529872
0.0710778
0.542757
0.296713
0.509082
0.142324
-0.292637
0.539533
0.356638
-0.464193
-0.260844
-0.0256519
0.217573
-0.287923
0.214905
0.274307
-0.322971
0.250121
-0.110879
-0.0337507
0.350174
-0.233465
0.221383
-0.0553725
0.359241
0.0853407
-0.18213
-0.0817087
-0.245762
0.139904
-0.128756
-0.482934
-0.0906494
0.237757
0.257167
0.0624279
-0.376496
0.0107024
0.512482
0.0402107
-0.113219
-0.300836
0.0837013
0.31617
0.409393
-0.00931293
-0.271325
0.26405
0.111027
0.037023
0.482685
-0.47023
0.173866
0.239557
-0.329487
0.22889
0.0656079
0.0407764
0.110461
-0.484194
-0.200829
-0.199975
0.0390353
0.487936
0.276161
0.314986
-0.235932
0.087255
0.266908
-0.0138526
0.174785
0.345457
-0.0412914
-0.0278401
0.242724
-0.445556
-0.33547
-0.0345927
-0.259692
-0.383605
0.150003
-0.0312421
-1.00883
0.209587
0.0628268
0.887289
-0.125743
-0.178213
-0.050375
0.277079
0.0407309
0.383146
0.0247347
-0.314434
0.308763
-0.226164
0.0419168
0.0100673
-0.0302024
-0.0996077
0.146919
-0.40813
-0.0517762
-0.306912
-0.290774
-0.0263178
0.720249
0.414619
-0.00993559
0.257844
-0.224485
0.249146
-0.271702
-0.258304
-0.128038
0.0206763
0.421887
-0.361796
-0.439735
0.335756
0.18596
0.0147198
0.573736
0.208253
-0.219347
-0.2125
0.164157
0.103966
-0.103857
-0.0674665
-0.059806
-0.479801
0.345259
0.422378
-0.286149
-0.063262
0.0974983
0.542624
-0.0534788
0.0577117
-0.0735507
0.178342
-0.0344919
0.415245
0.257059
0.235877
-0.0541495
0.398817
-0.138674
0.00914844
0.430623
0.439461
0.293749
-0.208809
0.798625
0.104063
0.266849
-0.166543
0.0341844
-0.244682
0.316528
-0.22559
-0.443141
0.588137
0.476385
0.0965238
0.5513
0.0816433
0.287715
-0.117779
-0.0746047
-0.342319
0.00877492
-0.181785
0.111454
0.0316826
-0.239999
0.138355
0.214889
0.293354
0.13775
-0.59734
0.316078
-0.20362
0.348206
-0.0426349
-0.181911
-0.0668349
0.279986
0.532942
0.116128
0.383404
0.342581
-0.620141
0.381393
-0.0646549
-0.262219
0.126814
-0.225551
0.205013
0.0614651
-0.136488
0.183042
-0.646871
-0.583413
-0.150937
-0.641983
0.169346
-0.351354
0.460004
0.350198
0.0564136
0.326332
0.511226
0.621179
-0.0964538
0.204536
0.10268
-0.416701
-0.472614
-0.144374
-0.0088772
-0.159177
-0.562266
0.0728037
-0.182294
0.231324
-0.0606895
-0.155899
-0.588846
-0.0668683
0.545865
0.587203
-0.333202
0.317982
-0.347861
-0.188475
0.0325549
0.00597456
-0.324448
0.0338999
-0.0828981
0.0649528
0.327728
0.448282
-0.0830941
-0.0855748
0.0143431
-0.298788
-0.525644
-0.189287
-0.107568
0.457481
0.157369
-0.172274
0.218427
-0.251256
0.307941
-0.116524
0.326008
0.350876
0.0904795
0.270605
-0.187428
-0.104621
-0.0224783
0.155195
-0.184237
0.163594
0.22925
-0.0820393
-0.23773
-0.232629
0.19405
0.00905972
0.374513
0.69314
-0.0344224
-0.0472731
-0.214681
0.425696
-0.15969
0.165276
0.32075
0.230276
0.282174
-0.279518
-0.769431
0.00458104
-0.185658
-0.110732
0.000204786
0.12704
0.0624325
0.170208
0.211757
0.0941588
0.261254
-0.195126
-0.230539
0.273666
0.272622
-0.272307
0.476527
0.144927
-0.115166
0.0354646
0.0647714
0.26614
-0.152
-0.425307
0.000813344
0.217492
-0.1362
-0.211901
-0.156226
-0.0458155
0.403637
0.405851
-0.219159
-0.548732
-0.413637
-0.0181054
-0.175992
-0.652507
-0.314832
0.359348
0.156013
0.272396
-0.128243
0.291674
-0.0467647
-0.104608
0.242807
0.144752
0.43123
0.237382
-0.337484
-0.327532
0.447947
0.0681224
-0.231011
-0.0391769
-0.535533
0.270428
-0.244032
-0.326272
0.192691
0.09454
-0.604857
-0.211533
0.488565
-0.0261458
0.0313804
0.137001
-0.12721
-0.907086
0.387639
0.0418303
0.258475
0.153502
-0.719205
0.310142
-0.588537
-0.133707
0.0964068
0.032115
0.0552291
0.225272
-0.00148902
0.0224551
-0.180344
0.487214
-0.109944
-0.564315
0.341141
-0.299106
0.0873721
0.0162986
0.424348
-0.288622
-0.316301
0.0579332
0.357033
-0.317795
-0.257225
-0.122187
0.140019
-0.101507
0.833453
0.302211
-0.221359
-0.349239
0.504474
0.338911
-0.293875
0.297073
0.050497
-0.360504
-0.106664
-0.417859
0.186128
-0.870687
0.433507
0.117924
-0.0791081
-0.111494
-0.530088
-0.0718853
0.545762
0.231772
0.295937
0.159486
0.402353
0.512058
-0.123528
0.0502402
-0.252055
-0.0513019
-0.323136
-0.0338377
-0.148305
-0.343182
-0.00218382
-0.134005
0.610729
0.314523
-0.207793
0.316915
-0.307136
-0.505484
0.0971051
-0.286214
-0.0816324
-0.412518
-0.0655067
-0.560969
-0.283806
0.0106359
-0.00379415
-0.21696
0.591788
0.694596
-0.298515
-0.463046
0.33987
-0.284685
0.0551393
-0.207925
-0.335785
-0.0227069
-0.172573
-0.157069
-0.000300186
-0.361035
0.0151338
0.069372
-0.147836
0.148544
-0.218318
0.320287
0.2373
-0.419496
-0.121555
-0.426757
0.0308084
0.137206
0.0889006
0.175094
-0.33644
-0.327813
-0.286946
0.462258
-0.254955
0.557134
-0.0840916
-0.0319802
-0.12531
0.603218
-0.529501
0.254161
0.637384
0.435587
-0.131184
-0.309369
-0.210467
-0.2139
-0.526937
0.345194
0.407012
0.217346
-0.34472
0.446157
-0.0482931
-0.0327527
-0.139697
0.323165
0.191076
-0.461913
-0.11878
0.480387
-0.240295
0.203491
-0.00805996
0.2869
0.12735
0.100395
-0.290966
0.481845
0.660251
-0.143495
0.132572
-0.194216
0.0380881
0.622519
0.155228
-0.212514
-0.06146
0.899077
0.0797436
0.254885
0.0329362
0.251819
0.121976
-0.522804
-0.385849
0.263199
0.258662
0.133795
0.192704
-0.229235
-0.426529
0.163836
-0.260084
0.0100974
-0.199651
-0.476082
-0.211313
0.185655
-0.305672
0.0438236
0.0993623
-0.139167
0.269287
-0.432963
0.603934
-0.282426
0.0364269
-0.194896
-0.634772
0.336203
0.180129
0.254425
0.210069
-0.263567
-0.0112211
0.382688
0.0524117
0.526028
0.0024013
0.304659
-0.0823858
0.132358
0.0517374
-0.0274222
0.624248
0.767643
-0.0871674
0.298637
-0.140765
-0.268398
-0.0994137
0.0259497
-0.138719
-0.204451
-0.31964
0.0140483
-0.0432904
-0.11125
-0.400358
-0.628003
-0.144088
-0.0885579
0.235505
-0.0963547
0.0421109
-0.16179
0.39187
-0.679307
0.316441
0.409637
0.403969
-0.031614
0.259484
-0.560548
0.382688
-0.330537
-0.289802
0.635145
-0.444277
-0.115455
0.204747
0.248522
0.473169
-0.687388
-0.038668
-0.511727
-0.0286768
-0.502682
-0.330458
0.45045
-0.706039
0.218774
-0.136509
-0.734997
0.30568
0.0881009
-0.441625
0.147307
0.321573
0.249713
0.304885
0.275051
-0.420619
-0.22013
0.458431
0.301401
0.193952
0.260034
-0.0340171
0.270833
-0.102301
0.184992
0.0450603
-0.00602273
-0.112022
0.0648912
-0.0939633
-0.0681407
-0.377989
-0.44032
0.357517
0.11943
0.320492
0.0550639
0.0381358
0.00766059
-0.274107
-0.237283
-0.154382
0.0887127
-0.111318
0.0371604
0.20278
0.611233
-0.297568
0.158096
-0.257655
0.365931
0.0394951
-0.329461
0.130753
0.0465718
0.679193
0.227441
-0.293924
-0.088423
-0.387965
0.244016
-0.846401
0.655994
-0.156663
-0.402768
-0.272637
0.137291
0.244025
-0.0953283
-0.0952579
0.205666
-0.331557
-0.28867
-0.0143068
-0.29673
0.482426
-0.169427
0.0332964
0.325253
-0.157293
-0.315025
-0.2291
-0.407815
0.0369852
-0.69084
-0.344077
0.416417
-0.185793
0.374972
0.175437
0.149131
0.279526
-0.0617834
-0.307495
-0.158911
-0.124251
-0.065908
0.0265414
-0.281469
0.286367
0.216924
-0.414009
-0.0513426
0.134469
-0.37749
0.199175
-0.111665
-0.350573
-0.353431
-0.0447254
-0.176907
0.755564
-0.177077
-0.344669
0.455835
0.611594
0.00874804
-0.181634
-0.379618
0.283059
0.107297
-0.667024
-0.795755
-0.0218847
-0.406989
-0.0472777
0.545261
0.718572
-0.0729508
0.159755
0.0198325
0.350612
-0.269563
0.2861
-0.293096
0.449816
0.282156
0.0645099
-0.197406
0.331858
0.0605244
0.314114
-0.226837
-0.426161
-0.0137643
0.379685
0.412501
0.221791
-0.188526
0.100532
-0.260468
0.0523674
-0.0885024
0.101296
0.493172
0.322111
-0.263567
-0.357498
-0.325997
0.134777
-0.288495
-0.229473
0.355127
0.295761
-0.424541
0.666687
-0.263562
-0.381153
-0.0485443
0.375185
0.0889515
-0.12445
0.0650585
-0.130125
-0.0732055
-0.0719919
-0.0456567
0.3135
0.0870077
-0.616535
-0.0746696
0.0267136
-0.266069
0.449476
0.463866
0.122434
0.14893
0.23927
-0.267164
-0.246794
0.166349
0.21193
0.234385
0.345329
0.0890761
-0.453674
-0.212913
0.272184
0.16552
0.128794
-0.307698
-0.317388
-0.608286
0.40505
0.595229
0.505556
-0.182862
0.527622
0.479084
-0.801579
0.376843
0.202994
0.0720899
-0.0665127
-0.326368
-0.250533
-0.192878
0.460791
-0.0707476
-0.591156
-0.0250735
-0.101527
-0.536581
0.337999
-0.421522
-0.18784
0.119511
-0.109399
0.137038
0.155316
-0.312865
-0.0806398
0.00590481
-0.27016
0.237615
-0.111337
-0.525594
0.0523426
0.0310763
0.395894
-0.398929
0.105192
-0.166454
0.123604
0.563751
-0.614209
0.45253
0.306236
0.152893
-0.662077
0.095267
0.55758
0.634275
-0.416668
-0.0367704
0.371959
0.227651
-0.150724
-0.194925
0.366452
-0.28808
-0.0677524
-0.257882
0.117677
0.0554852
-0.0459742
-0.357399
0.00298719
-0.24148
0.748817
-0.11243
0.241763
-0.154465
0.176082
-0.316452
0.344785
0.591724
-0.00412066
-0.155781
0.192631
0.113252
-0.335589
0.296277
0.508966
-0.136046
0.882303
0.850722
0.460296
0.150257
0.312051
0.292645
-0.214456
-0.0763003
0.0241077
0.341802
0.672383
0.358069
0.1418
-0.406954
-0.466146
0.25556
-0.0477031
0.86071
0.229367
0.0404421
0.297163
-0.238657
0.211253
0.565053
0.0165573
-0.462011
-0.295943
0.0549549
0.135093
0.597649
0.175049
0.163033
0.214611
-0.491176
-0.146158
-0.381743
0.126629
-0.175815
0.363087
-0.117829
0.38058
0.341728
0.122489
0.535275
-0.0160534
0.315335
0.218817
0.24422
0.226727
-0.171832
0.00965892
-0.077254
-0.238464
-0.0444563
-0.177266
0.149856
-0.0374254
-0.426794
-0.0119829
0.306935
-0.389201
-0.204227
-0.325649
-0.109616
-0.477714
0.320537
0.117743
0.327975
-0.328557
0.645583
-0.69082
0.322267
0.0723522
0.137737
-0.177973
0.0790633
-0.375769
0.655185
-0.223054
0.163528
-0.554395
-0.0702107
-0.669697
-0.225449
-0.167739
0.255263
0.411391
0.290671
0.424459
-0.233182
0.256623
0.401432
0.120928
-0.00465322
0.152497
0.146188
-0.543023
0.30478
-0.384684
-0.00189096
0.301404
-0.396368
0.300002
-0.176529
0.370152
-0.452752
0.397915
-0.168533
0.128047
0.117107
0.485462
0.520636
-0.256303
-0.0545127
-0.325575
0.0168386
-0.176421
-0.14107
0.735455
0.455365
-0.153626
0.12964
0.616494
0.159853
0.107632
-0.195656
-0.0678538
0.0335248
-0.430151
0.345295
0.149566
0.161518
0.263996
0.475682
0.194002
-0.0254908
-0.305228
0.401918
-0.161902
0.520526
0.163167
-0.0331171
0.377518
0.268251
-0.478177
0.30473
0.243096
0.231683
-0.0714909
0.252363
0.258046
0.299014
0.15945
0.0308285
-0.866756
0.494644
-0.338654
0.0835716
-0.132183
-0.0917833
-0.291912
0.172179
-0.490737
-0.371652
-0.0983817
0.204364
0.208786
-0.239675
-0.195219
-0.079374
0.153007
-0.394629
0.102682
-0.883958
0.240449
-0.0758085
-0.134117
0.154481
-0.204922
-0.110821
-0.229812
0.20973
0.651493
0.512911
0.581417
0.125573
-0.228281
-0.0755576
-0.293782
0.0547373
0.172488
0.212703
-0.203711
0.542484
-0.0186473
0.194426
0.7018
0.187305
0.397131
-0.247824
0.595027
0.321352
-0.0360399
0.425322
0.970248
-0.455701
0.216338
-0.422816
-0.0939374
0.0292856
-0.405018
0.8869
-0.5405
0.0113145
-0.242516
0.0351101
-0.499121
0.108438
0.256791
0.0850945
0.0170332
0.472353
0.132571
0.204018
0.233965
-0.181202
-0.0981429
0.35572
-0.39664
0.306885
-0.0584527
0.449452
-0.148528
0.255378
0.106336
0.0894122
-0.377414
-0.0269843
0.207275
-0.326461
-0.00912974
-0.505021
0.188623
0.677802
-0.757237
0.810959
0.307405
0.386712
-0.282612
0.63559
-0.310785
0.299835
0.807718
0.311083
-0.133872
0.110905
0.105274
0.393057
0.338509
0.879211
-0.345432
0.184693
-0.213493
0.105887
0.0706735
-0.309735
0.00335764
-0.560078
0.348367
-0.147389
-0.0922923
0.291219
-0.11228
-0.014562
0.491972
0.50621
0.0142327
-0.278739
0.108928
-0.0895938
-0.249557
0.292052
0.230435
0.488771
-0.190763
0.0992304
0.337848
-0.0519356
0.401346
-0.0595525
0.349392
-0.0563499
0.462976
0.00116351
-0.0128251
-0.269362
0.0900744
-0.0953586
-0.537361
0.337908
-0.397557
-0.152138
-0.204062
-0.0340119
-0.580807
0.00564092
-0.750464
-0.177273
-0.620039
-0.064054
0.505971
0.312922
0.175066
0.460704
-0.00146861
-0.105558
0.26764
-0.394694
0.565641
-0.104072
-0.482756
-0.461978
-0.221475
-0.192551
-0.0293964
-0.105871
0.303082
0.174494
-0.376551
0.165435
-0.0777772
-0.900594
-0.387848
0.0557988
0.312446
0.160624
-0.425691
-0.573771
0.0805942
-0.240986
-0.700803
-0.0454106
-0.361487
0.0448575
0.321334
0.0370187
-0.571852
-0.0519987
0.27188
0.0304507
0.621582
0.198078
0.338831
0.174562
0.440077
0.321519
-0.418431
-0.541899
-0.29205
-0.285983
0.472181
0.118948
0.410753
0.115321
-0.0303739
-0.563146
0.566148
0.455634
0.0272023
0.979717
-0.378954
-0.410988
0.266089
-0.0224488
-0.0619393
-0.120606
0.268173
0.0992143
0.117825
0.273619
-0.282463
-0.239756
0.484868
0.275891
0.667362
0.0480666
0.22825
0.0513813
0.277214
0.491756
-0.218368
0.0869872
-0.292142
-0.758557
0.942853
-0.378892
-0.0638618
-0.0179324
-0.3893
-0.641994
0.107526
0.0224635
-0.343244
-0.00840569
0.476409
-0.326094
-0.18671
0.213994
-0.0796426
-0.277043
0.0530432
0.150609
-0.026588
-0.535531
0.122077
0.205881
-0.587707
-0.28476
-0.445721
-0.237539
0.2036
0.283165
0.453753
-0.245289
-0.246639
0.335791
-0.165193
-0.530539
0.0799976
-0.124713
-0.00226009
0.0759275
-0.518998
0.228859
0.210028
0.0315747
-0.0110081
0.0563614
0.116098
-0.159962
-0.0481272
-0.496537
0.64623
0.210536
0.570727
0.592566
-0.492468
0.870513
-0.119167
0.386293
0.336477
-0.338103
-0.219977
0.0485705
0.00567832
-0.0525958
-0.217859
0.0436629
-0.334404
0.244493
-0.0291668
0.173767
-0.759645
-0.237945
-0.348553
0.184264
0.0569317
-0.0310555
0.0967575
-0.43549
-0.617909
-0.257443
-0.320756
0.449562
-0.285035
-0.1999
0.0798435
0.0838195
0.126503
-0.211449
0.022868
-0.187035
0.275921
0.0487762
-0.00940269
-0.363331
-0.396324
0.338451
-0.224921
0.0818251
-0.157971
0.801417
-0.252178
-0.0254742
-0.458698
0.808123
0.300958
0.39087
0.0638783
0.790319
-0.304668
0.136634
-0.434176
-0.401586
0.189876
-0.176505
-0.124086
-0.0915024
-0.158937
-0.0496743
0.0167697
-0.612445
-0.226419
-0.532723
-0.519284
0.14228
0.301614
0.355439
-0.0185971
0.0220065
0.158065
-0.214856
0.317471
-0.0637909
-0.18727
-0.679536
0.109019
0.0590576
0.30538
-0.0656068
-0.138907
-0.389925
0.565257
-0.13502
0.122183
0.0426052
-0.0472286
-0.283391
0.0162498
-0.0904773
0.125022
0.680124
0.0185654
-0.286892
0.138956
0.487478
-0.115378
0.118503
0.465482
-0.169079
-0.273473
-0.249763
0.363834
0.10836
0.636087
-0.292806
0.461335
0.504134
-0.0498351
-0.0608386
0.371001
0.0662721
0.341736
-0.0308854
0.294761
0.0596263
-0.165978
-0.144173
-0.310788
-0.562088
-0.0329996
0.413002
-0.243281
0.0628124
-0.105756
0.0907186
0.776351
0.11217
-0.158336
0.355916
-0.278109
0.242133
0.536051
0.334552
0.278483
0.21248
0.110618
-0.364187
0.041581
0.28181
0.0929853
0.258538
-0.427942
0.687704
-0.417052
-0.00740338
-0.457594
-0.40782
-0.518124
-0.0911439
-0.213146
-0.0152529
0.135152
-0.147334
0.136685
0.151213
-0.112551
-0.675781
0.141602
0.173066
0.232101
0.193547
0.261109
-0.0665064
-0.355388
0.0923783
0.00220137
0.375361
0.551627
-0.132036
-0.132195
-0.0140822
-0.45639
-0.390293
-0.0609886
-0.266616
-0.44347
-0.273252
-0.187455
0.384684
-0.341781
-0.0810682
-0.149828
-0.260714
-0.138472
0.26285
0.0469375
0.477744
-0.348712
-0.352412
-0.25145
0.348739
-0.570785
0.306444
0.666849
-0.00994786
-0.287844
-0.552012
0.169741
-0.136603
0.0214986
0.282463
-0.389851
-0.28571
0.302727
-0.251618
0.247168
-0.665653
0.0486358
-0.200637
0.220313
0.365971
0.01109
0.207397
-0.555875
-0.239096
-0.0633089
-0.0996813
-0.0301979
0.183535
0.227574
-0.237461
0.350875
-0.368668
-0.291195
0.0149163
0.0352541
0.165584
-0.844897
-0.0563624
-0.0396709
-0.194691
-0.155784
-0.324037
-0.0730222
-0.633618
0.156559
0.265027
0.0467732
0.853204
0.0784389
0.0509963
-0.150076
-0.0407156
-0.735532
0.449077
0.137613
-0.012272
-0.213899
-0.15107
-0.000175523
-0.311922
0.358406
0.0412297
0.195147
0.439357
-0.059276
0.253493
-0.245036
0.0676478
-0.115174
-0.326979
0.235235
0.0850523
-0.0629835
0.293575
-0.421164
0.0176971
0.115525
-0.170713
0.148219
-0.209167
-0.356086
-0.329852
0.0701766
-0.340648
-0.229409
0.176212
-0.23556
-0.364085
-0.171873
-0.0949498
-0.231767
-0.607607
-0.388169
-0.523208
0.218887
0.0250409
0.499844
0.282474
0.12537
-0.246041
-0.0812482
0.0342874
-0.281902
-0.0286806
0.089203
0.00698142
-0.0709937
-0.195615
0.467097
0.381588
0.0429706
-0.102222
0.122714
0.132939
0.535006
0.437552
0.111458
-0.0542426
0.304885
-0.229621
-0.146493
-0.167462
0.250387
0.131575
-0.287819
0.0341637
0.103947
0.125712
-0.129233
-0.705654
0.381884
-0.0128923
-0.166055
0.0949467
0.119262
0.382458
-0.547539
-0.22069
-0.197785
-0.253847
0.245333
0.185705
-0.367516
0.0535211
-0.273932
-0.0397466
-0.303451
-0.0823585
0.099584
-0.0709713
0.11761
-0.16812
-0.174458
0.0585188
0.216453
-0.0794035
-0.106841
-0.12692
0.339033
-0.308172
-0.399121
-0.459118
0.306569
0.670956
-0.347585
0.0885619
0.244305
0.275846
-0.0667195
0.0331668
0.223071
-0.314349
-0.400417
0.52753
0.0325382
0.181884
-0.034146
-0.101781
0.000285782
-0.269864
0.50442
0.39086
0.258887
0.2766
-0.53287
-0.159809
-0.22927
0.298763
0.228921
0.0667795
0.165208
0.388503
0.142569
-0.243036
0.155778
0.61783
0.117274
0.0582887
0.495332
-0.559194
0.0870571
-0.241787
0.19801
0.293402
0.580663
-0.0106447
-0.47773
-0.0818113
0.56667
0.180409
0.451275
0.0866407
0.0463088
0.181502
0.0763213
-0.153266
0.328823
-0.162488
-0.155065
-0.625525
0.261701
0.370584
-0.497431
-0.14059
0.64891
0.0755575
0.305568
0.00208746
-0.0328108
0.198744
-0.234195
0.289402
-0.237625
-0.397183
0.150892
-0.206177
0.0188817
-0.210507
0.381662
0.139207
-0.0973441
-0.578388
-0.200682
-0.164775
0.363178
0.605831
0.0379238
0.479761
0.0128548
0.00311576
-0.0996521
0.285532
0.320041
-0.198622
0.438997
0.0234946
-0.0992244
0.245082
-0.236154
-0.39115
-0.376281
-0.453041
-0.263763
0.0349214
0.21324
-0.128292
-0.20606
0.0861936
-0.23536
0.342568
0.292627
0.283132
-0.54346
-0.0168401
-0.287557
0.275404
-0.541183
0.063353
-0.118738
0.335161
-0.524112
-0.0946672
0.480261
0.267444
0.0728189
-0.00837833
-0.100175
-0.084099
0.448525
0.061648
0.431777
-0.143243
-0.435486
0.190257
-0.336124
-0.400767
-0.15601
-0.387668
0.244764
0.372712
0.0363716
-0.29052
-0.17782
-0.351386
-0.243645
-0.0603609
-0.138927
0.707695
-0.524941
0.359145
-0.66444
-0.0234354
0.0947671
0.355315
-0.000160984
0.385056
-0.297285
-0.257966
0.0861707
0.217261
0.287534
0.258698
0.330411
0.486824
-0.00148464
0.00119724
-0.0816841
-0.0225126
0.381068
0.653677
-0.129581
-0.0368378
0.552779
0.147137
-0.165568
0.408352
-0.239195
0.349042
-0.506947
-0.599235
-0.180449
0.423037
0.0397681
-0.167629
0.200735
0.0528805
0.418918
0.123484
-0.18326
0.122795
0.203378
0.185184
0.203036
0.356187
-0.0262953
0.3465
-0.055106
0.188062
0.165051
0.0344652
-0.742052
0.100587
0.089958
0.121077
-0.15328
-0.25195
-0.387971
-0.495972
0.235004
0.192911
-0.493001
-0.519053
0.0849383
0.247953
-0.238127
-0.213144
-0.113315
-0.41052
-0.430762
-0.14558
-0.0708224
-0.298953
0.143893
-0.0357164
0.0343438
-0.252272
-0.123698
-0.205672
0.657
0.0505888
0.259412
0.217939
-0.608933
0.469495
-0.0164039
0.14626
-0.101561
-0.361844
-0.134728
0.501308
0.054061
0.655815
0.319122
-0.0175232
-0.00743396
0.134306
-0.340092
0.460735
-0.246431
-0.0173343
-0.23236
-0.605577
0.0883752
-0.367056
-0.107708
-0.13213
-0.202298
-0.276011
-0.174397
-0.497632
0.22279
0.0452203
0.275231
-0.243012
0.302593
0.133756
0.0776608
0.0768334
-0.121391
0.455526
0.270463
0.0373144
-0.343783
0.254051
-0.0065534
-0.216169
0.395488
-0.57778
-0.234171
0.119385
0.453909
-0.0682656
0.61219
0.210539
0.489955
-0.0529371
0.0350966
-0.23944
-0.301194
0.0124506
-0.411686
0.700408
-0.441342
0.248524
-0.0188615
0.544997
-0.263499
-0.0907445
0.147337
0.357864
0.0355802
-0.420059
-0.41935
0.591449
-0.0832721
0.534493
-0.274405
-0.0193097
-0.456611
0.0183625
-0.229239
0.469238
0.361576
0.35722
-0.0313514
-0.252466
-0.062586
-0.29028
0.250328
-0.187049
-0.0477037
0.0559087
0.0545773
0.237447
0.180979
-0.443432
0.378324
0.0266749
0.536487
-0.387257
-0.134922
-0.322713
0.409753
0.124501
-0.0789425
0.501193
-0.0960567
0.106285
-0.203993
-0.36309
0.0920447
-0.0861185
-0.164329
0.132884
0.217621
-0.244087
-0.217061
-0.421218
-0.0759993
-0.0034132
-0.495955
0.318484
-0.34459
0.0395244
0.0443752
0.491419
-0.496475
0.171137
-0.158461
0.196114
0.0947042
0.208115
-0.464228
-0.425672
0.12982
-0.208192
0.0191855
0.302299
-0.267498
-0.394433
0.0196522
-0.000149908
0.0424025
0.18681
-0.0491498
0.138924
-0.425557
-0.411802
-0.684261
-0.243194
0.180938
-0.290489
-0.658882
0.0883859
-0.190467
-0.322671
0.138812
-0.286763
0.69294
-0.0813702
-0.319349
-0.14945
-0.385861
-0.157078
0.349429
0.351778
0.247812
-0.00641284
0.138804
0.438295
0.389784
0.50873
-0.301693
0.165179
-0.0458581
0.341441
0.0672708
-0.148908
0.302756
0.308437
0.441225
-0.0562739
-0.55015
0.0748279
0.174834
0.624174
0.14411
0.569211
-0.261325
0.319833
-0.264425
-0.408441
0.372194
0.344564
0.0448197
0.0488883
0.0390279
0.293559
0.238218
-0.0755999
0.472508
0.23596
-0.260434
-0.325225
-0.120347
-0.0798358
-0.307324
-0.235177
-0.194503
0.191362
0.0707274
0.501636
0.346704
0.021454
-0.0451516
-0.327503
0.0749629
0.732168
0.0816874
0.178115
-0.122138
0.426556
-0.20761
0.276027
0.35551
-0.609187
0.0348975
0.209108
0.414726
-0.158272
-0.307403
-0.0088013
0.15482
-0.106833
-0.229838
-0.31727
0.174463
-0.160635
-0.276071
-0.0710525
-0.0301917
0.233709
-0.395286
0.432395
-0.407801
0.0133242
-0.249466
-0.457427
0.357996
-0.146596
0.0502625
0.135702
-0.572253
0.0822768
0.436653
-0.175307
-0.647045
0.164149
-0.082724
-0.0567772
0.204711
-0.0611768
-0.0299331
0.691431
-0.522582
-0.542237
-0.694076
-0.383634
0.492577
-0.575662
-0.052091
0.338486
0.212168
-0.48829
-0.55512
-0.170503
-0.322985
-0.640968
0.0821359
0.462852
-0.417854
0.0956026
0.397879
-0.0471636
0.538186
-0.177619
-0.167448
0.0214106
-0.496225
-0.533116
0.757525
-0.291629
-0.0866527
-0.332724
-0.0502363
-0.246521
0.0958699
0.204398
-0.142969
-0.19564
-0.191027
-0.169545
-0.418207
-0.181904
0.307901
-0.182339
-0.698772
-0.353504
-0.500118
-0.141092
0.199623
0.047993
0.0835957
-0.373576
0.219633
-0.0458287
0.0218771
0.0386591
0.241111
-0.0827667
-0.140082
-0.390201
0.00856597
-0.112683
-0.0545494
0.386088
0.619685
0.227046
0.183748
0.0466299
0.364613
0.0386975
0.00667124
0.0551994
0.167117
0.242995
0.308753
0.477076
0.323205
0.0617144
0.329492
-0.279347
-0.0857858
0.0140844
0.227811
-0.18115
-0.16149
-0.192708
0.047405
-0.0338422
-0.655361
0.0852261
-0.148486
0.277676
0.183926
0.0741439
0.144122
-0.122123
-0.271772
0.0518578
-0.179848
0.182144
0.161309
-0.341778
-0.0557009
0.545894
0.231135
-0.313285
-0.504849
0.0154099
-0.180601
0.0015773
-0.204652
-0.188075
-0.144346
0.398915
0.0297968
-0.626262
-0.0848876
-0.189956
-0.737526
0.0174014
-0.245438
0.050055
-0.131723
0.0389713
0.0292755
0.259981
0.357017
0.200178
0.256552
-0.244156
-0.106514
-0.783358
-0.17125
0.115945
0.228326
0.0184863
-0.516735
0.0532737
-0.154711
0.0378393
-0.717907
-0.31707
-0.62629
0.274253
-0.481662
-0.00861276
-0.447441
-0.382635
0.427723
-0.336599
-0.0356622
0.0811531
0.449803
-0.0804666
0.0754809
0.515003
0.524117
-0.039163
-0.379042
0.0961641
0.0831743
0.457558
-0.433885
-0.215334
-0.430004
0.0261806
0.280655
-0.608173
-0.248578
0.124469
0.117328
0.120365
0.0888287
0.61503
-0.0309935
0.287654
-0.0211486
0.150275
-0.34191
0.359407
0.249731
0.15276
-0.407362
0.0318914
0.203836
-0.270528
0.711944
-0.379607
0.0917237
0.117224
-0.344345
0.0198439
0.0625772
-0.0134408
0.0329303
0.0781583
0.53238
0.535931
0.145608
-0.138342
-0.0598395
0.288936
0.462711
0.676756
0.188975
-0.0616054
0.163951
-0.332041
-0.137722
0.200504
0.344102
-0.21452
-0.0852623
0.0144093
-0.4376
0.122907
0.00864908
0.283698
0.105426
-0.100408
-0.616958
0.00111003
0.117011
0.750525
-0.272323
0.228217
0.370222
-0.191739
-0.144534
0.147154
0.0527633
0.00897119
-0.0132741
0.565581
0.133475
0.1952
0.216076
0.153783
-0.222446
0.159979
0.194571
-0.030755
0.296238
0.0353539
0.423341
0.0319517
-0.0761072
-0.0496599
0.0167639
0.25435
0.205135
-0.0045611
0.0308185
-0.115475
0.326002
0.223093
0.747741
0.0398092
0.14466
-0.145495
-0.0496385
0.29672
-0.0888881
0.0012855
-0.378024
0.0917027
-0.0214622
0.0461105
0.518512
-0.161279
0.436714
-0.117996
-0.394568
-0.0779776
-0.304976
-0.491944
-0.25484
0.185094
0.359932
-0.3435
-0.287196
-0.148375
-0.072242
0.219472
-0.382431
-0.530212
0.382193
0.0830772
-0.0453357
0.247696
-0.542928
0.0272063
-0.320317
0.051322
0.507388
-0.241528
0.61058
-0.127763
0.0489426
-0.182614
0.337579
0.388472
0.0086416
-0.0373453
0.131604
0.0887053
-0.238359
-0.39837
-0.171333
-0.236392
0.278289
-0.0179776
-0.125885
0.0382442
0.217103
-0.137734
0.0538533
-0.435704
-0.561522
-0.29174
-0.124112
0.282439
-0.280775
0.277443
0.140863
0.106521
0.278268
-0.17143
-0.532698
0.0874465
-0.0946856
0.372233
-0.00764462
0.117687
-0.144086
0.121655
0.0210271
-0.276623
-0.889884
-0.0457179
0.14621
0.0353701
0.795852
-0.291476
0.488201
0.261213
-0.563732
0.0883263
-0.563719
-0.502775
0.25554
-0.478179
-0.328686
-0.00105087
0.205893
-0.5348
0.246992
-0.0547973
-0.0590579
-1.02073
0.322686
-0.205316
0.371496
0.630473
0.296356
0.432305
0.499091
0.192181
0.499807
-0.086552
-0.169676
0.0635866
0.216499
0.129423
0.03899
-0.231341
0.124111
0.323148
-0.412939
-0.046354
-0.0562534
0.204812
-0.164346
-0.216445
-0.0863305
-0.198688
0.49955
-0.147909
0.154341
-0.148242
0.0679959
0.0409144
0.582978
-0.356691
-0.12624
0.222843
0.175479
0.0375655
-0.386966
-0.397963
-0.0153642
0.193784
0.0854918
-0.206602
-0.0224162
0.398797
0.182719
0.0157587
-0.069155
-0.0137064
0.299641
-0.0709153
0.252307
-0.179695
0.204756
-0.201425
-0.241679
0.677359
0.16103
0.304196
-0.1146
0.309421
0.138649
-0.201475
0.473773
-0.350312
0.232036
-0.123636
0.0639563
0.293163
-0.0784194
0.237469
-0.289722
0.395182
0.441192
-0.0356976
-0.234988
0.222431
-0.271737
0.352453
-0.484586
-0.0918045
-0.453742
0.0720222
0.555857
-0.18218
0.545311
0.0937575
-0.095862
0.576039
0.141714
-0.211534
-0.0497809
-0.690406
0.173403
0.0196266
0.118544
0.0206691
-0.155903
0.129999
-0.429207
0.279722
-0.440595
0.15912
-0.221573
-0.261071
0.427656
0.206465
0.319481
0.110202
-0.184933
-0.189069
0.636222
-0.271909
-0.0517888
0.108228
0.173234
0.247253
-0.198103
-0.246334
-0.208944
-0.156865
-0.0430521
-0.44943
-0.0826251
-0.215867
-0.314046
-0.0723679
0.22908
0.0174182
-0.371905
-0.133027
0.165808
0.117568
-0.173211
0.472277
-0.523924
-0.304997
0.32971
-0.207803
-0.5697
0.468692
-0.392401
0.37108
-0.328937
-0.465957
0.286739
0.204249
0.292432
-0.061719
0.111181
0.251103
0.0707148
0.258576
-0.119439
0.146518
0.23359
0.129743
0.646628
-0.544786
0.319041
0.265074
-0.222109
0.0920848
0.210786
0.257027
-0.260119
0.443845
0.037962
0.159485
0.275427
-0.314907
0.204814
0.128802
-0.49568
-0.0294309
0.0997136
0.0031937
-0.317011
0.108875
0.175914
0.179321
0.174251
-0.105909
0.0675049
-0.518851
0.167435
-0.387484
0.0654992
0.267369
0.182862
-0.280014
-0.270215
0.0879953
0.028785
-0.000435413
-0.440894
0.1752
0.429246
0.169596
0.176773
-0.057112
0.0221785
-0.261251
0.481253
0.579083
-0.0424116
0.36109
0.15043
0.0997215
0.767064
-0.170819
-0.794861
0.506532
-0.0918948
0.48569
-0.215301
0.10528
0.00760109
0.312643
-0.414663
-0.516766
-0.634976
-0.0858217
-0.315052
-0.44228
-0.207937
-0.148443
-0.622353
-0.147695
0.35509
0.14363
-0.164601
-0.29626
0.640847
-0.0983286
-0.00104152
0.535069
-0.227111
-0.0106162
0.0619275
-0.238768
-0.200502
-0.0646086
-0.204607
0.1879
-0.271596
-0.398452
-0.491194
0.0305963
-0.256809
-0.699538
0.357384
-0.255514
-0.0322918
-0.0208966
0.0679214
-0.0230555
0.398404
-0.284689
0.16821
0.119268
0.192422
0.00220319
0.110285
0.332999
-0.314715
0.37903
0.000267736
-0.390238
0.430719
-0.469981
0.310528
-0.179971
0.160153
0.546875
0.207826
-0.200214
0.073471
0.348108
-0.352052
0.397347
0.021032
0.581578
-0.461493
-0.323774
0.315498
0.459241
-0.214966
-0.0106656
0.0177372
-0.429
-1.0612
0.481895
-0.139828
-0.63179
0.163898
0.160812
-0.0954423
0.582075
-0.123171
0.144903
0.336213
0.116639
-0.297169
0.271366
0.0360775
-0.154559
-0.153622
0.296914
0.472609
-0.19454
0.209214
-0.669696
0.574762
0.122597
-0.191521
0.321783
0.0105696
-0.173549
-0.21491
0.259342
0.521148
0.20483
0.428465
-0.176874
-0.297177
0.244631
-0.410205
-0.0793402
-0.153735
0.110535
0.120083
0.0326372
0.260248
0.0891948
0.190385
-0.369486
-0.0538348
0.423992
-0.0241091
0.0677991
-0.208594
0.201088
-0.0718068
0.0727876
0.200309
-0.247792
-0.454932
-0.698858
0.0585198
-0.380685
-0.398046
-0.126432
0.219507
0.276284
0.0425144
0.180846
-0.0318023
-0.310331
0.0603334
0.281543
-0.221825
-0.126329
0.0974394
-0.20218
0.306611
-1.02187
-0.159117
-0.0479773
-0.172491
0.53189
0.0557243
0.509222
0.182146
-0.316028
-0.125911
0.317205
-0.225875
-0.433299
-0.23834
-0.156579
0.130117
0.114364
0.397995
0.243729
0.309101
-0.507588
-0.329725
-0.222965
0.0624139
0.405942
0.388321
-0.437078
-0.56394
0.322974
-0.145287
0.282185
0.154642
-0.198733
0.0557827
-0.594872
0.562725
0.513394
0.387439
0.150833
0.160747
-0.183803
-0.327957
0.463042
-0.0410847
0.139086
-0.278372
-0.104114
0.36159
0.612562
-0.573983
0.606511
0.111344
-0.0719918
-0.135615
0.273146
-0.336256
-0.141988
-0.192426
-0.0878724
-0.584957
0.663598
0.0325639
0.398039
-0.0172187
0.0947131
-0.214025
-0.203506
0.385838
0.408319
-0.45088
-0.124189
0.00550138
0.51927
0.360771
-0.0648043
-0.208617
0.00570734
0.13112
0.104832
-0.237306
0.0307289
0.135624
-0.439655
-0.15352
0.121749
-0.443244
-0.462947
-0.376021
-0.195101
0.229926
0.210883
-0.0127015
0.315544
-0.288698
-0.242707
-0.450185
0.187684
-0.574015
0.141109
-0.102983
-0.0878774
0.0354485
-0.0476217
-0.167389
0.08862
-0.201922
-0.027203
0.098444
-0.0764991
0.102873
-0.278963
0.39902
0.250493
0.538904
0.268249
-0.342777
0.567289
0.727414
0.128814
0.195491
-0.217008
0.0546012
0.0168612
-0.323385
0.147377
0.449905
0.127712
0.268691
-0.112675
0.20801
0.379369
-0.263322
-0.406872
-0.371353
-0.0630137
-0.187357
0.0903587
0.253771
0.166264
0.0607741
-0.0518874
0.390608
-0.21333
0.332298
-0.173231
0.173239
-0.116157
-0.235729
0.285054
0.0845802
0.270588
-0.403111
0.182259
0.219812
-0.278688
-0.260101
0.393588
-0.113267
-0.580869
-0.348441
-0.306445
0.576314
-0.292799
0.0774176
0.271125
-0.692458
0.228602
-0.019172
-0.499947
-0.357712
0.00853997
0.386558
0.159382
0.406183
-0.0552822
-0.55725
0.389604
-0.0321334
-0.640513
0.477692
0.45207
-0.592066
-0.00455936
0.0657373
-0.153003
0.623885
-0.117649
0.212287
-0.177033
-0.0103477
-0.152222
-0.0644966
-0.156575
0.191066
-0.372716
-0.19402
0.244919
-0.0990921
0.172822
-0.0650957
-0.592766
-0.0481356
0.529526
0.588946
-0.281063
0.229863
0.43646
0.295437
-0.0779806
-0.336303
-0.0309886
0.109783
-0.0845431
-0.2756
0.046761
0.329249
-0.198762
0.298956
-0.236881
-0.343746
-0.625351
0.177398
0.00682703
-0.326328
0.233321
0.171532
-0.294823
-0.417266
0.191628
-0.116653
0.195626
-0.180267
0.168053
-0.414388
0.34456
0.322042
0.190925
0.145905
-0.322239
0.213287
0.267808
-0.0388145
-0.0506354
-0.26784
-0.1122
0.311135
-0.0377934
0.190184
0.124765
0.405172
-0.0775105
0.128996
-0.0545921
0.44758
-0.157991
-0.00292365
0.511845
0.413845
0.276581
0.0397967
-0.13993
0.190245
-0.113707
0.248353
-0.0967271
-0.266275
0.454676
-0.503723
0.042683
-0.338939
0.526007
0.509502
0.110768
-0.0246808
-0.427545
0.0656868
0.338934
-0.351878
-0.827614
0.105412
-0.501014
0.0779854
0.428704
0.307293
-0.318225
0.0124427
0.204245
0.232762
0.376147
0.219416
0.237135
-0.224493
0.352399
0.0814379
-0.205434
-0.19584
0.0641257
-0.378996
0.33163
0.0674856
0.108811
0.272807
-0.514518
0.279138
-0.168226
0.273085
0.267301
-0.23431
0.0354766
0.300216
-0.131223
0.186708
0.424264
0.049356
-0.360357
0.10139
-0.103907
0.0740678
-0.177206
-0.527839
-0.560925
0.140111
0.146954
0.0965087
0.131703
0.401733
-0.214271
-0.0835049
0.139588
0.130349
-0.0279454
-0.570641
-0.0964429
-0.133447
-0.225765
0.176083
0.214836
-0.165379
0.0576529
0.487222
-0.0609005
-0.744133
-0.30055
0.546638
0.334789
-0.530277
0.24592
-0.18965
0.396954
0.130413
0.38756
0.645719
-0.144548
0.236848
-0.181597
0.0699114
0.00402425
-0.380515
0.048131
-0.153042
0.27287
-0.165797
0.0386848
0.291143
-0.0915347
0.215836
-0.260621
0.233585
-0.209837
-0.213769
0.402351
-0.0123601
-0.0935315
-0.426968
0.638516
-0.603395
0.168552
0.594835
0.264985
-0.406768
0.774958
0.326527
0.337211
0.330205
0.115161
-0.100202
-0.214488
0.0118648
-0.10784
-0.541295
-0.0825821
0.166894
0.234137
0.321851
0.139316
-0.0337332
-0.469376
0.496431
-0.296946
-0.165503
-0.543398
0.097627
0.221149
0.0840136
-0.0852548
-0.320252
0.263072
0.104332
0.135473
-0.082049
0.0384122
-0.342346
-0.755983
-0.213736
0.0971224
-0.118839
-0.0533621
-0.158878
-0.156913
0.094916
0.258961
-0.229261
0.109505
-0.523876
-0.043328
0.268808
-0.177095
0.418354
-0.00425903
-0.217119
-0.384326
0.341296
-0.715385
-0.17977
0.206512
-0.499858
0.0391881
-0.485425
0.350185
0.0298075
0.32665
-0.236652
-0.330528
-0.269533
-0.191196
-0.0384717
0.384336
-0.0472458
-0.0970809
-0.0525821
-0.450767
-0.518925
0.105259
0.307181
0.594979
0.0618184
0.0288544
-0.0856811
-0.107306
0.388667
0.170336
-0.156682
-0.113599
-0.53009
0.0827413
0.2978
0.586257
0.150084
-0.159668
0.40081
-1.02961
-0.27957
0.40499
0.546665
0.127937
0.0709194
0.205787
-0.436263
-0.0802776
-0.275966
-0.156478
-0.19011
-0.00413418
0.488202
-0.164187
0.0868327
-0.26033
-0.110239
0.13188
0.0334037
0.0210188
0.226724
-0.0230123
-0.519455
0.368808
0.100359
-0.322934
0.398961
0.363765
-0.29717
0.160617
0.411814
0.0427698
-0.341549
0.102013
-0.409645
0.105757
0.0959302
-0.173688
0.317653
0.0897854
0.12289
0.0428477
0.0959895
-0.333511
0.332571
0.0267606
-0.00083655
-0.248556
0.048005
0.11329
0.0676239
-0.242099
-0.286201
0.148301
-0.0737473
-0.0682746
0.354437
0.171921
0.293057
-0.260143
-0.321516
-0.0476238
-0.150804
0.0353057
-0.0608575
-0.172797
0.0783387
-0.428189
0.61643
-0.327101
-0.267395
-0.360313
-0.0038836
0.0262237
-0.126698
0.0936347
0.495006
0.350185
-0.0379565
-0.0896558
-0.148651
-0.0277041
-0.0728749
0.209014
-0.0239359
0.271018
-0.647813
0.00328952
0.205719
0.281517
0.137505
0.0219616
0.200167
0.119597
-0.0230916
0.1256
0.42796
0.0829451
0.505823
-0.0899188
-0.11188
0.0953402
-0.728252
-0.118118
0.373595
0.26039
-0.221529
-0.204913
-0.0500422
-0.292277
0.290682
-0.122536
0.0529008
-0.702936
0.101522
0.147556
0.0489485
0.688871
-0.130395
-0.110056
-0.308185
-0.0345022
-0.163829
0.0396848
0.142971
0.629981
-0.00559239
-0.487074
0.207012
-0.302475
0.304262
-0.0302145
0.416657
-0.176654
-0.0861383
0.0631315
0.261096
0.572109
-0.48914
0.50046
0.0228463
-0.237133
-0.116475
-0.02409
-0.195581
-0.0347346
-0.00963659
0.188041
0.590271
-0.0898773
0.440432
-0.0758519
-0.381733
-0.0537276
0.408257
-0.257134
0.111795
-0.234223
0.531973
-0.133841
-0.299399
0.427162
-0.065805
-0.758036
-0.110049
-0.0570284
0.216877
0.262209
-0.33935
0.0823276
-0.403553
0.27021
0.5774
0.192525
0.192533
-0.118172
-0.171137
-0.375844
0.322071
-0.241426
0.163571
-0.222967
-0.197765
0.0762184
0.595425
0.0516184
0.0878463
0.140558
0.178876
0.230997
-0.386324
0.0308453
-0.155724
0.212878
-0.0573196
-0.39335
-0.457704
0.431509
0.447975
0.510995
0.416215
-0.134551
0.0196756
-0.355264
-0.29536
0.04795
-0.0872877
0.00701726
0.0607246
-0.153833
-0.374467
0.673613
-0.0453031
0.216682
-0.0131878
-0.258196
0.180625
-0.368657
0.0622361
-0.279176
0.327041
-0.624033
-0.181016
0.321021
-0.205324
0.0549662
0.213601
-0.20959
-0.114688
-0.0978622
-0.2524
0.0355963
-0.696087
-0.0480168
-0.368125
-0.363531
0.27361
-0.00298727
-0.1666
0.245615
-0.79242
-0.417261
0.746432
0.319852
-0.107758
-0.392039
-0.118499
0.15752
0.669477
-0.208706
-0.247591
-0.230448
-0.145343
0.322327
-0.541287
-0.201252
-0.366231
-0.568254
-0.0613161
-0.0156285
-0.365444
0.331756
-0.107198
-0.222128
-0.0748939
-0.0928091
-0.0962172
0.217386
0.289784
0.168439
0.104226
-0.143863
0.124385
0.0702149
-0.40162
0.573466
-0.178063
0.0533464
0.0749318
0.38913
0.0313584
0.584512
-0.221347
-0.600133
-0.0112771
-0.279363
-0.499602
-0.334763
-0.697519
0.0998388
0.567288
0.35414
-0.435222
0.902186
-0.160989
0.104949
-0.515177
0.132708
-0.177839
-0.148081
-0.368855
0.404323
-0.32184
0.0264011
0.258703
-0.496017
-0.134971
0.0023747
0.225183
-0.304585
0.323712
0.103939
0.307674
-0.198401
-0.434788
0.0741493
0.0164808
0.206758
0.375268
0.0558088
0.00867634
0.149008
-0.0877722
0.362607
-0.0759934
-0.17529
-0.118797
-0.231881
-0.248968
-0.0648082
-0.33879
-0.199829
-0.0768041
0.164911
0.242069
0.0987834
-0.220481
-0.27353
-0.254449
0.0622075
-0.0435061
-0.182854
-0.697423
-0.320873
-0.178378
-0.152937
0.00172807
0.572605
0.314635
0.441545
-0.0308116
-0.268482
0.0571968
0.233345
-0.148328
0.35895
-0.514593
0.0493157
-0.362774
-0.326594
-0.0129906
-0.231543
0.2722
0.276684
-0.0036282
0.463597
0.157602
0.306384
0.224767
0.686466
0.242161
-0.187308
-0.19118
0.227448
0.666128
0.195422
-0.383953
-0.0549717
0.373673
0.212504
0.270428
-0.542331
0.152204
-0.338317
-0.164603
0.0848106
-0.556935
0.462749
0.057802
0.0496537
0.0883953
0.205115
-0.583646
-0.347188
0.471603
-0.6169
0.453903
-0.159896
-0.443724
-0.164028
-0.281486
0.177983
0.286945
-0.556036
-0.47609
-0.215621
0.110639
-0.196299
0.458808
0.248306
0.233255
0.09584
0.0427534
0.21529
0.0966037
-0.256756
-0.394719
0.385651
-0.00990557
-0.0417244
-0.0844586
-0.137358
-0.301563
0.0684451
-0.0885748
-0.00337935
-0.402042
-0.0625952
-0.0174012
0.633856
-0.126422
-0.510139
0.2413
0.155275
0.11789
0.162211
0.199996
0.330839
0.0966259
0.198246
0.287049
0.244912
0.49412
0.224718
0.247851
-0.652844
0.296346
0.0706139
-0.790256
0.210229
-0.576319
-0.225333
0.458562
0.249908
-0.0719801
0.0764188
0.899069
0.185318
0.503214
0.232255
0.214111
-0.15491
-0.0551813
-0.420356
0.145791
0.421618
-0.142605
0.203994
0.16501
-0.0287989
-0.0891563
-0.0350273
0.553567
-0.0480974
-0.553693
0.00069433
-0.538606
0.121191
0.0784669
-0.254643
-0.169078
0.569257
0.184853
-0.19969
-0.289504
0.304976
-0.24402
0.295423
-0.773696
0.10164
0.765977
-0.289885
-0.142652
0.35032
0.0500936
-0.186458
-0.28003
-0.164348
0.425754
0.353523
-0.054663
-0.275901
-0.220416
-0.137678
-0.106466
0.33371
0.76049
0.14337
-0.22727
0.0779558
0.230768
0.277984
0.026706
0.0313009
0.317652
-0.31419
-0.233793
0.173963
0.169934
-0.0318681
0.0841793
-0.42504
-0.00034071
0.0824248
0.313944
0.0924702
0.183441
0.592091
-0.690879
0.266254
-0.0278611
-0.153514
0.158551
0.161886
0.0657135
0.0772379
0.178348
-0.225022
0.771547
-0.330729
0.319759
0.264978
-0.536863
-0.259417
0.265793
0.0443074
0.449718
-0.279949
-0.318118
0.0589454
-0.194398
0.359773
-0.153445
-0.00787738
0.390619
0.55963
-0.184719
-0.313636
0.354019
0.228562
0.133098
0.198955
0.00618359
-0.19318
-0.00549518
0.529796
0.308823
-0.49523
0.395013
-0.51818
-0.071761
-0.102093
-0.268192
-0.235668
0.120016
0.485969
-0.27621
0.158886
0.311883
0.0577079
-0.473636
-0.185168
-0.323077
-0.175949
0.338634
-0.123625
0.40956
-0.302665
-0.19061
-0.310151
0.144978
0.777598
-0.0694792
-0.637274
0.653601
-0.481398
0.0389334
0.0434953
0.196005
0.241034
-0.341017
0.0727195
-0.153587
0.462029
-0.356727
0.0357951
-0.0616875
0.322447
-0.554837
0.0955156
0.188021
-0.00616315
-0.500196
0.0900277
0.286637
-0.197557
0.24721
0.759118
0.409245
-0.0249058
-0.0819667
-0.534782
0.162688
-0.0393779
-0.229237
0.19418
-0.0138318
0.371095
0.104438
0.495974
-0.225261
-0.00748821
0.186612
0.214191
-0.201372
-0.635481
-0.289576
0.193902
-0.0234683
0.26257
-0.623888
0.103762
-0.688959
-0.0574668
-0.0901027
-0.146433
-0.239012
0.492873
0.470373
-0.143494
-0.230748
-0.423497
0.303008
-0.377663
0.321087
-0.352347
0.173794
0.102725
-0.168368
0.0708601
-0.359462
0.109158
0.427484
-0.0768321
-0.485537
0.363349
0.0851313
-0.198613
0.283473
-0.0785363
0.0176455
0.516093
0.105344
-0.0890592
0.295815
-0.402293
0.278907
0.331404
-0.00790354
0.239148
-0.0917967
0.0299534
-0.138739
-0.241168
0.119403
0.072974
0.07889
-0.115389
-0.637184
-0.288412
0.4247
0.14187
0.0550229
0.157761
-0.330335
-0.402579
0.0212657
0.137998
0.0899365
0.173095
-0.214933
0.363731
-0.0960435
-0.42125
0.0204573
-0.0939154
0.0504078
-0.069477
-0.0912855
-0.339376
0.604263
-0.479738
0.0274535
0.709016
0.136691
-0.0706604
-0.0578798
-0.0321617
0.341917
0.110272
-0.0780305
-0.184321
0.557128
0.129242
0.698252
-0.0304097
0.131786
-0.307683
-0.178649
0.175161
0.37853
-0.436445
0.611845
0.10475
0.432538
-0.179181
0.336895
-0.127727
-0.0526921
0.233764
0.196725
-0.484986
-0.647839
0.0598769
-0.122878
0.47912
-0.145171
-0.427509
0.355739
0.378886
-0.359192
0.899122
-0.162554
-0.0391225
-0.0319309
-0.581147
0.187787
0.27089
0.568059
-0.207842
0.391675
0.216835
0.317456
-0.211005
-0.439061
-0.634496
-0.254561
0.427038
0.332303
0.768497
0.00926825
-0.309869
-0.285374
-0.265381
-0.370614
-0.0412289
-0.167383
0.114038
0.0373515
-0.279409
-0.116597
0.103336
-0.468075
-0.769299
-0.474443
0.143506
0.303677
-0.34859
0.186083
0.0962068
-0.589782
0.100242
-0.0630178
0.475609
-0.460572
0.00523019
-0.231461
-0.165869
-0.0418333
0.49645
0.500487
0.0628208
0.143531
-0.135366
0.79189
0.0917177
-0.116327
-0.247173
-0.20933
0.338777
-0.652327
-0.462319
-0.232624
0.228378
0.353338
-0.336323
0.172955
-0.366085
-0.0522869
0.0877414
0.0361381
-0.537173
0.435536
-0.0135992
-0.17026
-0.0670671
0.315433
-0.108219
-0.020976
-0.310357
0.192613
-0.339258
0.305616
0.258196
-0.440946
-0.27131
-0.162488
0.0649384
-0.0460292
0.00837056
0.383142
-0.318123
-0.287661
-0.631333
-0.334267
0.162729
0.424549
0.120252
-0.20567
-0.0106353
-0.113539
0.0308812
-0.0150092
0.168061
0.20004
-0.424728
0.34546
0.142425
0.0347266
0.397487
-0.27494
-0.385533
-0.000405175
0.169504
-0.13952
-0.276307
-0.376076
0.0471494
-0.838589
0.0500606
0.107338
-0.621608
-0.146106
0.112956
0.362028
0.114658
0.143401
0.112145
-0.343189
0.135247
0.337481
0.186003
-0.223453
-0.176066
-0.0458487
-0.600467
0.56447
0.0415971
-0.558904
0.443434
-0.104613
0.231385
-0.00991244
-0.213261
-0.321418
-0.047835
0.673766
0.483264
-0.441516
0.0748969
-0.316745
-0.0880766
-0.0370662
0.160525
-0.221926
-0.0125005
-0.48298
0.353884
-0.24844
-0.0312066
-0.148627
-0.478053
-0.278169
0.233581
-0.0100903
0.171221
-0.168609
0.16466
-0.321421
-0.470801
0.0580682
-0.129831
0.120394
0.0236242
1.08509
0.333597
-0.0144376
-0.019107
-0.242542
0.431665
0.314056
0.205889
0.22179
-0.121279
-0.0235962
-0.545717
0.480061
-0.669718
0.0791052
0.0423341
-0.0377847
-0.468031
-0.0645719
-0.470788
0.338179
-0.151109
-0.17225
0.324151
-0.0802554
-0.400985
0.780377
0.165539
-0.248526
0.202928
-0.0784351
-0.513491
0.210949
0.20904
-0.0929658
0.159867
0.218852
-0.32406
0.0899291
0.191489
0.145728
0.825507
0.15259
-0.395705
0.364146
0.173302
0.0385845
0.417441
0.321351
-0.31649
0.059512
-0.367701
0.392337
0.0264123
-0.0152748
-0.272613
-0.404337
-0.0248111
0.413943
0.496243
0.174357
0.238773
0.0574533
-0.304638
-0.301815
-0.0612296
0.481829
0.331258
0.581045
-0.0638953
-0.237279
0.803772
-0.177126
-0.262706
0.210585
-0.16873
0.110689
0.0122992
-0.600996
0.276686
-0.25326
0.303145
-0.178101
0.423678
0.315041
0.447349
-0.102558
0.39407
-0.10628
-0.101724
-0.0263839
-0.199261
0.406805
-0.277966
0.109575
0.578596
0.501334
0.258112
-0.0771584
0.122179
0.202619
0.24148
0.0259321
-0.200688
-0.255534
0.54068
-0.506338
-0.326865
-0.13387
-0.243355
-0.445664
-0.706643
-0.0240832
0.138298
-0.206161
-0.41383
0.116471
-0.332281
-0.131314
-0.108551
0.173919
0.300945
0.00511692
-0.287181
0.000635875
-0.0667021
0.174637
-0.397774
0.0263422
0.608261
0.38003
-0.898006
-0.0106976
-0.0795516
-0.21547
0.0208047
0.0718288
-0.383607
-0.14935
-0.505038
-0.00753781
0.531489
-0.174536
0.131072
0.281671
-0.253192
-0.0276873
0.548027
0.951136
-0.526971
0.188113
-0.456716
0.0215451
0.0963279
0.0881934
0.608613
0.425169
-0.711961
0.3831
-0.0313043
-0.0840077
0.294192
0.147167
0.00369599
0.322685
0.263838
0.0472962
-0.267568
0.430778
0.435621
-0.0786305
0.243722
-0.197456
-0.337184
-0.104953
-0.129846
0.188589
0.66873
-0.464154
-0.189396
-0.430474
0.144126
0.276833
-0.0106925
-0.0361455
0.141332
0.204711
-0.0702131
0.272915
0.402354
0.0182783
0.341726
-0.356525
-0.211031
-0.279681
-0.4141
-0.321257
-0.194053
0.00805723
0.031658
0.0165242
0.222618
0.44439
0.533618
-0.275451
0.317204
-0.345478
0.382797
-0.0147391
0.047507
0.128836
-0.691642
-0.189525
-0.325699
-0.0626788
0.283597
9.47811e-05
-0.243357
0.0574561
-0.732733
0.0180712
0.158752
0.0326894
-0.129422
0.310164
-0.0650735
0.374912
-0.360992
-0.427263
0.123302
-0.543868
0.41152
0.239682
-0.0133792
0.137239
0.229169
-0.479183
0.241128
0.0628566
-0.154895
0.145883
0.154516
-0.00891888
0.178822
0.289264
-0.314911
0.173314
-0.0326531
-0.675753
-0.210614
0.440403
0.096481
-0.410078
0.328228
-0.360399
-0.605213
0.17962
-0.0439878
0.0682181
-0.25693
-0.117889
-0.20871
-0.0902864
-0.0862494
-0.239754
-0.545092
-0.257272
-0.184439
0.552353
0.0719241
-0.348189
0.115909
0.331646
-0.378677
-0.0296354
-0.246838
0.659675
-0.115985
-0.213973
-0.268192
-0.0194776
0.268384
-0.148673
-0.618072
-0.125854
0.574973
-0.442415
0.314209
0.309342
-0.55199
0.503578
-0.324495
-0.393944
0.0608152
0.0213411
0.399487
0.0678984
0.455268
-0.309119
-0.111014
0.271154
-0.298609
0.0396294
0.530794
-0.298289
0.137113
0.181874
-0.0702774
0.214416
0.0634107
0.0630141
-0.0433141
0.102678
0.028163
0.180263
0.470742
0.228119
0.0844094
0.0866706
0.206782
-0.20846
0.445397
0.427098
-0.360405
0.279909
-0.290599
-0.0193608
0.344049
0.595306
-0.357496
0.0613417
0.186021
0.0554974
0.202538
0.164773
-0.165749
0.15542
-0.129763
-0.230854
-0.290186
-0.339086
0.507253
-0.381575
-0.64519
0.13062
0.096295
0.412009
0.0929711
0.236066
0.447246
-0.137718
-0.195313
0.812399
-0.195009
-0.256516
-0.0601629
-0.0119974
-0.678959
0.289267
0.0066283
0.381679
-0.164323
0.329382
0.0336384
-0.088015
-0.07082
0.271431
0.164907
0.253977
-0.230355
0.172169
0.19944
-0.280997
0.0581852
-0.213588
-0.584065
-0.214314
-0.221146
-0.146444
-0.300123
-0.152645
0.270488
-0.0747897
-0.073206
0.0608839
0.406917
-0.0590204
-0.560864
-0.0390472
0.199854
0.520348
0.0484999
-0.32939
-0.248863
0.155848
-0.343852
0.126211
0.00893166
0.228725
0.0691028
0.219684
-0.197366
-0.0527948
-0.826924
-0.448761
-0.0427716
0.149009
0.252498
-0.281028
0.244658
-0.230558
-0.509754
0.623727
-0.0702819
0.10774
0.127912
-0.0374627
0.0173788
0.0491257
0.0976753
-0.192862
0.189249
0.0776224
0.423988
-0.27641
-0.538761
-0.0566969
-0.27154
0.369299
-0.122447
0.00190605
-0.270452
-0.405978
0.00544527
0.354152
-0.557429
-0.296536
-0.0811298
-0.31019
0.261035
0.264577
-0.18474
0.517594
0.259115
-0.126078
0.40963
0.186934
-0.141768
0.294159
0.29381
0.390839
0.208355
0.572364
0.158712
-0.832174
0.103809
-0.18415
0.611536
-0.0266842
0.0941501
-0.348049
0.059364
0.593528
-0.0276219
0.478325
0.195623
-0.394019
-0.26597
-0.198457
0.371008
0.157984
0.281833
-0.45513
0.346604
-0.613583
0.289782
-0.140366
0.435917
0.144017
-0.197116
-0.393716
-0.202823
0.095811
0.316427
0.272527
-0.488139
0.39403
0.650795
-0.336177
0.538468
0.409303
0.539254
0.178742
-0.721542
0.351285
-0.0404446
-0.265772
0.0447275
0.185702
0.194891
0.0342487
-0.716186
0.0285776
0.475727
0.442156
-0.604634
-0.0648966
-0.0232907
0.0821056
0.265067
-0.103313
0.253167
0.022467
-0.23608
-0.932668
-0.11191
-0.0819657
-0.132448
-0.394571
0.13873
-0.144819
-0.250826
-0.445226
-0.0921356
-0.194794
0.333868
0.303255
-0.63836
-0.0625316
0.126807
-0.375333
-0.462141
-0.104745
-0.111743
-0.451312
0.627371
-0.0762295
0.000695776
0.107823
0.308912
0.317686
0.156457
-0.245933
0.0833682
-0.0954966
-0.502721
0.0306358
0.201523
-0.431312
0.333078
-0.0705214
0.532789
-0.431375
0.174822
-0.0789649
0.140431
0.462535
-0.122779
-0.0343977
-0.169639
0.168426
-1.00581
0.0192877
0.0971411
0.793488
-0.298198
-0.268613
-0.240656
0.151296
0.289615
-0.169029
0.397373
-0.246604
0.233606
0.280641
-0.578905
-0.195632
-0.530032
-0.206054
-0.0565792
0.351954
0.305709
-0.609461
0.133744
-0.216818
-0.024743
0.242522
0.289488
0.144789
-0.175555
0.159349
-0.0675737
0.275168
0.176185
0.0828195
0.33987
-0.55525
-0.0750938
0.3987
0.280748
-0.281319
0.0574439
-0.0365543
-0.0909849
-0.414094
0.406781
0.573234
-0.2023
-0.296637
0.235382
-0.779996
0.00466647
0.523709
0.328468
0.000269458
0.392037
0.565964
0.532957
-0.256215
0.00745301
-0.178136
0.00174305
0.35439
0.225582
-0.137802
0.19703
0.278241
-0.0632472
0.353232
0.263946
0.46584
-0.441628
0.154962
0.105696
-0.0320904
0.336043
-0.440423
-0.000290687
0.754609
0.192775
0.104291
0.405762
0.698545
-0.0954844
0.488658
-0.34535
0.102058
-0.24265
0.339102
-0.29578
0.0647118
0.03052
-0.105828
0.158602
0.508244
0.0437805
0.033435
-0.32718
0.0751392
0.00845301
0.147239
0.628404
-0.160627
-0.133856
-0.00169584
0.118989
0.0303769
0.0487279
0.288793
0.393819
-0.460482
0.437035
0.253803
-0.386547
0.805198
-0.0323803
0.25719
0.0319889
0.253741
0.16643
0.00906366
-0.125657
0.343291
-0.300831
-0.162117
-0.281359
0.159104
0.271979
-0.163742
0.0431315
0.286425
-0.537917
0.185629
0.349207
0.00412391
0.447442
0.334736
0.714539
-0.314175
-0.299117
0.44755
-0.325615
-0.00885664
0.000970898
-0.164855
0.0053282
0.336935
0.275206
0.808955
0.224791
0.149717
0.458581
-0.597645
0.567277
0.385275
-0.19438
-0.289213
0.372289
0.497034
0.277151
0.0914127
0.120704
-0.101945
-0.0733447
0.251485
0.126044
0.358895
-0.0816268
0.199378
-0.674427
0.00963566
-0.48982
-0.118265
-0.416489
-0.0223528
-0.446644
-0.0900847
0.401519
0.150399
-0.180501
0.492525
0.0025497
-0.195543
-0.322427
0.251426
-0.00947595
-0.00689066
0.407088
-0.0536563
-0.142637
-0.200674
-0.0959229
-0.0481944
0.242778
0.715399
0.179688
-0.283941
0.26129
-0.385965
0.165022
0.136578
-0.24537
0.445084
-0.220066
-0.239022
-0.184172
-0.00562022
-0.244551
-0.236485
-0.0742634
-0.232756
0.0262379
0.225193
0.650529
0.0702054
-0.182741
-0.0810967
-0.00805981
-0.317379
-0.302878
0.323038
-0.344821
-0.160614
0.0378324
0.182275
0.408048
-0.239264
0.278177
0.287712
0.3215
0.362149
-0.582949
0.325884
-0.274367
-0.410605
0.183748
0.102481
-0.0726075
-0.230461
-0.242848
-0.185527
0.556659
-0.139113
-0.129476
0.208844
-0.187334
0.298556
-0.0958551
-0.211398
0.464987
-0.424784
-0.541773
-0.131284
-0.203614
0.119242
-0.18545
-0.306472
0.298502
-0.206835
0.591641
-0.0645956
-0.49172
0.0676159
-0.312428
0.430129
-0.170122
-0.161522
-0.203173
-0.349209
0.313831
0.479354
0.0898341
0.208426
-0.32064
-0.12279
-0.0590229
-0.248917
0.0747737
-0.404078
-0.167778
0.290486
-0.103162
0.304019
-0.32958
-0.222128
-0.574103
0.468776
0.183067
-0.0827433
0.294934
-0.919284
0.119974
0.0871048
0.0496422
-0.370619
-0.294562
-0.219519
-0.227599
-0.172263
0.133188
-0.136203
0.0655279
-0.450888
0.0851535
-0.202984
-0.1975
-0.37254
0.777375
0.886492
0.14876
-0.129464
0.308328
0.193893
0.206794
0.157835
0.237685
-0.00732704
0.00761283
0.105074
0.72152
-0.562483
0.561775
-0.0182403
0.435595
-0.0543236
-1.09164
0.223568
0.117766
0.453161
-0.118691
-0.120039
0.0454453
-0.00677691
-0.35976
0.206801
0.00211436
-0.734933
-0.253687
0.540115
0.33437
0.142075
-0.0254421
-0.252713
-0.00479694
-0.00933792
-0.401267
0.405156
0.2803
-0.506504
0.0375324
-0.13849
-0.492958
-0.405361
0.00527249
-0.0785951
-0.171358
-0.0857852
-0.386611
0.097729
-0.274137
-0.112991
-0.047614
-0.0388337
-0.673754
-0.457871
0.10376
0.250756
0.98491
0.806901
0.202961
0.0645977
0.0097476
-0.364568
-0.127663
0.0519908
0.335948
0.0175439
-0.747068
0.195303
-0.641886
-0.19362
-0.584791
0.0615751
-0.397609
-0.116909
-0.0398811
0.0719824
-0.366091
0.305036
-0.604553
0.161271
-0.186507
-0.0433897
0.306265
0.000460486
0.294689
-0.0874362
0.307061
0.692029
0.0532151
-0.172869
0.376367
0.307064
0.483301
-0.176751
0.0847851
0.624077
0.0430719
0.00965495
-0.342671
0.0721951
-0.167367
0.180629
0.469237
-0.0374194
-0.416884
-0.291988
-0.306612
-0.153048
-0.715218
0.304428
0.164664
-0.419802
0.34978
-0.601498
-0.418145
-0.0294448
-0.549758
0.0447315
0.345284
-0.0025345
0.116536
-0.111886
-0.177325
-0.0378986
-0.605458
0.183469
0.120566
-0.155206
-0.133919
-0.565161
0.428474
0.278868
-0.160917
0.179182
0.225218
0.176046
-0.0876342
-0.398753
-0.104897
-0.518073
-0.0478601
-0.289712
-0.42258
0.172296
0.0917715
-0.248351
-0.439325
0.350531
0.437922
-0.217178
0.625913
0.290842
-0.350448
-0.113721
-0.299878
0.188111
0.413879
-0.077593
0.168313
-0.0538837
0.283499
-0.445183
0.287972
0.949136
0.251972
-0.165183
-0.310498
-0.00906336
0.299291
0.0134968
-0.496335
0.213927
0.579796
0.21259
-0.173662
-0.248849
0.103525
0.392921
-0.197397
-0.0875059
0.145864
0.327219
0.108544
-0.194645
0.0655596
0.0682929
-0.242828
-0.138882
0.206455
0.0423829
-0.112519
-0.14347
-0.0147621
0.0464052
-0.169365
0.322761
-0.135958
0.00828282
0.108731
0.0204043
-0.485856
0.247886
0.0208048
0.523605
0.230228
-0.39059
0.467069
0.368516
0.338368
-0.278715
0.10532
-0.111015
-0.151435
-0.277038
0.116995
-0.290094
0.171066
0.662903
0.230233
-0.160226
-0.279774
0.613471
-0.323252
-0.287164
0.191013
-0.169431
0.105964
-0.00761693
0.245669
-0.23171
-0.0221875
0.682297
0.376739
-0.250374
0.147904
-0.502952
0.00831624
0.163713
-0.0587301
-0.315822
-0.276747
0.10049
0.381465
-0.0906704
0.655834
-0.77668
0.052453
-0.342524
-0.1717
-0.300442
0.674575
-0.374087
0.207812
-0.0506631
0.0641533
-0.16663
-0.640319
-0.0731381
0.601959
-0.0844886
-0.550632
-0.400048
-0.352219
0.239662
-0.232633
0.39667
-0.387916
-0.182052
0.0129909
-0.202014
0.460748
0.253466
0.285149
0.341615
0.364446
-0.398764
0.06936
-0.370483
-0.298433
-0.718076
-0.166117
0.0679798
0.0648286
-0.485852
-0.526675
-0.260943
-0.171717
0.026854
-0.491253
-0.255864
-0.316445
-0.400185
-0.27036
-0.117366
-0.17135
-0.0291554
0.0887626
0.440533
-0.724664
-0.141894
0.0616087
-0.418048
-0.543731
-0.39953
-0.241692
-0.172337
-0.0807445
-0.304214
-0.0959135
0.0158273
-0.154636
-0.183594
0.0888992
0.141037
-0.33088
-0.476038
0.164141
-0.21138
0.1318
-0.409532
0.306993
0.897159
0.187344
0.18885
0.0340994
-0.529366
0.0909928
0.552932
-0.0564659
-0.0624189
0.0651497
-0.168419
-0.249984
0.177869
-0.251944
0.678991
0.205423
0.0617704
-0.243675
0.5271
-0.0695066
-0.105875
0.0212917
0.398
0.000540939
0.0627807
-0.213556
0.862009
0.191764
0.282378
0.543795
0.366941
0.202748
-0.20173
0.326296
0.119292
0.467707
0.243274
0.348896
-0.291229
-0.353204
-0.0399885
0.54774
0.445502
0.364893
0.0466075
-0.0244332
-0.244088
0.00859296
0.15481
-0.10272
0.448688
-0.127649
-0.225951
-0.179825
0.67288
-0.345528
-0.218404
0.474817
0.09509
-0.362434
0.00575081
-0.12596
0.230808
-0.282005
0.241949
-0.564379
0.0147018
-0.18154
-0.244056
-0.0802366
-0.222764
-0.246241
-0.0660881
-0.583123
-0.369975
0.0434914
-0.167758
0.321951
-0.0644017
-0.256235
0.159281
0.69814
-0.158657
-0.412891
-0.466433
0.327178
-0.0196985
0.0745767
-0.076241
0.29282
-0.183891
-0.00390613
-0.757252
-0.154433
0.0974899
-0.219484
-0.380778
-0.5746
-0.0789927
0.440985
-0.124379
-0.0855858
-0.194568
-0.08458
-0.177847
-0.291474
-0.398577
0.149814
-0.383308
0.853417
-0.161452
0.477047
0.2974
-0.305881
0.0744447
0.261614
-0.0116941
0.412427
0.192344
-0.021607
0.175959
-0.192529
0.36805
0.923379
-0.394561
-0.218531
0.04698
-0.13327
-0.0485126
0.940177
-0.628494
-0.108835
0.0161245
-0.310061
0.00100143
-0.375421
-0.640143
0.118987
0.0597895
-0.337098
0.166758
-0.0162894
0.0517402
0.304424
-0.256807
-0.0128819
0.273842
0.14466
0.128864
-0.454158
-0.373845
-0.437734
-0.367871
0.0845067
0.287459
-0.200089
0.115203
-0.321813
0.0691364
-0.124175
0.259419
0.0377395
0.171813
0.331721
0.378284
0.495519
0.162128
-0.0718951
0.278766
-0.0767497
0.418391
-0.11715
0.156347
0.246703
0.0157169
-0.475428
0.485419
-0.550264
0.383947
0.110256
-0.390214
-0.244591
0.458952
0.0424117
0.270166
-0.536686
-0.0989065
-0.138631
-0.141719
0.214001
-0.177586
0.320903
0.0360335
0.353431
-0.0756659
0.620667
-0.234414
-0.198953
0.264185
0.0507019
0.0484225
-0.0624963
0.0830634
0.159186
-0.244721
0.017017
0.272824
0.486059
0.516938
-0.106986
0.140188
0.292153
0.101426
0.168987
-0.133828
-0.46141
-0.081489
0.466267
0.21499
-0.552556
0.464198
0.403334
-0.427506
-0.213315
0.105917
0.445405
0.572974
-0.212174
0.0552588
-0.140833
-0.080905
0.202596
0.0636316
0.445284
0.501452
-0.179368
-0.335434
0.402134
-0.123217
0.128124
-0.319566
0.289679
0.0982624
-0.58042
0.249589
0.0889393
0.21549
0.358939
-0.335099
0.0800432
0.188955
-0.227607
-0.253833
-0.136774
-0.574546
-0.0628558
0.164474
0.194993
0.110342
-0.129536
-0.0733023
0.370032
-0.123591
0.67736
-0.000226971
-0.791177
-0.545964
0.472841
-0.447346
-0.566507
-0.150825
0.188969
-0.416562
-0.315089
0.344582
-0.517396
-0.202566
-0.00672463
-0.358079
-0.209933
-0.00832114
-0.27313
0.118049
0.0360108
0.403992
0.331488
0.387037
0.359069
-0.108244
0.372666
0.45113
0.328523
-0.0575
0.535178
-0.0130401
-0.349732
-0.187412
0.281929
-0.2162
0.0979056
-0.299292
-0.0267776
0.259588
0.347472
-0.22757
-0.621932
-0.34062
-0.468961
-0.141821
-0.35652
0.351844
-0.161579
0.0507951
0.286207
-0.530551
0.230726
0.102664
0.203964
-0.393682
0.102622
0.0358728
0.256451
0.140194
-0.0765417
-0.334261
-0.478903
-0.0994239
-0.164382
0.218314
-0.380112
-0.161362
0.0632419
-0.278267
0.577285
0.0514762
-0.102603
0.00364975
-0.141133
-0.192853
-0.423838
-0.141544
-0.227995
-0.051257
0.48471
0.201797
-0.253915
0.323514
0.0780138
-0.0688501
-0.786657
-0.382501
-0.32598
-0.0641939
0.586174
0.345334
0.777513
0.343172
-0.234041
0.0372697
0.337678
0.00539414
0.408958
0.0151973
0.0496627
0.288241
-0.637938
0.0376127
0.126109
0.254241
-0.18027
0.264329
0.0694296
0.222793
0.101364
0.287613
-0.473856
-0.180291
-0.157724
-0.0150974
0.291065
-0.267277
0.109312
-0.264854
0.141414
0.716323
-0.0221961
0.0967868
-0.414234
0.188182
-0.156911
-0.0343542
-0.338092
-0.117661
0.01333
-0.0433966
-0.247611
0.455461
0.0911549
0.192645
-0.00855765
-0.263706
0.151674
0.045992
-0.112478
-0.0563681
-0.0906524
-0.308767
0.306008
-0.136427
-0.571703
0.143418
0.0231629
-0.428485
0.00405327
0.135526
0.130758
0.12292
0.127542
-0.0873017
-0.630841
0.232238
0.294025
-0.213385
0.108558
0.679492
0.244102
-0.116519
-0.0238336
-0.308306
-0.179988
-0.219199
0.169062
0.705901
-0.209877
0.0132002
-0.259051
-0.0247724
-0.34824
0.193429
0.59714
0.350613
-0.339575
0.339367
0.0403798
-0.0171511
0.0373614
-0.495475
0.351215
-0.29794
-0.0993955
-0.392446
0.159529
-0.43218
-0.1437
0.296933
-0.113934
0.140148
0.00659437
0.791583
-0.0323246
0.396497
0.0947574
0.351784
0.180858
0.0352676
-0.158512
0.250573
-0.154885
-0.0943499
-0.13301
-0.169336
-0.254135
-0.0629213
-0.116249
-0.141875
0.465011
0.0524404
-0.0666474
-0.32873
-0.0775158
-0.00345586
-0.125554
-0.370524
0.0278441
0.0325873
0.125416
0.164016
-0.207545
-0.207156
0.382825
0.443862
0.135857
0.29599
0.488259
-0.39588
0.416484
0.10379
-0.555855
0.296781
0.228781
0.254662
-0.0680997
0.432515
-0.495004
-0.0233879
-0.117812
-0.451771
0.175695
-0.117111
-0.0439431
0.0728169
-0.233183
0.326418
0.15637
-0.604866
0.369014
-0.375766
-0.145108
-0.194311
0.0932233
0.00152555
-0.0668446
0.093495
-0.0788354
-0.524487
0.0599457
0.470047
0.140148
-0.686757
-0.340202
-0.46776
0.310769
0.0785677
-0.0859832
0.0866699
0.0443578
-0.143404
-0.170793
-0.140446
0.356203
-0.451718
-0.594792
0.349499
-0.00820458
0.10673
-0.170032
-0.158561
0.297519
0.420047
-0.0864543
0.0571094
0.218745
0.35802
-0.0767061
-0.115724
-0.133062
-0.152912
-0.196405
0.110364
0.149309
-0.174264
-0.0869916
0.0290329
0.222071
0.155919
-0.287302
0.0839297
-0.0974274
-0.293223
0.0767359
0.00320251
-0.173664
-0.0257185
-0.19845
0.0978087
0.201689
0.269404
0.510066
-0.0171618
0.108919
0.426986
0.29706
-0.455779
0.175657
0.196423
0.339036
-0.00375733
-0.307775
0.381552
0.000140453
-0.228415
0.20302
-0.0314252
-0.197419
0.397878
-0.280409
0.0777803
-0.367961
-0.365275
0.255161
0.11617
0.260447
-0.272886
0.0262412
-0.0156746
-0.253618
-0.363253
0.69643
0.201743
0.36982
0.359603
0.284152
-0.252264
0.132704
-0.455112
-0.13796
0.0618191
0.187128
-0.343744
0.105251
-0.236842
-0.185441
0.090748
-0.0299428
0.474205
-0.0913016
-0.14327
-0.122467
0.107553
-0.0780513
-0.148656
0.0707174
-0.247066
0.433092
0.103021
0.33139
-0.156921
0.14672
0.16011
0.22745
0.473031
-0.129556
0.238712
-0.715383
-0.322974
0.0209987
0.121852
0.17836
-0.0319297
-0.159491
-0.298603
-0.25027
0.216376
0.103381
-0.0449693
0.0991168
-0.432896
-0.241716
0.211218
0.513345
0.351145
0.16352
-0.0860364
0.172539
-0.707021
-0.328798
0.745278
-0.0594641
0.208601
0.0908586
-0.648099
-0.0393266
-0.101151
-0.504231
0.0339295
0.105559
0.123088
0.155356
0.238806
0.0768406
-0.146516
0.667852
0.339861
-0.0645671
0.0732635
0.0951414
0.047914
0.182687
-0.215752
-0.286857
0.194855
0.418206
-0.214705
-0.134135
-0.0246371
-0.166283
0.115445
-0.441782
0.299422
-0.353169
1.10632
-0.214038
0.284331
0.0540445
0.11387
0.203088
-0.0731624
0.120045
0.336376
-0.209848
-0.00345296
-0.00231087
0.373672
0.0376983
-0.115862
-0.0376555
-0.307398
0.300281
0.169275
-0.0753646
0.10448
-0.362327
0.273906
0.160159
0.475213
0.264371
0.244077
0.196506
0.191462
0.144364
-0.0415713
0.416837
-0.0157442
-0.492479
0.298977
0.412074
0.034805
0.104045
-0.137199
0.0564821
0.229964
-0.0523857
0.0687481
0.0384804
0.300726
0.279889
0.355575
-0.060956
-0.302826
0.0986142
-0.141286
0.147005
-0.0761497
-0.495099
0.252881
0.156082
-0.196384
0.334228
-0.417645
0.667729
-0.362746
0.387306
-0.651564
0.11442
-0.0517887
-0.193463
-0.338968
0.212156
-0.0580563
-0.185837
-0.121455
0.412297
-0.0277517
0.148135
0.0224832
0.0865164
0.158809
-0.782633
-0.146693
0.0933926
-0.0458874
-0.404129
0.131674
0.445295
-0.0182226
0.177948
-0.103499
-0.452389
0.392491
-0.00320242
-0.14157
0.00316944
-0.0556272
0.670851
0.270045
0.448834
-0.263693
-0.246723
-0.51286
0.296053
-0.314206
-0.09951
0.303053
-0.627606
-0.111908
-0.228811
-0.0503006
0.0705915
0.5607
-0.455003
0.234177
0.25426
-0.25935
-0.169033
-0.118945
0.509215
-0.198235
-0.0610636
-0.128546
-0.413274
0.175697
-0.0627626
0.19942
0.0496601
-0.132663
0.0219841
-0.0756134
-0.144128
-0.0803734
-0.187187
0.129968
0.289741
-0.275375
0.298058
0.0348694
-0.239867
-0.0403121
0.206678
-0.320793
0.336208
-0.00867076
0.28591
-0.256563
0.446208
-0.0654937
0.141344
0.145937
0.0865312
-0.654114
0.215778
-0.186659
-0.288507
-0.196032
-0.0223687
0.480913
0.246919
-0.10028
-0.159187
-0.410598
0.183856
-0.483714
-0.278159
0.486704
-0.286173
0.143227
0.077281
0.0523901
-0.0310097
0.588679
-0.0385298
-0.0229844
0.405274
0.396589
0.588068
0.462857
0.0546525
-0.212769
-0.147524
0.076806
0.015767
0.253495
-0.127655
0.512181
0.322606
-0.19586
-0.0344926
0.153582
0.0556576
-0.00725982
-0.172121
0.344105
0.12803
-0.0426291
0.409274
-0.22871
-0.556645
-0.061457
-0.136022
0.228255
-0.268707
-0.392164
-0.581471
0.0721006
0.396087
0.44963
-0.0470118
-0.500996
0.243726
-0.0792888
-0.00969797
-0.0480359
-0.250144
0.209375
-0.265142
-0.218516
0.829024
-0.0042646
-0.0612624
-0.145035
-0.349853
-0.0435426
-0.265047
-0.283332
-0.49373
-0.0983804
0.175168
-0.425938
-0.145637
0.239358
-0.113452
-0.17173
0.266183
-0.0480007
-0.115419
0.126697
-0.0129845
-0.404835
-0.256684
0.124972
0.0766504
-0.234348
0.0110077
0.160897
0.144785
0.0839776
-0.35261
-0.620529
0.01268
0.0889144
-0.348658
-0.217221
-0.380339
-0.117889
0.300795
0.0202868
-0.0597613
-0.385797
-0.498813
0.271344
-0.39735
0.0468172
0.0405689
-0.260483
0.0123617
0.0990145
0.429606
-0.574534
-0.717899
-0.234587
0.354955
0.0666719
0.126185
-0.250065
-0.276575
-0.226508
-0.315732
-0.392696
-0.169494
0.167696
0.154862
0.585384
-0.773294
0.237508
0.354189
-0.0328186
0.344414
0.234157
0.267079
0.369774
0.0660571
0.0115333
-0.161491
0.129776
-0.0842653
-0.164276
-0.558959
-0.176605
0.00499185
0.151897
0.0573021
0.235545
0.36467
0.0472237
0.189228
-0.0604441
-0.111316
-0.0620012
-0.0248747
-0.0127438
0.367591
0.314553
0.259649
0.129357
-0.114574
0.133579
0.564077
0.0135111
0.148037
0.206067
0.125206
-0.134287
-0.0423508
-0.272565
-0.0255843
0.263555
0.392584
0.436007
-0.0973958
-0.125931
0.103555
0.210997
0.269798
-0.569877
-0.130557
-0.0200349
0.304757
0.136298
-0.082154
0.125102
0.192401
-0.240002
0.220691
0.362822
-0.307261
0.0520907
-0.00619303
0.487207
-0.112977
0.261484
-0.306102
-0.20899
0.200578
-0.256976
0.688081
-0.193637
0.073154
0.0738027
-0.308207
-0.163876
-0.246679
0.157549
0.381041
-0.0113164
-0.207902
-0.257819
0.342067
-0.0129136
0.524928
-0.120472
-0.0848728
0.233903
0.0460694
0.579951
-0.363893
0.708909
0.0937752
0.176415
-0.410169
-0.249975
-0.207082
-0.0420592
-0.093474
-0.134574
0.517981
0.324453
0.684597
-0.457029
0.455224
-0.223156
0.270043
0.247011
-0.0712321
-0.468236
0.702203
-0.137941
-0.505355
0.0173748
-0.142935
-0.379876
0.367405
-0.00388026
-0.123702
-0.0250136
-0.20882
0.399569
0.0299719
-0.251306
0.0113639
-0.102836
-0.246062
-0.11354
0.0377481
-0.427062
-0.409231
-0.0543406
0.367124
0.237384
-0.113949
0.267974
0.448155
-0.348586
-0.177244
0.136068
-0.584309
-0.400306
0.0134767
-0.0778547
-0.27538
0.489456
-0.1589
-0.512449
-0.446266
-0.0118218
-0.0236675
0.293013
0.610081
0.018588
0.341465
0.0245053
0.737512
-0.0569918
-0.512901
-0.192499
0.0993885
0.0288089
-0.179329
-0.331531
0.533323
-0.0945026
-0.102959
0.0502275
0.119471
-0.70485
0.501591
-0.351652
-0.694407
-0.0268726
-0.0664553
-0.022594
-0.491865
-0.144538
0.336759
0.346114
-0.0419722
-0.181896
-0.726912
0.043124
-0.43094
-0.440489
0.249461
-0.356299
0.216239
-0.356806
-0.00691872
-0.389625
0.412101
0.324567
-0.544018
-0.361513
0.0927774
-0.521801
0.158741
-0.362129
0.320992
0.628989
-0.186342
-0.280171
0.0880186
-0.135012
0.103406
0.191212
-0.382336
-0.194978
-0.0714084
-0.335503
0.00335484
-0.204909
0.153035
0.0408471
0.286062
-0.203397
-0.402538
-0.563661
-0.141171
0.187826
0.106988
-0.508587
-0.273519
0.294354
-0.891028
0.0244276
0.348136
0.338534
0.332906
-0.307513
0.102786
-0.114889
-0.17742
0.12214
-0.370306
-0.432818
0.370285
-0.454397
-0.480389
-0.219704
-0.0811422
-0.126498
0.413396
0.338415
0.284917
0.166243
0.764837
-0.0667467
0.205189
0.396183
0.133049
0.200448
0.0270064
-0.725755
0.0265917
-0.174661
0.480475
-0.767355
-0.00187297
-0.384064
-0.117353
0.28586
0.308345
-0.185993
-0.207191
0.0229802
0.047371
-0.186162
-0.0546861
0.16318
-0.17257
-0.308587
-0.070697
-0.165446
0.0333466
-0.0981141
-0.291871
-0.286148
0.447904
-0.29278
0.343831
0.105218
0.0403167
0.501847
-0.320576
-0.0822134
-0.442673
0.165164
-0.211157
-0.230439
-0.337043
-0.172025
-0.532497
0.571557
-0.609222
0.211065
0.358447
-0.103913
0.180781
0.230261
-0.34146
0.0549858
-0.65094
-0.092246
0.366615
0.298661
-0.0824969
-0.505956
0.362399
-0.000857114
0.34501
-0.410885
-0.147083
0.315232
-0.100847
0.465719
0.127154
0.591596
-0.393859
0.633332
-0.4619
-0.107083
-0.0410024
-0.703934
-0.24374
-0.063206
-0.186289
0.0908308
0.0322259
0.359361
-0.500092
0.0794747
-0.236803
-0.11961
0.161016
-0.379634
-0.361697
0.315822
-0.515908
0.482036
0.334887
-0.0099636
-0.333653
0.226096
0.214934
-0.443659
0.553371
-0.122268
0.382179
0.0433694
-0.477545
-0.304573
0.44668
0.0704992
-0.419264
-0.502361
0.213317
0.357726
-0.586503
-0.530135
0.182837
0.390735
0.289403
0.294141
0.152454
-0.537538
0.219225
0.0557938
-0.366755
-0.37305
-0.363542
-0.0699461
-0.00621573
-0.00424313
-0.28561
0.0643636
-0.0345925
-0.736831
0.167314
-0.025724
-0.239439
-0.590427
-0.430915
-0.164646
-0.175732
0.591971
-0.0962599
-0.0872666
0.0853594
0.207606
-0.0729455
-0.166991
-0.208295
-0.40217
0.301027
0.406528
0.0208994
0.40268
0.0757162
-0.364354
0.0541481
-0.107293
-0.438434
-0.194585
0.461964
0.24862
-0.113367
0.247444
0.150683
0.467066
-0.0556104
-0.242345
0.440779
0.157971
0.394615
-0.110426
0.37012
0.255961
-0.187172
0.0102026
0.551535
-0.25377
-0.0390703
-0.217196
0.354215
0.408358
-0.134087
0.518956
-0.0399786
-0.485962
0.114594
0.297119
-0.149358
-0.372935
-0.18865
0.0185945
0.124561
0.0101548
-0.203701
-0.417168
-0.290566
0.409372
-0.401833
-0.0806404
-0.152833
-0.423904
-0.0161932
-0.19453
0.0591024
-0.376293
0.214108
-0.20849
-0.341598
-0.24634
-0.0226544
0.0683635
-0.0661192
-0.271153
0.181595
0.137685
-0.0738752
-0.156542
-0.0371185
0.284641
0.0351627
0.203956
-0.239502
0.19822
0.00438029
0.19952
-0.231004
0.427796
-0.369586
-0.157552
0.0743899
0.386257
-0.546141
-0.49915
-0.216224
-0.255287
-0.0729982
0.272386
0.323398
-1.24506
0.0311686
-0.269344
-0.393265
-0.113284
-0.210429
-0.481032
0.183184
0.730665
0.184066
-0.180274
-0.0226388
0.294304
-0.548035
-0.036361
-0.0955952
-0.333947
-0.526702
0.108914
0.443795
-0.239113
-0.00845037
-0.129062
0.452107
0.0503216
-0.23996
0.47507
-0.0350623
0.394395
-0.359326
0.000352903
-0.00134707
-0.0721899
0.179257
0.435374
0.180543
0.0208423
0.269443
0.0370395
0.0579544
0.265639
-0.0732241
-0.0497261
-0.10353
0.602297
0.245627
0.262595
0.163159
0.0258275
0.326919
0.447722
-0.118268
-0.144024
-0.142543
0.086554
-0.183176
0.315686
0.292203
0.0648401
-0.203763
-0.0932444
0.136416
0.0136216
-0.151107
0.411293
0.520557
0.318657
-0.31086
-0.258041
-0.57836
-0.0164134
0.0672651
0.0890373
-0.276167
0.271938
0.233765
0.0756395
-0.179479
0.241709
-0.0574371
-0.210455
0.0702877
-0.319314
0.382481
0.0869409
-0.00812198
0.25785
-0.185944
0.0567532
0.54479
-0.459098
0.13071
-0.419778
0.112551
-0.625626
-0.14641
0.000940034
-0.0314265
0.0752679
-0.154703
-0.14228
-0.0397621
0.515201
0.0250937
-0.415121
-0.602052
0.237379
-0.058303
-0.0878791
0.314509
0.0981774
-0.02145
0.136903
0.119285
0.295402
0.293919
-0.344945
-0.366305
0.561181
-0.289051
0.0995422
0.0220575
-0.392744
0.0488156
0.17441
-0.185398
-0.0500267
0.324524
-0.260002
-0.029394
-0.399942
0.563796
-0.207834
-0.6926
0.0339508
-0.256027
0.352193
0.389211
0.265277
-0.079343
-0.420399
0.291999
-0.195474
-0.440649
0.618144
0.0707155
0.260324
-0.404036
-0.0154988
0.149172
0.144252
-0.585486
-0.461696
0.0421525
-0.367409
0.0322668
-0.134688
0.243478
0.466
-0.323846
-0.342758
0.0633681
-0.312773
-0.18388
-0.405653
0.0669409
0.0772094
-0.116424
0.216845
-0.150167
-0.130436
-0.47505
-0.684749
0.137893
0.706181
-0.22359
-0.0502621
0.127176
0.158511
-0.859039
0.694229
0.35583
0.689395
0.212022
0.507958
-0.0674273
-0.0962126
0.273357
0.506899
0.0360238
0.00927385
-0.0312232
0.249268
0.134892
0.272675
-0.38747
-0.0309931
0.354818
-0.675831
0.0242048
-0.335181
0.158336
-0.206369
-0.43305
0.245452
0.164779
-0.135244
0.148199
0.472182
0.310726
-0.3705
-0.342717
0.0542906
0.409657
0.358227
-0.458144
0.0320373
-0.33224
-0.0038878
0.274627
0.0402572
-0.211651
0.467843
-0.299601
-0.402026
0.128391
0.505288
-0.40846
0.086452
0.0485577
0.214279
0.285115
-0.23233
-0.310048
-0.102167
-0.500725
-0.385094
0.112799
0.580178
-0.242348
0.265194
-0.252703
-0.181987
-0.0880237
0.40792
-0.599802
-0.202505
0.857625
0.205043
0.250329
0.365044
0.564917
0.0728659
-0.220269
-0.222968
-0.513477
0.382405
0.0109362
-0.517206
-0.000767468
0.372435
-0.415297
0.260873
0.170265
0.35513
0.340645
0.360574
0.0645213
0.473258
0.185257
0.0457654
-0.0776078
0.0758622
0.700469
-0.105502
0.304612
-0.1741
0.260778
-0.079425
0.432334
-0.0899914
0.0583431
0.232662
-0.388516
0.253257
-0.154854
0.750158
0.405334
0.0667201
0.118628
0.196954
-0.372074
-0.620615
-0.184659
-0.473471
0.569383
-0.17171
-0.48649
0.317517
0.414657
0.284232
-0.0107359
-0.312441
0.0418371
-0.0481267
-0.0495048
0.234847
-0.149471
0.135586
-0.0980195
-0.113733
0.745539
0.280101
-0.110193
0.720383
-0.652446
-0.0308296
0.17538
0.0236215
-0.0768384
-0.183923
-0.014324
0.047649
0.131019
0.0573573
0.626396
-0.0558394
-0.403321
-0.150598
-0.342596
0.0703302
0.342423
-0.397194
0.444107
-0.0822589
-0.31127
-0.191537
-0.540734
-0.00682265
-0.151211
-0.162227
0.0496531
-0.375375
0.0133128
0.0119925
0.0701902
-0.495838
0.090359
-0.0501418
-0.157079
0.479411
0.390463
-0.193767
0.070726
-0.0798306
-0.119263
0.213412
-0.0288381
-0.50324
-0.0138824
0.436251
-0.501839
0.576016
-0.317632
0.249904
-0.0279381
-0.341107
0.432494
-0.392704
-0.253742
0.0442151
-0.0391236
-0.244979
0.238352
0.137893
-0.366902
-0.0704051
0.157023
-0.249798
-0.273179
-0.143285
-0.0154533
-0.568801
0.132043
0.321724
-0.496175
0.917391
0.687413
0.0918845
-0.033888
0.106666
-0.0680421
-0.0676461
0.527777
-0.0774678
-0.0615142
-0.0467993
-0.0967813
0.240223
-0.549419
-0.0591668
0.0113859
0.184993
-0.252351
0.196373
-0.471489
-0.0973573
0.437732
-0.00776682
0.122859
-0.395831
-0.536022
-0.38227
0.745668
0.108992
-0.264484
-0.0739292
-0.201703
-0.0348799
0.298392
-0.00691459
-0.373947
-0.355949
-0.180455
-0.277832
-0.414332
0.347063
-0.375233
0.179728
0.422595
0.0698854
0.359932
0.150187
-0.198274
0.204348
-0.310933
-0.344763
-0.112777
-0.279524
0.0980938
-0.0457992
-0.085363
-0.0722179
0.132034
0.250492
0.0845319
0.664167
-0.443199
-0.0366839
-0.108148
-0.114293
0.69699
0.0921615
-0.00998849
-0.00197156
0.264069
-0.1905
0.0923613
0.0746735
0.108057
0.0256427
0.0563937
-0.270667
-0.193696
-0.119937
-0.0287333
-0.106536
0.377513
-0.329417
-0.0649782
0.0946471
0.157972
0.0755603
-0.232676
0.263703
-0.0993757
0.221021
0.224377
0.163817
0.0784368
0.612947
-0.213186
-0.725863
0.0909817
-0.150112
0.0129963
0.394557
-0.715582
0.466773
0.385773
0.0256209
0.478209
0.50952
-0.115615
-0.0392576
0.31969
0.493403
-0.170957
-0.131139
-0.0265443
0.275968
0.35931
-0.0377871
0.141282
0.274864
-0.311513
-0.351222
0.119787
-0.209771
-0.345569
0.0428807
0.11162
0.0273735
0.14276
-0.286728
0.143206
-0.0229358
-0.042433
0.290407
0.0450562
0.144535
-0.368219
-0.517168
0.393421
-0.134078
-0.135539
-0.18176
0.00536403
-0.152192
0.0295147
-0.151189
-0.31772
0.511583
-0.319747
-0.0823779
-0.0603533
0.105328
0.17449
0.00585256
-0.0480964
0.317029
0.65733
0.653588
-0.254352
0.196645
-0.510376
0.271153
0.0101649
0.113284
0.135308
-0.404922
-0.481061
0.0615107
0.548531
0.404383
0.101131
-0.312961
-0.183028
-0.156911
-0.0895741
0.123585
-0.0503017
-0.0360394
0.329634
0.0946145
0.415248
0.179506
0.124448
-0.29696
-0.081126
-0.494837
-0.117089
-0.147466
0.223436
-0.168891
-0.0116249
0.134276
-0.140658
-0.0699728
0.326735
0.247781
-0.0423551
0.297368
0.122781
0.306543
-0.100801
0.470937
-0.133846
0.284953
0.167297
-0.35468
-0.147378
-0.0415596
0.826261
0.432852
0.0434028
-0.409873
-0.0677269
0.324489
0.237044
0.125533
0.532503
0.00426795
-0.28426
-0.169717
-0.149598
-0.447702
0.420224
0.254892
-0.298936
0.300751
-0.217783
-0.0240471
0.221637
-0.707725
0.159002
0.456675
-0.255081
-0.426155
-0.492628
-0.4735
-0.0825763
0.10779
0.0987436
0.251633
0.0247522
0.234262
-0.0678633
-0.424316
0.0316617
0.13499
0.513154
-0.0258704
-0.35414
0.110479
-0.0278512
0.262181
-0.443474
-0.0397118
0.585852
0.00536924
-0.213146
-0.237905
-0.0267547
0.0383101
-0.353069
0.0702384
-0.14889
-0.242706
0.213126
-0.221695
-0.101007
-0.00514564
-0.0128623
0.531557
-0.303452
-0.236389
0.0371757
-0.196947
0.386044
-0.118739
-0.49652
-0.08947
0.180676
-0.253656
-0.336971
0.347935
-0.0244939
-0.00990399
0.177924
-0.132867
-0.0481194
0.352873
-0.351075
-0.22786
0.0489052
0.332062
-0.0573147
0.145551
-0.411725
-0.245971
-0.519553
0.346388
0.489616
0.0611773
0.246258
-0.296056
-0.19169
0.312216
-0.00313275
0.439476
-0.0121456
-0.101461
-0.0362163
-0.182565
-0.00247855
0.171779
0.284009
-0.604776
0.081759
0.0469663
0.278925
-0.377945
-0.484822
0.568139
-0.126411
0.0959908
0.47627
-0.251475
-0.572808
0.468379
-0.32846
0.0198448
0.0336087
0.021707
-0.335664
-0.715623
-0.581633
-0.60757
-0.256362
0.369527
-0.158647
0.313986
-0.482096
0.0365828
-0.228402
0.0684061
0.353679
0.334637
0.212168
-0.00504583
0.498857
-0.0815604
-0.195074
0.290086
-0.374068
0.192255
-0.123702
0.0605131
-0.345943
-0.221366
0.589612
0.358183
-0.402253
0.106215
0.443648
0.270759
0.125787
0.162906
0.497187
-0.0668329
0.282162
0.0840808
0.326015
-0.216236
0.377767
0.206334
-0.578974
0.410644
0.0919533
0.0240366
-0.246737
-0.523284
0.0273426
0.321589
-0.0438805
0.117119
0.0831393
-0.146227
0.38821
0.112621
-0.0913749
-0.442354
-0.0952911
0.0518738
0.0102603
0.195454
0.135539
0.377273
-0.106255
0.036509
-0.232061
0.3675
0.103171
-0.139764
0.0988835
-0.285888
0.151125
-0.540953
0.0616035
-0.244385
0.187999
0.312132
0.256663
-0.0842026
-0.22803
-0.0969015
-0.850409
-0.0578884
0.864129
-0.130229
-0.231384
0.334833
0.341571
-0.00849751
-0.241628
-0.833232
0.338568
0.0700181
-0.0371104
0.0683554
-0.296243
0.195916
0.0670862
0.376394
0.110679
-0.0068547
0.388318
0.372224
-0.595386
0.100005
-0.0467328
-0.0798986
0.173359
-0.160089
0.124433
-0.0950755
0.0843223
-0.176448
-0.273491
0.215586
0.353215
0.296393
-0.179044
0.404129
-0.273622
0.00748963
0.0527814
-0.158779
-0.134367
-0.126071
-0.0358616
0.480696
0.117015
0.310685
0.116781
-0.00414373
-0.0830445
0.0499742
-0.208987
-0.505825
-0.538793
-0.303916
0.393418
0.190269
0.0821691
0.0564066
0.204386
0.498229
0.317115
0.161748
0.249997
0.182053
0.383896
-0.435069
0.0215632
-0.519069
0.13318
0.590447
-0.36165
0.101672
-0.141461
-0.43339
0.242585
0.00113069
-0.383202
0.125284
0.253538
-0.413777
0.0621895
-0.0937867
-0.143048
-0.128641
-0.0815475
-0.532972
-0.0318542
0.452208
-0.0164329
-0.182551
0.0892362
0.173976
0.487516
-0.266632
-0.149212
-0.313638
-0.769891
-0.363354
0.141905
0.437013
0.0461217
-0.696349
0.357881
-0.284918
-0.362978
0.329507
0.114588
-0.284385
0.108882
-0.036525
-0.0933852
-0.0667079
-0.258633
-0.00504385
0.267881
0.16556
0.568834
-0.374911
0.406866
0.725732
0.0474581
0.117249
0.0400814
0.0180081
0.103478
-0.336191
-0.0331325
-0.052998
0.70661
0.62521
-0.0857586
0.234694
0.270014
0.203676
-0.0538663
0.220159
0.316567
0.139957
-0.131368
0.0102843
-0.34217
-0.557961
-0.0515479
0.297485
0.0440164
-0.00838117
0.265245
0.175648
-0.249354
0.543209
-0.656085
-0.175436
0.596465
0.433202
-0.329825
0.120085
-0.073805
0.201297
-0.274378
0.308835
0.172185
0.150321
-0.187159
-0.157513
0.780835
-0.074657
-0.152849
-0.0126393
-0.586041
0.174444
0.0914058
0.0915338
0.107927
-0.405731
-0.493665
-0.0592286
0.692795
-0.529188
0.137444
-0.0238389
0.292585
-0.45015
0.286574
0.0775586
-0.256735
0.103384
0.1535
0.206625
-0.103837
-0.0938386
-0.183208
0.0147665
-0.215443
-0.298164
-0.586631
0.159497
-0.242545
0.142045
-0.164618
0.0330476
0.205311
0.335622
-0.162404
-0.120689
-0.412331
-0.357778
-0.460443
0.776639
-0.408429
0.105387
0.0272869
-0.333289
0.123408
-0.378094
-0.454792
-0.0961654
-0.498298
-0.180091
-0.11879
-0.114842
0.254976
0.486637
-0.034025
-0.0349231
-0.287606
0.0444587
-0.265947
0.552233
-0.064286
0.179093
0.2893
0.253523
0.235566
0.396326
0.132942
0.0943657
-0.212814
-0.302328
0.449191
0.446933
0.209273
0.179076
0.326504
-0.178238
-0.274028
0.0591578
-0.991524
0.256942
-0.14353
-0.0656955
-0.628436
-0.0396755
0.117871
0.236462
-0.0737234
-0.477184
0.204723
-0.186319
-0.170218
-0.479991
0.0312448
0.522413
-0.0465648
0.00581833
-0.208929
0.112032
-0.149284
-0.255377
0.667666
-0.013325
-0.116
-0.088089
-0.424235
-0.088029
0.308395
0.363621
0.407563
-0.559591
0.0187038
-0.161376
0.271014
0.22714
0.0372272
0.224213
0.138309
0.702338
-0.147481
-0.0812017
-0.153602
-0.051616
-0.0681958
0.338502
-0.038394
-0.0123777
-0.482456
-0.0888621
0.978561
0.234628
0.0984967
-0.214619
-0.0120132
0.104382
0.0847993
0.0975
-0.106982
0.337669
-0.25253
-0.176575
-0.098007
-0.294223
0.42778
0.157347
-0.413299
-0.196518
-0.307217
0.177045
0.017527
-0.0179493
-0.149598
0.166235
0.00321119
0.210053
0.0883694
0.0549144
0.363014
0.274923
0.272073
-0.185557
-0.0755514
-0.410241
0.129043
0.23547
0.012884
0.168757
-0.0119476
-0.0548243
0.055075
-0.317659
-0.126731
-0.033372
-0.283107
-0.343434
0.260671
0.00337279
0.0628785
0.298471
-0.0464104
-0.232546
0.211754
-0.664292
0.223975
0.164261
0.198326
0.851519
-0.0623126
-0.109086
-0.016815
-0.418613
0.0310352
-0.431187
-0.0837301
0.354657
0.483376
-0.162364
-0.0401171
0.153319
-0.0335248
-0.276645
-0.186103
0.0980335
0.287072
0.198377
-0.481842
-0.052473
0.479932
0.253989
-0.593809
0.404067
0.18592
-0.310008
0.0191468
0.225616
-0.290863
0.386585
-0.0564662
-0.147415
0.887187
0.495424
0.137686
0.314289
0.259716
0.0595171
0.297831
0.81201
-0.0407039
-0.203235
-0.0988966
0.0550251
-0.161735
-0.0793066
-0.334704
0.120083
0.319998
-0.238388
-0.230983
0.112908
-0.158991
0.00140567
0.212177
-0.212363
0.304769
0.00975569
0.379412
0.0363517
0.222139
-0.185134
-0.330183
0.199642
-0.299963
0.247895
-0.655048
0.210767
0.347145
-0.404
-0.653352
0.131751
-0.0672227
-0.149475
-0.36584
0.175985
-0.277308
0.228475
0.172547
-0.607422
0.000490338
0.215314
-0.299314
0.351227
0.0617133
-0.198894
0.312328
0.0501229
0.286781
0.171523
-0.06214
0.162759
0.547625
0.754384
0.162
-0.457716
0.312217
0.325144
0.39629
-0.0736252
-0.340869
0.110529
0.174077
-0.207835
-0.333511
0.0221863
0.307682
-0.00435253
-0.120232
0.125473
-0.219399
0.566047
0.306277
0.140678
-0.443467
-0.392261
0.216544
-0.11516
0.690104
0.24492
-0.106713
0.33838
0.472257
0.00910473
0.166211
0.356042
0.178685
0.466132
-0.0157927
-0.371089
0.192316
0.220903
-0.0123877
0.715217
0.0369259
0.118102
0.158117
-0.397242
-0.455099
-0.129368
-0.116228
0.437857
-0.48367
-0.0763898
0.332359
-0.349056
-0.644273
-0.233988
0.467477
0.0485202
-0.242416
0.284027
0.340893
-0.102488
-0.168981
-0.40198
-0.543049
-0.794588
-0.0568648
0.475846
0.0373333
-0.0926982
-0.01771
-0.502239
0.379508
0.096428
-0.139823
-0.187119
0.234533
-0.395066
-0.0855279
0.221288
0.759761
0.315052
-0.00803589
0.0528042
-0.152415
-0.19237
0.381903
-0.305304
-0.122409
-0.223665
-0.140835
0.0309168
0.130736
-0.375838
0.298128
-0.209842
0.535184
-0.0673487
-0.0446693
-0.138165
-0.0188646
0.25343
0.00219245
0.0390986
-0.424723
-0.0404723
-0.168943
-0.172474
0.109046
-0.126051
-0.525102
0.308696
0.467882
0.316758
-0.261327
-0.195431
-0.41017
-0.470354
0.163391
0.0252642
-0.466663
0.283517
-0.0966241
-0.109199
0.0772135
-0.318178
-0.0253559
-0.0299698
0.000655755
0.00208275
0.0618029
-0.095216
-0.20322
0.232395
-0.762855
0.111202
-0.137882
-0.357471
-0.184478
0.154402
0.499077
0.260255
-0.379913
0.151447
0.0653444
-0.0789251
-0.114085
-0.241223
0.0430688
-0.186834
-0.362621
-0.203363
0.440589
0.266602
0.0172314
-0.0439385
0.0525204
-0.385184
-0.372234
-1.0531
-0.00253085
0.0453706
0.0226145
-0.0594089
-0.426965
-0.292384
0.0931911
-0.40238
-0.346652
-0.333581
-0.367598
0.577574
-0.0823114
-0.040092
-0.610781
0.194334
0.171664
-0.120706
0.0790477
-0.340329
0.210015
-0.36351
-0.0421436
-0.213014
-0.107063
-0.265375
0.0379999
-0.285899
0.000990812
0.207285
-0.277135
0.742947
-0.151903
0.439295
-0.0678388
-0.0482375
-0.142714
0.368497
0.027002
0.426437
-0.147178
0.0868038
0.0899565
0.267862
-0.0350321
0.407188
0.265767
-0.00630111
0.147554
0.333698
0.29081
-0.564101
-0.109643
-0.0704534
0.286915
0.327446
-0.191032
0.405521
-0.0466503
0.267644
-0.362461
-0.22641
-0.414969
-0.618024
0.253033
0.407973
-0.232696
-0.105703
0.100738
-0.200459
-0.278201
-0.248146
-0.208407
-0.351436
-0.256464
-0.00648634
-0.448463
0.273955
0.256558
0.28814
0.0732197
-0.0413273
-0.0790212
0.315892
-0.168204
0.18967
0.0918044
0.648772
-0.665761
0.0509664
-0.283232
0.222279
0.298215
0.266188
0.0177221
-0.189549
-0.599591
0.18747
0.275648
-0.0238958
0.130008
0.123003
0.0957748
-0.270763
-0.344101
0.644851
0.0978554
0.131005
-0.0424754
0.252544
0.0768526
-0.330346
0.647205
-0.400879
-0.4842
-0.214699
0.545695
-0.292035
-0.0448372
-0.0751887
-0.00292787
0.126117
-0.164696
0.00566454
-0.239562
0.10507
0.170671
-0.415187
-0.385347
0.245873
0.129542
0.661597
0.226976
0.0740878
0.153598
0.0309303
0.00154754
0.312519
-0.0876283
0.510379
-0.200226
0.516083
0.185468
-0.364248
0.0828912
0.0801625
0.175434
0.198085
-0.0583399
0.0238891
-0.123523
-0.331828
0.307196
0.0452128
0.348044
-0.162272
-0.146438
0.123089
-0.0922745
-0.354507
-0.0974227
0.0354564
0.270381
-0.00819868
0.0661657
-0.377583
-0.123198
0.278798
-0.0636063
-0.305325
0.0998702
0.382841
0.350222
0.327296
0.291433
-0.287346
0.401819
-0.424863
0.345461
0.559879
0.178941
-0.00925313
-0.135806
-0.517978
0.155705
0.136701
0.110785
-0.335145
-0.413152
0.19136
-0.106221
-0.225865
0.0121406
0.13542
-0.0739753
-0.0988447
0.251371
-0.156397
0.197213
-0.221946
-0.0179633
0.0927247
-0.376509
-0.301648
0.258922
-0.10955
-0.191139
0.117233
0.509585
0.116314
0.282183
-0.260996
0.0505359
0.678436
0.168514
0.0508156
-0.127592
-0.14964
-0.208023
-0.0477522
-0.178423
0.362574
0.779711
0.258071
0.0834934
0.0356768
0.37795
0.00822258
0.109329
0.304093
-0.0399155
-0.135537
0.175045
0.0340947
-0.245397
0.150746
0.0342668
0.374442
-0.331112
0.133126
0.467843
-0.424633
-0.332533
-0.0291443
0.0439429
0.11124
0.0942425
-0.0872763
0.326198
-0.29159
0.593942
-0.567214
-0.470088
0.439586
-0.0281209
0.320317
