-5.73749
-0.291027
-3.60151
0.804608
0.845792
5.30621
0.0457234
-0.523751
-0.0383947
0.908315
-1.21304
0.316231
0.302061
0.752341
0.646344
1.48476
-255.012
-2.68747
-1.55833
2.21467
-0.299944
-99.2516
-0.265884
-0.0635217
1.48343
0.337664
-3.42547
2.3131
-1.58828
-1.54199
3.15519
1.39237
1.64256
0.44375
-0.84424
-0.696742
1.45934
0.927962
-0.554539
-0.367987
-0.10603
2.52508
-1.64443
-0.101731
0.554965
0.730169
-0.82288
-0.146925
0.879494
1.22443
-3.334
-0.784557
-0.245281
-2.41356
-1.16233
-5.21063
-2.49456
0.617777
1.41695
48.7816
-0.0329651
-0.0441883
2.07778
0.215435
-1.97496
1.0871
0.396489
0.748494
-13.9193
-0.535656
-0.291793
-2.29885
-1.30919
1.01266
0.141703
0.144258
1.57894
2.94978
-0.355855
-1.04586
-0.771171
-3.37773
-0.189781
-13.3908
-0.96041
0.229782
7.43271
-27.5398
-2.54612
0.866063
0.44487
-1.98743
0.685527
0.4977
-0.302403
1.60072
0.754282
-2.39702
-3.41566
1.46921
1.50642
2.48327
-3.51446
3.64882
1.28709
0.464897
-1.61738
15.6503
0.230985
-1.18314
1.0915
-6.13817
-0.323672
-1.36465
-1.88535
0.269662
-0.0699284
0.142864
1.02801
0.0795719
-18.4584
-0.0948911
-0.63888
2.43294
9.92785
-2.82528
0.980355
-15.5385
-2.31292
-2.03279
0.367403
-0.217744
3.38055
0.520688
-2.28195
1.73041
1.18842
-4.93442
1.66415
-0.980042
0.0803511
0.692937
-1.1205
-1.30274
0.950043
-5.50849
-0.199895
0.208853
0.213442
1.9963
-1.25133
1.99093
0.897907
-6.6863
-2.24368
-3.42259
-0.307373
773.285
0.267945
0.370894
14.8117
23.315
-0.116167
0.425839
-0.871418
-0.419901
-10.7022
-1.81443
-0.935918
-0.324079
-0.87514
2.45497
1.37148
-2.07101
0.786152
-1.34335
-1.13027
-6.97198
-0.183999
1.40569
2.41187
-0.0563562
0.577922
-3.6643
-3.74186
-1.71054
1.37482
-0.00956595
1.45305
104.168
0.94169
-2148.85
0.698736
0.501851
4.5955
1.28199
0.820064
0.900486
-0.131965
-0.0461712
0.0337383
-1.12893
-26.6789
-2.59158
-1.47309
-4.86676
1.72601
0.577575
1.59246
-81.3147
-6.81931
-0.666317
8.19838
-0.0379296
1.24831
1.47047
1.53052
-79.2171
2.51238
25.9386
-0.937105
-0.0378286
-0.692505
1.02376
-0.488404
-2.28398
-1.63824
-4.23667
-13.4017
1.9436
0.581322
-0.0279414
-1.38199
-438.09
-3.13828
-0.751893
0.529946
2.80552
0.648337
-3.05893
1.62733
0.840824
2.79918
0.772134
-0.507313
1.58714
-0.844565
0.638802
-18.1836
-0.482471
-1.6951
0.981307
-0.0391492
-3.50831
0.818228
-0.691855
1.52611
2.78342
0.316744
-1.11885
0.887844
0.020249
0.445589
3.2505
0.452667
0.7152
1.39256
0.489365
-0.821639
-0.709412
7.22217
0.5931
-0.851755
-2.58571
0.123954
-0.621525
-0.254815
-1.09826
-0.735365
25.7091
-3.41567
-0.0279223
-1.11315
0.0915099
1.13009
1.41995
0.505938
0.176495
-0.692861
1.84837
1.00992
0.221103
-10.8026
-0.301357
0.731743
-2.94425
3.58109
-2.24156
0.103922
-17.8238
-0.570141
0.083557
-1.42928
-6.3804
-33.8753
3.17497
0.199141
0.147762
-1.52064
0.763365
0.0158989
-0.856078
-0.122689
2.82519
7.53473
3.84409
-1.7667
-0.365676
-0.38548
37.5046
-2.25903
0.343722
-0.0275907
-0.849511
-6.49683
0.492405
1.05939
0.115908
-0.207571
0.12628
0.373223
-0.199591
-3.62266
-0.559815
-0.624851
-1.42988
78.0793
1.01525
18.6053
4.75943
1.21508
-1.22051
0.294013
-1.38555
-9.2009
-0.42245
0.365044
-49.9441
-1.09909
-0.369666
-0.342071
1.42905
-0.447593
1.39754
-1.09082
0.733833
0.32644
-1.06709
2.0223
1.66329
1.29788
2.17728
2.01656
-0.280184
0.407845
86.4386
1.09812
4.87583
0.179503
1.83039
8.69531
-0.0817177
-2.78333
-1.52135
-1.6977
2.01696
0.535083
-2.6252
1.50927
3.58796
-0.62752
3.10687
0.580748
-0.31752
0.0825424
2.24904
-1.02328
1.92999
2.0353
-0.309269
0.427738
-0.225664
0.645657
2.75751
-0.0285607
-0.300098
2.95045
59.569
2.00458
1.53545
-3.62149
-51.5925
-0.937349
0.0346166
0.0922907
1.95759
-0.212713
-0.0535261
0.213886
-1.87284
0.217709
0.959125
2.70176
-0.193561
0.608474
1.29349
-2.51536
-0.0266354
-10.1572
-0.53694
-4.96921
0.999469
-0.318936
0.379218
3.34654
0.309508
-1.04696
0.675322
-0.841842
-30.9266
-1.9411
-1.1334
1.70129
1.02028
-0.764809
-1.34242
0.68974
-7.33905
-1.6207
2.83201
0.175455
1.5577
-0.625653
-0.0380897
42.3763
-0.26136
0.921378
-1.60409
-0.787087
-4.92897
0.671129
2.49969
0.0305645
-1.47034
0.730315
-0.514775
15.6535
0.0555399
-5.45152
-0.833616
2.41437
0.462201
7.17145
0.500705
-0.454603
0.421861
2.89934
0.914647
2.44775
0.438082
-5.69003
-1.58647
0.223264
-0.67787
-0.64559
-1.23986
0.300915
-0.702198
36.3687
-0.878904
-4.58265
-0.179409
1.27507
-0.578167
0.744049
-0.78767
1.56311
-0.369691
-3.91587
1.43348
1.63777
0.30781
-0.966908
6.45727
0.646194
3.75519
1.73046
-0.691434
0.271179
0.792734
-0.946817
-1.05968
5.36449
0.0521603
0.558163
6.04469
0.19917
1.19571
-2.0818
3.36872
1.07394
5.69286
0.329415
0.285317
-380.805
0.403025
2.97569
5.93624
2.10681
0.33256
5.5463
0.624631
1.05331
-0.347743
-7.37844
3.60455
0.958171
0.280069
0.429292
1.10289
0.136919
-0.65859
-25.6453
-0.722918
-1.16661
4.306
1.5842
-1.60865
-3.28403
1.88655
-1.51884
-1.84456
-1.26373
20.3107
3.16429
-1.56348
-1.06788
0.309164
-0.131928
2.66769
-1.79369
-2.5408
2.26206
-1.03341
0.461678
-5.86657
0.13163
1.17439
3.318
0.702175
0.733583
1.18929
-1.0556
5.42732
2.36109
0.988135
0.475165
2.9146
-4.69132
12.1125
-0.0425122
-9.18259
-1.6052
-1.87779
0.552763
-2.96112
1.17876
-1.28975
3.59508
0.409078
5.31648
-8.28711
-0.49006
-1.14017
0.880303
-0.0839681
-0.740967
1.26014
27.6457
0.396252
0.0908942
12.2852
0.233223
-0.989605
-0.152413
-0.228738
-0.711591
12.1025
-3.38907
-0.201982
0.403988
0.49638
-1.36372
2.93527
-8.16866
-0.228528
1.96269
-6.89178
-0.0389751
4.29979
-0.632431
-1.39652
13.2554
-0.650472
0.80633
7.08823
0.683919
-0.357659
-11.1465
0.454941
-21.765
8.55707
2.28028
-0.427076
0.569462
0.193705
1.37995
1.37082
4.41765
1.88224
-1.58748
-0.0889497
-1.36798
0.514391
-0.0472897
17.9879
1.85897
0.560497
-1.05274
0.319818
-0.483487
-5.99954
0.29422
-2.69839
-0.416075
-0.660793
-0.446619
3.1879
1.45636
0.468456
0.602576
0.878388
1.36704
17.1809
0.399166
0.704426
0.0479446
-3.50264
-0.379838
-0.0686725
-4.14458
-0.686441
-0.422727
0.196748
0.0377506
19.7908
-5.71575
-0.403301
-0.122348
0.781623
0.241969
-3.52274
-0.221869
-0.202101
0.841549
0.63005
-0.382325
0.185272
-1.20688
-0.255522
-9.20029
-0.857396
-9.94454
6.695
-1.1125
-0.315845
-0.765722
5.42411
-7.70567
-1.95998
-0.934253
-14.562
-0.286141
1.75339
5.07262
-0.537841
-0.238045
-0.141218
-1.37074
1.89086
-5.02705
1.91271
-0.705827
0.725904
-0.814654
-4.76389
-0.892135
-13.5752
0.753333
-1.27121
-4.49052
-2.66537
0.243437
1.29331
-0.472392
0.593179
3.0745
-0.896765
-0.637905
1.07518
0.614639
-0.890058
-0.708761
0.435506
0.540931
0.574667
0.339774
5.82437
2.05725
-1.54026
1.04301
-0.0783327
0.0433217
-0.0905612
12.7518
-3.55204
-7.959
0.562036
-0.952061
-7.82128
21.7008
2.26615
-0.538071
-0.0491876
6.34106
0.295417
0.428757
-1.00892
0.172467
0.197167
-0.503381
0.00322649
-0.626987
-0.942476
-0.490566
2.02632
-0.202211
0.364519
-2.02162
1.99349
-2.07766
7.97688
0.676457
-1.59116
0.978669
-9.11747
0.0661219
0.191025
3.37402
-0.809006
3.4149
-1.37345
1.19737
-0.216639
2.49766
5.6372
0.790615
0.986447
-1.97764
0.233742
0.688039
-0.900188
1.71125
-0.64329
0.381101
-0.745412
0.540015
0.747888
0.0560574
-0.0273633
-0.388
1.65746
3.81
-5.36683
-1.09778
-0.160783
-0.540905
-0.65125
-0.0809698
-0.130303
0.7494
-0.476761
-570.657
1.41045
-1.29088
-0.640786
2.37239
-0.0195966
0.224068
-0.937872
0.336337
1.75151
-1.02026
-1.53388
0.338139
-0.406069
-0.522277
-0.9284
7.41639
-0.354842
2.71134
-0.688084
-1.2063
-0.820414
0.538311
2.13793
-1.29647
-0.216011
0.602595
0.503356
5.53538
-3.32408
-0.903509
2.40555
0.0524456
0.196199
0.104651
0.462752
2.98342
1.28289
0.883911
0.758535
-1.78764
-1.54482
1.98455
-0.695156
-0.0157926
-3.64801
1.98964
-0.243362
0.472917
-1.77121
-8.70757
21.1566
0.254769
0.74934
-1.17881
0.327811
-0.0878432
-7.31801
-0.848415
-2.56654
1.71184
-0.333483
-4.07008
-3.602
-0.306798
0.164327
1.61257
-0.894085
-0.730844
-0.425623
0.727662
-0.583464
16.2161
0.591881
-0.56997
-1.52842
-1.74663
5.7061
-0.390887
-0.123687
0.227733
-0.851685
0.490693
0.602525
0.44288
0.0591889
5.60424
-50.7048
1.74512
-1.54284
-1.80978
1.68977
-85.6078
1.04352
0.413721
-5.25512
0.0385998
0.258448
-2.14113
-1.06026
2.25716
-1.95958
6.21089
-0.546883
0.244999
0.581083
7.76084
3.87809
5.43561
0.645239
-5.95002
0.86277
0.0331622
-0.180176
-1.13208
11.3203
0.0617282
32.1836
-0.777996
2.53138
1.05415
-0.712796
-0.474281
0.781579
-0.0247767
30.8476
-1.49105
0.714386
0.404162
-45.3311
-0.05621
-0.525678
0.240949
-1.41228
-9.62966
-0.410469
-0.700653
0.265977
28.4861
7.15997
-3.05538
-1.89337
-1.48359
1.45257
0.186698
-0.448373
1.80509
-0.797051
2.01137
0.410134
-1.22077
3.126
-1.56222
0.368342
1.5785
-0.258867
-0.329831
-7.82539
0.873448
0.267647
-0.463931
3.18201
1.71433
0.44695
1.12675
0.253053
-2.28605
-0.265864
-4.34455
100.889
-0.0497914
-0.332759
10.387
-1.13102
-1.70826
3.72263
-0.516003
0.409652
-49.2943
1.22748
-0.141286
1.08089
-1.19517
0.244137
0.370207
-0.273231
-1.17773
-5.34659
-1.83644
0.0495173
0.387735
0.844424
-0.178574
-0.951905
1.49717
0.369262
0.753944
-0.0621745
-1.63798
-1.66124
-0.513178
-0.370627
-6.99929
0.563672
0.0849447
3.25055
0.427868
-1.03244
1.30835
-0.598422
5.09484
1.79434
-0.129994
12.1176
4.77916
-1.39172
18.8958
-0.866463
-3.96036
-0.0322205
-6.45741
2.01652
-0.0432739
-0.473315
-0.134014
9.37221
-5497.1
2.65016
1.33749
-0.464714
-0.886924
-0.51443
0.567435
-0.0240979
-0.346593
0.188796
-0.104954
-2.7214
-0.206743
0.533271
-0.811888
-0.543047
1.57604
0.705878
2.25315
-0.293343
-0.952605
9.68406
-2.28815
-0.744541
1.51553
2.00185
0.715752
0.246256
-1.09392
2.87025
0.0976402
5.66303
1.90774
-0.444067
-0.548213
-0.163162
0.770218
-2.77497
-21.0001
-0.592214
-0.277851
107.294
-1.83989
-0.269542
-1.56802
-0.622672
-0.61311
-0.71479
1.09698
-0.424059
-2.03598
-0.748529
2.86751
-1.09596
1.18452
0.17874
-0.919774
-0.214146
-0.30731
3.01156
-0.435824
1.38674
0.880916
0.754386
-0.329643
1.66196
3.76961
-1.16061
0.929839
0.945115
-34.2222
1.59438
0.266547
4.27531
0.0259086
16.0165
78.6968
-0.15805
-0.61909
-0.583772
0.796895
0.0475317
-0.548083
36.1502
-1.28265
0.461551
0.724043
-0.475534
4.66147
-0.128058
1.46203
9.65791
0.925766
1.06314
-0.286411
0.281728
-0.375323
-0.604806
-2.1039
-0.771096
-0.986478
2.45348
0.0415698
0.998166
5.22659
-8.91692
0.77917
-2.01157
0.20224
12.6601
2.10929
0.142075
2.91405
0.78416
-0.576549
-3.94916
7.67034
-0.456487
8.92726
-1.88802
4.26006
1.71472
-0.57797
-0.445048
0.796156
-0.725021
-0.200502
0.338726
-10.0395
0.747077
-0.0359138
-5.87033
6.62912
-4.2814
-3.15408
-0.245871
5.05249
8.96542
0.649499
-18.0083
-2.61982
-1.28378
-13.6077
-2.68851
0.708264
-0.424971
-20.3686
-0.0974354
4.70611
-3.12752
4.34843
-0.484803
-1.01795
-0.955406
-0.280013
-4.36046
0.323588
1.9362
0.350351
0.550099
-0.359128
1.36316
-0.174952
-3.71189
2.90641
-1.66028
-1.90955
0.395686
0.22819
-3.98185
0.88497
2.02999
0.67585
1.49488
1.09111
-0.51258
1.07703
-0.201568
10.4761
6.23444
0.175082
0.700827
0.109534
-0.710022
-0.196927
7.21088
2.24612
0.150912
8.2729
-13.8343
0.118094
-0.174126
8.38995
-41.1912
-15.794
-0.270305
-2.18884
4.54263
0.604776
0.286711
-0.83784
0.481336
-3.62916
-2.3713
4.78595
-6.39975
1.50751
0.474689
-0.664748
0.790031
-5.09213
2.25485
0.549173
-0.684746
0.398885
1.30308
0.0227959
-79.5106
1.46492
3.62466
-3.50491
0.0183393
2.02044
-0.732848
-0.793494
-4.02855
1.70611
-0.108118
1.80767
0.997084
1.05231
-0.84484
0.298662
1.04186
0.0669287
-2.77249
-0.804679
1.89782
6.77113
-3.50254
1.53734
-1.95649
2.32768
1.06895
1.84298
-0.399357
-0.437531
-1.05436
-0.140244
-10.7705
5.97148
-0.476072
-1.61652
-0.150246
0.0768403
0.929237
-1.28912
-0.0540431
0.74146
1.98381
-0.063084
-4.39923
0.02307
0.8939
-0.746511
-12.2761
1.55579
-89.491
0.915884
0.402156
0.326363
0.148153
1.111
0.843996
1.77662
0.391763
-1.46145
1.49164
0.215486
-0.0927021
-0.91225
-0.094198
-0.495717
-1.64362
-3.42331
-0.34994
-0.606142
-1.6213
-0.319864
127.942
13.2199
-1.18294
-6.25513
-3.75483
0.368887
0.232979
0.0141924
0.506463
-0.0130824
0.344386
-0.689687
-5.33277
-0.958455
-9.68773
-0.511476
1.91564
-2.45475
2.27451
0.0962927
-1.24583
0.388409
0.250278
7.04529
0.579492
0.412797
0.464879
-0.128229
-1.19879
3.15664
0.966496
-0.249881
-0.232066
-1.63039
0.00856193
0.831635
8.12681
-0.394611
-0.346542
1.19393
3.12947
0.885078
-0.548028
-1.07628
0.273497
-0.090435
4.42847
1.46677
11.0936
0.256045
1.48905
-0.0629879
0.956027
-1.90844
-1.69556
-4.6021
23.226
-0.655295
-1.44441
1.64719
0.484806
0.990322
0.147568
0.790289
-0.339733
3.11598
2.17468
0.668072
-1.31167
-2.06401
13.141
7.11599
1.50285
-0.0858138
0.412842
-0.467228
0.532343
-10.6844
2.35627
-0.0542442
4.25821
0.632058
-4.21971
11.48
-0.166104
0.709831
-0.107897
-179.823
4.5943
-30.518
0.337285
-1.61222
1.00405
0.488045
0.559787
-0.61118
0.047808
-3.04309
0.903101
-3.86126
-148.059
0.442477
-0.363179
0.55686
-1.05259
-0.93964
0.0425154
-0.0778193
-0.596337
1.78637
-0.690089
-4.58845
-8.10747
-1.31234
-1.0745
-0.166552
-0.597342
-1.20581
-0.39583
-0.00327455
5.82491
-0.696004
0.989637
0.149307
-0.188579
0.216039
0.24893
-1.60517
-0.841171
-4.42859
-0.429555
-0.157995
-0.0903022
0.332727
-0.948766
0.427777
-0.0892235
0.839809
-0.936494
-1.29783
-0.921058
-1.11115
-10.5207
4.34293
-5.04066
-2.1735
0.0556619
-10.698
1.59299
1.19139
-8.89236
-1.75143
0.0803874
-14.3021
0.181937
0.203422
-0.323037
-0.954002
-0.110786
0.586108
-0.252136
-2.31306
-0.513
-4.99068
-0.244332
-0.0701021
0.670519
0.143799
29.3048
-3.60162
-4.14772
1.17624
-2.31799
6.05666
-0.741368
1.42443
7.51798
-0.51657
23.1245
-1.39776
2.98094
0.719504
-3.1513
-0.0662691
-0.452115
-2.0977
-4.71308
-12.9695
1.61522
-0.112308
-0.103638
-2.6664
-1.53941
-0.709861
-0.290812
-0.517041
-86.98
-1.25828
0.493224
-0.751219
-3.84868
-0.165704
-0.0499345
67.3206
-2.34985
0.0796565
1.1965
-0.59701
4.89474
-0.443582
-0.543298
-0.0990411
-0.1184
0.282801
-0.481921
-0.281771
0.214167
1.32657
-4.4276
-3.64459
-0.203447
-1.25748
0.519787
4.13594
-92.3243
-1.12532
0.88661
0.502803
-1.00416
1.29303
-0.18243
-1.31073
4.42013
-0.804618
-0.0650769
-12.9864
0.924137
-10.1964
0.341135
0.515174
0.73045
2.12272
1.01457
2.47436
0.5979
1.65378
-4.36353
-0.029822
1.09201
-2.10296
-1.55115
0.863001
0.273366
-2.58414
-3.0012
-1.90135
-0.0779943
0.242483
0.783849
-2.4666
-0.117922
-4.43255
-4.47157
-0.853018
-0.406445
-0.979194
-0.14697
-4.94117
0.643341
0.664867
0.195996
-9.2062
2.91943
4.65556
0.589243
7.64153
1.81291
1.08442
-1.08615
0.00898869
1.10583
2.97582
-0.341896
-0.633719
0.83003
2.53638
-1.25125
-0.248283
0.0917576
3.81536
6.60352
0.565131
0.551581
-0.533741
-1.27008
0.786686
1.95093
1.62866
-7.59808
-3.83118
0.204232
0.568327
0.639114
-1.42067
-0.551777
0.645711
0.70688
3.34483
1.85417
-0.070729
-39.382
-0.78481
2.73888
-6.28379
-0.898165
181.328
-1.20386
6.20301
0.74958
8.2277
12.5336
29.4305
2.73602
7.82461
1.48468
-0.878954
0.437968
5.49017
-3.12532
1.15109
3.06455
0.152511
-0.558352
-1.55325
-0.528213
-0.0543694
1.04165
0.820493
0.517386
0.308754
-1.18686
1.6552
-0.703475
0.190511
-6.22696
2.83405
0.911242
-0.212118
-2.78075
0.641626
1.61615
0.962934
-0.677305
0.669036
-0.967777
-45.8972
4.5771
-2.69535
-1.51626
-0.808361
-2.29046
-0.651324
0.413244
-1.26583
-1.49198
0.962865
3.89263
-1.90582
0.0343207
-0.488167
17.5375
0.0463963
2.01264
1.21089
-1.08557
-0.108078
-1.26256
0.286195
-3.95045
-0.0864602
-2.58258
-0.291712
1.25464
-0.164585
-0.929098
-0.58342
1.30837
-0.627522
0.658809
-6.81709
-0.414228
-0.271822
-3.91472
-2.03192
0.433494
-0.879861
-0.616417
-0.0522492
16.0221
-2.67405
0.842414
1.2138
-0.533399
0.23354
-1.80294
6.54037
-5.28071
-0.792969
-1.38476
8.0428
5.03232
2.48327
0.327198
-0.324088
2.30149
6.51448
-0.713562
-89.8429
-2.7677
-0.00772
-2.65325
-2.67427
1.1453
-0.606769
0.031548
-0.0596669
-3.18121
-23.1015
-0.0452986
10.2476
-0.709636
2.05105
15.5056
0.756451
-1.34811
-4.38314
0.38734
-0.61791
0.204184
-0.337303
0.594491
0.183964
1.77933
2.68401
-1.24695
0.115224
1.39979
1.25743
-78.4202
2.32225
0.225352
2.12114
-0.0847742
0.219057
0.200952
-0.722843
0.411299
-1.60878
-6.2591
-0.144904
-0.0384051
-0.197742
2.99852
2.25458
-0.827588
-0.116617
1.15565
0.0271512
-0.905256
-1.02303
-0.313347
-6.69328
1.64946
-1.46604
-0.220858
-0.261128
-2.86686
0.0450976
0.280329
0.232461
-0.201806
0.663055
-0.0439993
-1.36596
-0.944751
0.89254
63.0304
0.503311
0.591757
-1.38547
3.10717
-0.424944
4.52109
-0.0245418
0.753705
8.76239
-18.8624
2.79116
-2.18134
-1.02812
0.48515
0.382597
2.00992
-3.46644
-0.0172869
1.36613
-1.49937
1.52905
0.212286
8.26436
1.76873
0.350707
0.517335
-2.29149
-0.0525354
0.43164
0.214276
-3.31302
0.751267
0.521625
-0.0860999
0.428513
5.2889
-0.234763
0.458185
-0.580893
0.616395
0.0402274
0.568753
1.15859
-2.4091
-8.09729
-4.20409
-1.3667
0.262245
-5.44311
0.240372
-0.545172
-2.27374
34.3033
0.0175831
-0.994224
-0.72671
0.561794
-0.344986
-0.343609
3.85432
2.45968
-0.13437
1.21718
-0.840824
-0.52398
1.46318
-0.111506
-0.378289
-0.531002
-6.69399
-0.263586
-10.4386
1.42753
-2.47198
0.0549754
-2.53309
2.21665
2.68993
1.68285
17.0127
0.0667427
-0.54965
-1.36908
0.19237
-0.827912
-0.0670007
1.75502
-1.44431
0.303292
0.0768555
-0.0728111
0.284243
-4.3175
-1.74916
6.89659
-1.33987
-1.03147
-3.95141
0.106647
-3.19306
-9.99497
0.00313977
-1.88547
4.3643
-0.155935
-0.0148853
-0.571593
1.10958
2.76198
3.388
-2.51916
2.36078
-83.7319
-13.2737
0.251207
-0.182207
-6.18064
-0.688487
-0.112016
-5.10455
0.761918
20.2061
-0.0861093
-0.336841
25.4693
-0.540858
0.916992
-0.202796
-2.73509
0.709532
-0.474269
0.0217446
8.7936
-0.0766661
-5.70511
0.0575348
0.0157721
1.76618
-2.06931
-0.353024
-0.38128
0.595368
0.0897812
1.25323
-1.42878
0.558711
-1.75578
0.745815
0.932534
-8.78085
0.625374
-18.0332
-0.347204
1.31416
0.800292
-0.828208
1.56887
2.10975
-2.74717
0.945793
-3.09128
4.66184
0.567028
-0.956565
-1.21858
0.794817
1.76227
-1.17061
6.72302
9.59381
-0.532263
0.0738281
-0.818908
-3.30702
-2.22167
0.58354
0.470788
1.15626
1031.69
-0.269446
-2.89029
61.1501
1.86232
1.01249
8.66445
-1.04875
-4.75889
-4.37127
1.43686
0.597394
0.228255
0.469629
15.4211
0.526812
3.5457
-0.781031
0.629618
0.202981
-0.0300003
-25.7295
-2.9009
0.194495
10.4707
1.83176
0.215095
0.841716
-4.17577
-0.155401
-0.398986
0.876237
1.08806
0.741745
0.584684
1.24494
5.82351
-1.21879
1.74649
-3.50624
3.5736
2.05342
-0.643082
0.73668
-0.144191
3.36681
-8.40589
-4.98619
3.85875
3.57169
-4.2442
-6.49538
4.86832
-3.07311
0.577578
0.52492
0.956569
-0.401573
0.25511
-0.415958
-1.47298
-0.912425
31.9902
1.11142
-1.19515
13.458
-0.357469
-43.3969
0.50776
-1.53384
2.32674
9.18377
-0.517283
1.01622
-0.286811
-1.14522
-3.1877
-0.163482
-80.2012
-2.60508
10.3159
0.0745685
0.80795
-1.34754
-0.0746425
-1.08905
-13.5654
-1.13472
1.22989
-0.771971
-1.53885
-0.699515
-3.23487
0.0472894
0.169019
0.0708936
1.57836
-6.17433
0.11513
2.84979
0.16635
-1.13121
-1.40388
0.0548375
0.206088
1.11013
0.323009
0.260538
-1.50914
0.333953
-1.57016
-0.51692
1.58793
-3.45511
-0.395403
-12.6285
-0.206348
-0.941689
0.13336
-1.43396
-1.20848
-1.18146
5.97222
-1.89002
-0.0482228
-1.94204
-0.542383
0.332651
2.36679
3.89425
-0.477851
-1.08243
-0.698566
1.86394
-0.42176
0.112099
-0.673449
-0.0258292
-1.13199
-2.02843
0.125249
0.437073
3.05832
1.18388
2.25401
-0.324413
1.60703
0.208865
0.0769438
1.01297
-0.44335
0.772892
1.13755
-0.44295
1.95842
0.0100057
-2.49704
82.2966
-0.757957
-2.37435
-0.424389
-2.91456
-5.33216
-0.621505
-1.35102
1.06531
0.729702
0.464671
1.19254
0.159537
1.63412
-0.15421
0.213584
0.0365766
-0.451293
0.690424
-1.81099
-0.803518
-19.0291
-0.0556798
0.712732
20.8556
31.7975
-0.697512
2.44448
-0.596691
-1.40436
4.01822
-0.506242
-0.298061
-0.851928
2.38498
0.610883
1.94399
-1.21654
0.403329
27.8824
-0.0712406
-2.38892
3.07471
1.79617
-1.58281
0.489967
0.236775
0.853646
-1.29269
-0.200915
-0.135159
2.16225
0.842964
-6.25905
9.32331
-1.12812
0.51577
-0.699296
2.10155
-0.561299
-0.180114
-0.717926
0.434991
0.548373
27.8989
0.646995
-3.85579
-4.70926
20.5637
0.586427
-0.205998
0.390105
-1.5086
-0.716775
9.69433
1.72267
-2.71826
0.565687
-0.68474
-1.78591
-0.36081
-7.46753
0.836546
-0.197816
0.365197
3.05713
-0.62674
-2.77416
0.98526
1.36134
-0.339312
-0.203732
-0.106243
0.930077
-2.84236
-0.71933
1.28742
-3.48469
-0.0449795
-2.32689
2.6456
-2.81903
-0.87632
-1.84397
0.0723474
0.350064
-15.1243
-0.203625
0.638893
-0.108864
-0.0100353
0.510717
-0.0405506
-1.66836
0.178049
-1.21709
8.61439
-31.6031
-0.300998
-1.05338
2.96274
0.450294
0.238131
-0.0989864
0.0788383
1.15812
0.896045
-0.349865
1.04725
6.92618
0.383863
-1.26587
-7.30571
0.710235
0.00307843
-0.513231
0.0836519
0.014763
0.376544
12.2722
-1.79297
1.11882
-0.633058
-0.774235
3.51181
0.0538244
-0.661383
-0.547953
0.0450239
-2.29932
-0.223446
40.0972
0.721328
-3.90117
-0.603713
-18.5299
-0.840688
-1.72045
-0.242654
0.956616
-1.36522
1.31198
-0.170604
0.227847
-0.378764
-0.361747
0.169465
2.6037
-7.07311
-0.407116
-0.327242
-0.215064
0.52615
3.77858
-6.4479
-0.940464
-1.44326
36.6145
-1.02694
1.61226
0.895826
0.181178
-6.97323
0.933194
-4.25185
-0.753276
-0.681688
117.767
12.6727
-1.3418
0.488229
-0.177261
2.28863
7.40541
-0.283846
0.0572475
-2.14264
0.693248
0.230397
-0.347766
3.07175
-0.710498
0.139463
-0.827591
5.74919
-2.55953
7.70506
0.511922
-2.74274
-2.84654
-0.70569
-0.397429
0.530477
-1.48403
-0.431389
0.535601
-5.38384
0.778689
-0.13611
-0.17274
1.64243
11.253
-0.0800575
-1.4538
4.49217
-0.829375
0.454249
-0.295559
1.46226
-0.24136
0.57001
1.32296
0.230649
0.0657691
1.00605
-3.76617
-1.12177
-2.07861
0.148681
-1.98465
-0.474177
1.78904
-0.737563
0.995858
0.254271
0.792968
-0.228542
-1.89888
-0.940958
0.439809
0.615176
-0.0315118
-2.30202
0.386403
2.06524
3.89425
-0.768743
1.20515
-0.605104
0.539007
-1.80516
-7.90756
3.14719
1.12669
3.86456
0.585409
-18.3515
9.5342
-0.624139
4.48435
-0.669652
-0.171336
-1.78307
-0.90917
-4.01729
0.648525
0.974859
-0.296713
1.0942
3.25999
-4.09006
-0.326374
1.86564
-0.128653
0.260217
-0.454719
0.0529167
-0.820932
-0.0729359
-0.509782
0.60432
-0.281611
0.543214
0.268221
-27.0938
-2.01346
1.30688
-1.83599
-15.1285
1.92895
0.165003
2.18736
-3.40041
-1.97972
-4.21865
0.254143
0.306159
-0.165808
-1.2283
1.53021
-3.81461
0.218901
-1.69991
1.93019
99.6275
1.46465
-2.01758
-10.28
0.439791
0.474795
1.24245
-10.6651
1.30191
1.75622
0.640813
3.15024
-0.39636
-0.405199
34.2639
4.53504
-1.67643
-1.36887
-2.3826
-4.12477
-0.855162
-3.2827
37.0803
-4.0718
-2.57339
0.240169
-1.27499
-0.507035
0.502135
-8.9346
-3.47901
-2.26145
-1.72838
0.224361
0.531946
-0.540527
-2.09443
-0.758201
0.820193
-1.8836
-3.7971
-0.932327
-0.799596
0.792721
-0.196068
-2.55695
6.12031
-0.911045
1.19527
-0.48661
-2.62079
0.764068
3.9986
7.16279
7.79272
0.506158
-0.65395
-6.51581
-1.56413
-0.00877712
2.15005
1.01702
-53.5802
0.610736
0.830007
-1.40507
-7.21063
-0.277569
0.544168
-2.46163
0.299325
1.2957
-1.69478
-0.675443
5.04707
6.77297
0.0774475
8.49453
-60.9186
-1.80203
2.54994
-4.44408
0.857536
-0.175059
2.61651
-2.74547
-0.428477
-2.57306
2.92954
17.9134
1.49947
-0.255157
-1.51788
4.1645
1.52727
-1.01111
0.925793
1.41576
-0.260715
1.44535
-24.7603
1.37665
0.358878
-1.103
0.76521
-16.6933
-4.12167
3.47791
-2.45374
-0.00195265
-0.18281
-0.461714
-0.12712
0.976706
1.49827
-1.69239
-2.46725
-6.31323
-0.216252
6.54604
-0.250864
0.0271779
-0.895055
-2.44946
-1.51087
-0.118042
0.41413
-2.74569
1.80362
0.276876
-0.0958148
0.782972
0.335967
-11.6726
-5.10781
-1.01578
-1.2662
0.380861
-0.690101
1.35887
-0.416378
-2.22427
0.40813
-0.976341
-2.39859
-0.607657
0.28669
-12.6329
3.15027
10.2532
0.716381
1.963
0.431579
0.441488
0.728269
1.24183
0.597255
1.927
2.38467
0.469178
0.636854
1.16523
1.08731
0.762384
0.729903
-9.25916
-0.330886
-1.9051
-0.942407
-0.763975
0.763015
2.36431
1.66929
-1.07833
0.855319
-0.085008
1.44268
1.9104
-9.96248
-15.8191
-1.15593
-0.464078
-3.5471
-0.262706
0.44047
-0.08022
13.8841
0.355218
0.63733
0.0666411
0.0850794
-0.2886
-0.681437
0.507473
0.000121682
14.9649
1.42768
-0.191591
0.807949
2.04503
-0.621946
0.315067
1.17971
0.145263
-0.846549
-0.934374
0.395945
1.52246
-0.553255
-0.204085
0.831152
-5.66509
-0.0855114
2.57447
6.36321
0.117266
0.69857
-0.203528
0.872867
-0.315249
4.18871
0.183622
-3.1319
-3.64785
-17.5056
2.34708
-5.43721
0.346329
-0.367497
0.078498
-9.10773
0.839598
-1.5656
-0.72051
-0.200168
-0.482703
-0.100253
0.171552
0.219351
-0.18919
-0.61498
-0.0791173
0.164136
0.03892
-0.221809
-0.836886
-2.13221
1.94359
-0.0426788
-0.348912
2.52406
-1.05447
-0.481953
1.13001
-1.13724
0.316389
0.308173
-0.198894
0.0724145
1.28302
-6.12047
-0.22861
0.269261
0.274849
-0.240561
-0.308047
-2.15616
5.96362
-11.1145
0.12326
-0.928606
2.50957
0.559886
-0.312507
-1.24702
-3.81239
0.757581
0.751805
-8.17074
0.428338
5.27656
-1.21633
-0.151803
1.94359
0.137513
-0.383147
0.381761
0.33999
-0.941451
-0.375144
0.220872
-0.196346
-8.39598
0.30948
5.75384
-1.24398
-1.34709
-0.967961
-0.175588
0.238844
0.571627
0.66783
3.51758
-0.635013
1.55055
-2.00006
0.451211
3.06019
-0.228647
0.0755744
-0.312752
0.111871
14.1328
-0.846049
0.909641
2.16609
2.29694
0.991291
0.484934
-1.02027
-1.28477
0.172484
1.53354
-0.0222806
-0.248228
-2.06292
-1.78503
-0.441885
-0.0293083
0.658997
1.51999
-0.22018
17.969
-1.98139
0.923322
0.522411
-1.59248
0.0936962
1.27656
5.0516
-0.801597
-3.27065
-0.43265
-3.50859
4.8697
-1.32842
-0.975642
0.344173
-758.169
-1.30534
-1.27341
-0.208437
-2.59383
0.34271
-0.60752
0.699422
0.131466
-1.00369
1.61666
0.960843
-0.0346045
117.149
23.6908
-1.36003
-3.45087
-1.88415
-0.539756
-0.52908
1.74113
3.15573
1.36303
-0.451581
-0.547044
0.823197
-1.77734
-0.306083
0.889182
-0.00665149
-1.11701
-0.296204
-0.0799095
-0.510819
114.1
-2.74206
0.202725
-1.30506
0.251035
-0.63252
0.809027
1.11059
-1.56964
-1.14723
0.474213
1.247
-2.5038
28.6986
0.180066
0.0753721
-0.240843
-2.43487
-2.59532
1.51682
-0.408105
-4.65543
-0.0408613
1.21097
2.33931
2.00739
0.803047
-0.106431
-20.3329
18.2972
-1.26002
1.10564
-1.54672
9.61203
-0.030473
-3.52047
9.07532
-1.73885
-1.65516
6.60263
-105.292
0.945551
-0.555385
0.936085
0.753589
1.519
1.30632
3.11608
-2.02619
0.100158
0.342642
1.91546
-2.38756
0.926084
36.1514
0.745205
-1.66451
-8.18897
0.462071
0.012545
0.447046
0.451056
-3.49458
2.5845
-2.33865
-2.01805
-1.27027
0.346095
4.82332
0.451736
0.909048
1.19314
1.53044
0.625422
-0.106986
-1.17095
0.837751
2.22053
0.111631
0.777194
-4.8604
0.0397364
-6.29476
0.449129
-0.0655951
-0.00152638
9.28495
-0.521133
-0.503114
1.95049
0.994122
-3.22747
-0.459705
-0.00118129
-0.0132253
2.74948
-1.20407
-2.39629
0.403418
0.421814
0.319482
6.33246
-0.709148
-0.497511
0.281498
-0.144226
1.23118
-0.792909
-2.93884
0.12372
-0.0369372
-0.0712378
-2.39808
-0.156438
1.45635
-39.9622
1.92367
-0.523569
0.125801
-5.23931
1.52888
-2.52569
-0.652858
0.170766
-0.86813
0.933975
0.898458
-1.55752
-0.683501
4.61103
-0.217418
1.71182
1.29305
0.509517
-0.524351
-0.578748
0.629919
1.73277
0.466223
-0.650148
2.04174
0.205308
1.52615
1.11999
-0.388334
-2.82634
3.14651
-1.01511
-6.98648
-4.70962
-1.75554
2.19243
-2.30672
65.108
0.515422
-0.953838
149.049
175.238
-1.10718
1.34596
-3.5841
1.13451
0.991625
0.283493
0.29599
-0.0635309
0.60678
-0.148662
0.546774
0.144924
0.926328
1.48713
-0.493983
1.05279
-0.641904
0.859628
2.6089
0.784625
-2.5407
-1.25387
3.64312
13.8137
-0.0845713
2.07263
-0.309583
0.717431
-1.50634
-4.76774
-1.32396
0.0710972
-0.424869
-0.727104
0.318084
0.723843
-0.760776
1.48799
-0.168476
-0.187273
0.352613
1.20919
-3.21069
-1.57581
6.10287
-0.369855
0.451625
-0.849922
-0.497712
0.143315
0.327239
0.417176
-0.860183
3.2526
-0.0709219
0.23654
-0.149738
-0.437256
3.95066
0.805799
-4.00248
-1.83198
-0.750169
-0.401765
-15.5528
0.0483859
4.46951
1.56268
-0.927975
1.04388
5.09745
-2.29791
1.55652
0.932422
0.114783
-0.229383
-0.788785
0.0176819
0.401837
-1.775
0.281051
-0.0165267
0.208889
-7.05475
-0.0211106
-3.78646
-0.515797
1.50606
0.553473
-0.597956
-0.977218
-0.282252
5.29282
-4.07246
-2.08941
-1.10876
-1.59739
2.72805
-18.2043
0.0740787
-0.114936
0.945149
-0.991596
-1.62929
2.25842
1.84725
-7.69503
14.0433
-1.06107
-1.5796
3.95365
5.87135
0.00350239
0.989132
-1.95042
-0.266485
0.383874
21.4981
-0.228301
-0.680412
-0.919593
0.0219355
0.510422
0.176415
2.06796
-1.27049
-10.5314
0.684748
3.24732
1.10221
-0.274701
-0.739335
-0.0780764
-0.646108
0.975194
1.37062
1.67199
-0.169055
2.49558
4.36139
3.2293
-3.07093
-1.53016
0.282591
-6.90047
-0.209222
-2.09908
1.6423
-0.65564
1.83909
-0.245637
-0.927508
1.35494
-0.466396
0.26957
-3.94772
0.77221
2.53608
0.637259
0.442701
0.263011
0.14005
0.259829
-0.788563
0.662277
1.58527
0.106648
0.909173
0.0156456
-0.618568
-1.51709
1.04267
-0.00308168
4.73278
0.730089
-0.613516
1.12193
0.527703
0.0318106
-0.827003
-0.430661
2.16008
0.708906
14.3769
0.248763
0.753432
-1.49931
0.035976
-0.674291
-1.48953
1.06685
0.0491174
0.693381
1.27321
0.108671
-4.47106
-12.7203
1.07256
-1.07078
8.8912
-0.853108
-0.242846
0.870483
0.432114
0.872915
-0.0926303
0.413286
0.0955097
1.61252
0.038116
-4.53212
-0.0381165
-4.79466
-0.295993
-0.539719
1.85488
4.92057
-0.546672
-0.350565
1.02287
0.997081
0.0712829
1.19926
0.713854
0.372439
-19.1096
7.03345
4.13478
0.689913
1.47772
-0.614272
0.604766
1.99062
-0.355203
-1.613
0.190953
0.522169
1.35732
0.534066
-550.874
0.445688
0.871576
-2.63972
-4.83217
0.705953
3.63821
1.58448
-3.57016
38.4434
-0.0154768
-2.78734
11.1836
-7.03355
-0.333669
1.14624
1.15002
-0.670906
-0.4222
4.07217
-0.442491
-0.0955171
-1.1711
1.55718
-0.307305
-0.609954
-1.36726
-0.307073
0.707436
-3.43456
0.0177719
-2.0085
1.16123
-0.0657008
-0.485247
-17.0161
7.51264
-52.5619
-0.153057
-0.976842
0.810281
-0.84634
-1.24228
0.0837219
3.12836
-4.99484
-0.745264
-2.15338
-1.53118
1.50828
-0.561005
-1.05216
0.785992
0.351983
-46.7278
-0.538148
0.750146
-6.21825
-0.0634381
10.7784
-3.13782
0.93061
-0.151319
0.952214
8.21659
-1.28221
0.0239662
123.731
-5.48742
-4.12976
-2.02647
1.041
-1.63397
-1.28178
-0.357202
-2.48601
0.0423021
0.142616
-4.95709
2.67829
0.564105
3.42149
0.339979
-0.241565
-0.420543
0.0566601
0.374611
1.66038
0.876573
0.856497
1.36935
-0.66212
-8.72356
0.327951
0.759674
-1.6018
3.44089
-0.360985
0.796115
-0.145103
1.01669
-0.173942
0.437408
0.235802
-1.93319
0.727646
-0.451072
0.862582
0.825577
-0.582594
0.0710528
-0.604002
0.504672
-0.341162
-5.23942
-0.263746
1.66515
-6.70114
-0.53682
-1.06687
-2.32462
0.326555
-4.66709
0.054686
26.9596
-1.70144
17.1884
0.695473
-0.0194537
13.1514
3.91829
0.175067
1.42428
1.53157
0.366047
-0.177809
-1.43494
-0.869482
0.52364
-2.06043
2.16709
-1.14585
0.482647
1.83904
7.47267
0.13005
-0.494277
0.179501
1.97889
2.25687
2.33801
1.31329
-1.4514
-1.90091
0.362608
-16.5752
0.395571
-2.5466
2.51569
-2.96653
7.95471
3.46652
-3.42607
0.288021
-1.79779
-0.468406
-0.272385
1.67429
0.491002
1.30933
-0.909615
-204.388
0.474501
0.0685438
2.63317
-3.135
0.326385
27.1788
0.292106
0.14184
-0.0861433
0.299565
0.17567
0.772185
-35.8941
1.69695
0.59875
-1.94491
0.181605
0.236698
0.291337
28.6538
0.634605
-4.40909
-0.0243305
0.281844
-0.901889
-0.555051
-0.834458
-9.54325
4.97299
-0.216755
-1.68199
0.224241
0.249551
1.91677
-2.22619
-2.98143
1.25147
1.71483
1.42214
-0.748443
-5.13395
0.174016
49.9618
808.831
0.13604
0.322507
-3.93689
-0.688409
0.0267609
1.21778
-1.94943
-0.201255
-1.87637
-0.762766
1.21958
-0.186918
4.62315
0.555714
-2.21056
0.068057
-2.76356
11.94
-2.10997
15.0918
-1.07448
0.0187806
-0.383451
-1.17145
-0.0403632
-1.71217
1.58836
-4.72562
-2.34948
-0.298482
-1.22751
-0.0643535
0.0995304
-0.980771
-0.59813
-0.314398
-0.117478
0.646852
-5.16269
-0.115737
-0.998537
2.21179
0.163476
-1.54161
5.13381
1.77061
-0.317008
94.4064
2.9953
0.329517
0.229154
0.587649
0.572598
-1.73869
2.39583
-1.07723
3.24589
-1.07613
0.0675504
0.0176669
-0.267493
1.56295
-2.8369
-0.232235
-0.0327051
-0.909821
0.21954
-10.4649
-5.21963
-4.15787
1.16483
0.755738
0.543986
0.997611
0.665962
-0.867636
0.298162
17.8884
-2.03961
-0.156285
0.982699
3.66458
-2.4815
0.430671
-0.391588
-8.91433
23.624
-0.302343
-1.94436
-1.14892
2.15167
1.21932
-0.45663
-0.0395638
0.27201
0.437442
-0.131392
0.403268
-1.24865
-1.83751
0.210067
0.568641
0.757741
-0.456421
-3.22133
1.04012
-0.404927
19.5625
2.26423
0.93346
0.0454837
0.137694
-0.807026
0.228206
1.06445
-1.15288
0.646377
-3.91118
0.0307326
1.53968
-0.193818
0.545334
-0.458603
-4.17488
2.32989
-5.22835
-0.544414
0.969183
-0.468371
-0.233389
458.631
-3.99005
-13.5778
0.00357837
0.178581
-0.936613
-2.82146
-0.884079
0.283097
-7.3933
-1.98442
3.50754
-1.20733
-0.00584436
1.15714
-3.20841
-1.48557
-2.32823
1.618
0.365909
4.58799
-1.45384
3.50808
0.327916
-0.806472
7.25929
-0.345796
-4.17216
2.17991
0.576952
-0.306054
-1.79842
-1.5271
-10.2849
1.11723
0.874964
0.0570302
0.419835
0.796746
-2.3875
5.46668
-1.3853
-91.6348
0.909348
1.05042
-0.354023
-0.402546
0.036871
-2.46949
-1.29315
-21.0798
2.67751
-1.62518
-0.823559
1.14382
1.37241
1.60087
-0.337232
-7.20605
-0.118583
1.309
0.644624
-1.63834
-0.000228742
-0.534021
1.74605
0.201828
0.4579
0.160997
1.95679
0.538254
27.8013
-11.5495
19.7188
-0.818144
-1.35085
-13.9284
-1.63646
0.763186
-0.703678
7.09442
0.417276
-1.17143
1.56307
-0.144501
-0.906121
-0.758401
-1.46773
0.336275
4.20777
1.18967
0.505355
0.565043
-0.214546
0.317373
-8.30224
0.174285
0.0354046
-1.4339
-0.0245401
2.02507
-0.240363
-0.612577
0.25503
0.129254
-2.39275
0.835094
-12.5495
-2.69308
-0.0663793
-0.63142
-3.49852
0.0953139
0.370192
-0.549251
19.9492
-27.3015
-0.147236
-0.835232
0.731722
-1.93671
-0.906365
0.332551
0.22438
-0.0231122
-62.174
-0.528311
-1.98567
-0.186179
13.3115
2.33942
2.83903
1.90902
0.494613
1.35838
-0.362854
0.0361244
-0.415715
-0.663522
2.45308
-0.476679
0.966742
-0.175482
0.695508
2.25283
-0.9813
-3.12727
-1.85986
-0.190665
-0.328874
-6.47724
0.560353
1.07218
0.734715
-8.4742
-0.516839
1.34314
-0.406383
0.536941
-2.93665
0.120744
-0.482904
2.18981
-4.19929
0.299573
-3.07938
0.429394
9.03615
-0.808412
7.89755
0.815826
1.40678
2.49834
1.86946
-0.562222
-1.12768
0.531673
1.0195
-0.17102
0.552347
-7.97217
2.60976
0.477501
-0.446611
-0.353927
1.05017
-0.693719
0.493779
-3.27755
-0.427854
0.781813
-2.10972
-0.0138832
-0.374156
-0.335223
1.08252
-0.447517
1.55966
-0.782753
-0.0449186
-0.628839
3.77875
-0.403888
2.0087
2.13014
-1.73802
4.06612
-0.292812
0.615339
1.45271
-0.386601
2.55354
0.814324
1.05559
0.539328
0.491639
1.22104
-0.0424728
0.445757
-3.23385
-0.234228
-1.14198
1.60251
-0.476486
0.516727
-0.0797535
1.85788
-6.64206
0.00758919
0.698309
0.0854217
-193.709
-1.27975
-0.0162905
1.12744
-1.02907
10.1881
0.785622
0.512869
2.35682
4.29709
0.0649919
-1.2911
-2.60543
3.49572
-2.02539
0.0918472
-0.0109826
-0.408747
-0.445052
-1.19446
-10.7892
0.106382
0.434859
-1.87374
0.0491865
5.9699
1.24136
0.227677
-0.00374544
-1.88414
6.51491
6.43037
-13.4308
0.825806
3.91384
-0.184265
0.172451
-0.963981
-2.29903
-0.134331
-0.686186
2.53555
4.4994
0.458865
-3.20399
-0.0244151
-1.67029
-1.5847
0.418179
0.0286095
0.554287
-1.07824
0.335405
1.2186
-0.42907
-1.17806
-0.320562
-1.93987
-1.38297
0.35533
-0.33668
0.372019
-2.79894
-1.3617
1.54165
7.14131
-6.82552
5.36625
0.151007
-0.896436
-5.60321
1.93102
-0.582636
0.345336
8.23138
0.0861273
-0.9828
0.141488
0.704811
-0.816096
-0.0263182
3.53921
-0.856071
1.42807
-0.662572
0.153847
0.805336
1.30867
3.89057
-1.39172
2.44565
-1.70698
-0.384646
-0.709988
3.49112
-0.243596
-0.0231552
0.507822
-2.21637
-5.15543
-2.33416
0.111894
-0.477078
-1.5036
7.68986
1.0107
-0.102863
0.501723
0.595328
1.85815
-2.45794
3.09447
7.17653
-1.50773
3.32374
0.78575
-2.07054
1.88791
7.60782
-0.187027
0.833875
-0.00874167
0.435599
-4.5997
-4.12832
-0.18658
-5.77316
-0.655238
0.971821
0.760345
-1.06167
-0.0810095
6.66714
0.362908
0.121948
-0.595675
-0.600518
0.234865
0.352631
-0.95351
-0.506508
0.0430832
-0.693449
225.66
-0.698502
0.455449
-2.22157
-2.76381
0.218116
-0.100623
2.25141
-0.831392
0.314333
0.461767
0.764501
-0.316753
-1.66735
0.445908
0.869447
-0.156421
-2.23325
-2.42262
0.74042
0.433527
0.0670588
0.191715
-0.06215
-0.05121
-0.925691
0.921075
0.632574
0.067437
-2.4213
0.44323
0.232552
0.431111
-0.292414
2.2194
0.400163
-0.499329
14.3613
-0.109755
1.40238
5.2142
10.342
-5.42829
-0.866066
0.281173
-1.60777
3.88526
-1.38747
0.596035
-14.6239
0.0988638
0.779894
-4.29978
7.5411
-0.237428
-2.03484
-6.33949
-12.5617
0.667787
-2.5102
-1.57757
-1.6109
-0.251269
0.126958
0.870472
4.46276
-4.12364
1.01922
3.35988
0.823176
0.968545
-0.141914
0.479678
0.490941
3.35245
5.24645
0.639993
-170.129
-4.33359
5.27429
15.4394
1.85733
0.435198
-1.55047
1.14761
-0.349104
1.2821
0.514938
-3.48839
-1.92979
-0.0829684
-0.00610751
-0.334116
0.731156
-8.58734
1.20299
-0.805979
1.03816
0.16163
0.632711
1.23278
2.55535
-17.6869
-16.012
-1.56491
0.299898
1.36094
-0.470338
0.972507
-1.28027
29.6545
1.89818
1.22773
0.511721
-0.558267
0.913366
-1.50232
-0.435155
0.285204
0.599607
1.87509
-0.995184
-0.174867
14.4709
0.147325
-0.713274
35.1924
51.8069
-0.825134
-1.19877
1.59338
0.821554
0.854787
0.197471
-0.494561
0.568099
2.08975
-5.97213
1.07611
-3.0302
0.43385
2.80992
-1.95848
0.310756
15.801
0.616856
-1.07833
0.276024
-1.09509
-0.0521209
1.21367
3.97903
0.352318
-0.816143
13.3169
-1.70809
-21.1689
-0.637002
-1.69595
1.29003
-0.315419
0.264369
-0.371756
11.2974
0.469574
0.433353
1.59345
-3.05815
0.503922
0.0772459
-13.8574
4.02436
-0.467796
-6.80981
1.38395
-1.07847
1.14899
0.632845
-0.45169
0.463965
-1.2451
2.41657
0.569794
-1.19969
-0.171864
1.14891
1.08943
-1.31027
2.50083
-0.0948032
2.86074
-0.694088
2.08039
0.933567
-1.49965
1.09161
-0.34689
-2.06709
3.68238
-0.250215
0.310224
0.0944889
0.291312
-0.878513
0.0590716
0.188871
0.119399
-3.73545
0.665716
-3.21475
-0.151255
-0.345421
1.19767
-2.52859
0.443596
1.20694
-8.72257
0.369784
-0.779832
0.98134
-0.905048
0.0071202
-1.16157
1.20777
-3.25709
0.455794
-0.200553
1.15715
2.53902
-3.58068
0.968339
1.45984
1.42842
-0.665256
8.56028
-2.07994
4.40224
-0.744574
-0.742924
-1.1882
-31.5593
-2.63425
0.485074
1.40772
-0.806761
-0.902792
-4.1578
0.0490191
-0.930575
2.19625
-6.62043
-0.0687366
-0.354832
1.77604
-1.02528
0.120644
-1.36249
13.6355
-0.157767
-0.503976
-1.1748
-0.764552
0.153112
-0.742176
-0.216211
0.222891
-0.616364
2.13557
-0.766377
-1.21453
95.3711
0.0520777
0.0306736
2.11861
-1.66591
1.29584
5.10704
0.938111
2.74755
0.18509
2.36617
0.227691
-3.62445
-0.049796
-35.4987
1.2928
0.815947
0.702911
1.58317
-3.22606
0.996679
19.7425
-1.43271
-0.885265
0.0964736
-9.60611
3.46177
-4.25184
0.737761
10.2588
0.745034
0.301582
0.504953
1.80498
-0.0244052
1.69187
-0.121945
-0.454961
-0.108934
-9.14338
3.346
-0.0831048
0.170644
-0.577845
1.16456
0.126408
-24.7816
-2.53363
0.500988
-0.159216
0.466233
-798.687
0.377805
0.0307434
-2.14114
-1.29042
1.02025
3.36379
-0.0235579
0.433062
-0.0977787
-21.8767
0.322924
-2.57115
1.26037
-1.69674
-0.364586
-0.196628
0.215401
0.829048
0.961511
-1.48667
-0.984393
1.16787
-3.39672
0.798272
-0.958309
2.47914
-0.347346
-0.0740038
14.1291
-1.39882
2.88175
-0.826251
-0.197816
-2.0561
-3.13114
-2.59068
0.719302
-5.48084
0.894391
1.01899
-25.104
0.863084
0.465152
0.191493
0.366164
0.211101
1.15136
1.06894
-0.0992201
2.11947
-0.396633
-0.225306
-1.12255
0.844292
0.433769
-1.1958
-0.676294
1.70172
-1.03423
-1.33685
-1.75609
-3.36009
1.29657
1.76453
-16.1585
-3.09942
-4.6417
-2.45277
-2.75425
1.59034
-0.922695
1.48888
-1.08904
-0.816872
0.0774857
-0.478761
-0.612765
2.31708
0.517914
2.28342
-1.32404
0.138545
-0.131841
-2.98431
-0.317225
2.37906
-14.8349
0.0828733
-2.25332
5.60776
0.277599
-2.26497
-6.17924
0.793747
0.428886
1.82554
0.217979
3.40243
-0.424128
-0.745575
1.693
-0.651834
0.110107
0.245166
7.23091
-0.217948
-3.38299
9.26732
1.71312
-0.0337604
0.85953
1.07131
5.74413
0.728563
-11.5338
-1.415
0.201602
-0.568713
0.141949
2.69224
0.868298
-0.527905
1.72366
0.146742
0.506302
-1.66074
3.56834
-2.29365
-0.931353
0.49742
-0.122474
-0.987602
-0.198467
-1.48452
0.271403
-0.290833
-0.358255
0.849035
0.460584
10.797
1.87557
-0.784587
-0.659968
2.13814
-1.18103
-0.259712
0.902468
1.64705
-1.07371
2.38219
7.53684
-0.985769
-0.0709044
1.24969
1.45463
0.502218
-2.27937
-6.21048
1.55727
1.04452
0.339355
-4.81932
0.596925
-0.375843
0.711782
-0.823763
-0.207216
-0.6247
-0.79028
-1.6732
-0.014371
-0.160058
3.32709
3.11986
-1.36663
-1.07079
1.36456
0.856396
-61.986
0.437871
0.713389
-0.105139
15.5056
-0.950681
0.923327
-5.57465
-9.26148
-3.16062
2.29468
0.106424
0.897316
0.957544
-1.23944
-0.660262
2.70919
0.503773
-0.0698452
-1.72449
1.19485
0.556297
0.648949
1.46456
0.596765
1.69261
-1.2189
-0.446062
23.5411
4.84954
-0.514591
1.48801
0.907589
0.299294
0.275137
4.24338
1.38936
-0.0718841
-6.04004
-0.934991
0.68493
3.76233
-0.102256
-2.59241
1.07227
202.964
0.0547515
1.25886
25.428
-0.228911
11.1002
-1.23097
-1.31453
1.03955
1.53088
-6.86411
4.58838
-0.993369
-2.86585
-2.39102
0.00970017
-2.09584
-0.803288
0.567872
-1.68616
0.550543
0.554025
-1.67446
-31.2374
0.971616
19.6425
-2.00304
-26.2315
7.32131
-7.42086
-1.20377
-0.519708
1.17982
-0.122262
0.104455
1.84654
-2.02831
-0.24845
0.642281
0.743904
-2.56986
0.183479
-37.0241
-0.359116
1.26871
0.190187
-0.778343
1.41577
-0.280851
0.162642
0.625227
2.28429
-3.06516
0.16887
1.36561
0.935321
0.679953
0.609063
5.56691
3.95325
2.38671
-3.0329
-7.28427
-0.5725
0.101154
-0.323012
-0.728823
-1.87988
-1.18724
-0.0957085
0.504552
0.0867318
-4.0081
0.155586
-0.814195
53.845
0.124712
-0.501309
1.52394
0.428456
1.60818
2.33515
0.291414
0.860238
42.1714
2.87889
-0.842499
-0.10631
-0.75642
0.255131
-30.7773
-0.658765
3.75437
0.965895
1.16535
6.98469
2.19814
-1.37868
0.720533
2.18068
-2.69813
7.34454
12.8736
91.1993
-28.2254
-7.08397
-1.69246
-0.622605
4.40408
2.26935
0.23213
0.298613
0.164702
0.451957
-0.389017
0.845983
0.455259
-6.15764
-0.146233
-1.0588
-4.87482
-0.0490343
0.122074
-9.31031
-1.40862
-3.47752
-1.73855
2.52358
-0.201697
-0.428685
-0.118997
-1.53453
-3.55679
1.15043
-1.36009
-0.432247
-0.146607
0.724878
-1.27382
-0.766651
-0.915258
-2.23014
-0.864991
-0.539126
0.838677
-0.0782393
-0.60804
3.01574
-1.49238
2.15047
11.9311
-0.749481
-0.180782
0.103062
-1.64494
-0.0362571
1.30143
0.516331
0.772161
-0.357225
2.4368
-0.958346
-3.58586
-0.323696
-13.0034
-0.637691
2.62292
-11.5011
-0.424904
-0.0106397
-2.88877
26.5338
0.208659
-0.522776
-26.7666
-3.95937
17.2486
0.0720112
5.11191
6.50293
-1.51677
1.62253
-4.17733
0.289972
-11.3422
14.0387
0.307836
-0.376151
1.44281
-0.501942
0.993646
-0.113245
0.447144
0.225439
-6.12246
-2.87089
0.942234
-0.911743
3.47911
-6.46468
-3.99688
0.487988
-10.5762
-0.803369
0.145127
0.138246
0.942806
0.0167939
-0.0757515
-0.736618
-0.0365617
0.0252729
-1.42509
-2.65881
1.637
4.27313
0.182361
-0.146349
-2.91506
0.422428
3.82486
-0.223106
1.27014
1.25516
0.29411
1.77278
-0.322589
0.7572
1.92203
1.75901
-0.0586256
2.86014
0.511652
-0.395132
0.0242445
0.619334
2.32637
-0.0785696
-1.12408
-0.865679
0.607534
3.65481
-9.96403
1.1519
0.835796
-0.640204
0.100668
-0.534194
0.919097
7.58992
0.345721
5.30821
-0.23185
0.688333
-0.104337
-0.292855
-0.540287
5.50287
-0.299707
0.0969952
1.30658
3.26059
0.157571
-2.80322
-0.28387
-0.455428
-0.44865
1.10953
-1.58177
0.132928
-1.07708
0.0879762
0.0597016
2.95021
1.37812
0.842902
-0.212235
-1.27411
-1.92299
0.316598
5.5016
-5.27606
2.16252
-4.80637
-1.24757
0.410029
-1.37078
0.749293
0.586021
-0.288098
-0.485305
2.09145
0.339903
-0.197373
3.39555
-5.02408
0.494028
-0.2081
0.534224
-0.854182
0.854712
-0.257657
-2.08141
0.86128
0.236763
-0.128495
-0.797483
0.511534
0.291015
1.51713
-0.284951
-0.735764
-1.81411
208.941
-0.0297202
2.68172
0.182476
-0.562858
-20.3246
2.21619
0.903512
-0.789922
1.63169
0.496008
-194.138
-0.320844
0.647445
-2.04725
-5.03708
-0.0854742
-14.1813
-3.67614
2.48243
0.165602
0.660052
-0.423027
-0.61445
0.17423
-10.6702
-1.8224
-0.643482
-0.318745
-15.5275
0.282055
2.40182
-0.494747
-7.08445
1.46716
2.05533
-2.74159
0.970661
1.11186
-0.358923
-0.145226
-0.431392
1.85617
0.830829
-1.73478
1.59179
-0.558198
3.12903
-2.81199
-0.462245
0.193684
-0.00622618
-2.29746
4.61832
0.497888
-0.156603
-1.06461
-0.201799
-0.0300392
0.735316
0.692603
0.981149
0.62458
0.690894
0.812254
-1.12658
3.02787
-0.444332
-1.17587
0.593926
-0.648694
0.369122
-0.524141
-0.254932
-0.556373
-0.0120547
-0.552618
-0.218856
-2.43924
-2.10629
28.7439
2.59782
1.27412
-2.87142
-37.004
3.05349
0.380611
2.78427
0.698976
1.48017
-56.6807
0.112393
0.922662
0.230163
-2.58488
1.7779
-0.215856
2.25937
0.298979
-0.681517
0.84674
-17.9598
0.104575
0.237339
-0.35466
-0.558891
-1.73033
-0.446596
-0.737813
3.30418
2.06476
-0.207433
-4.13328
-0.449634
-0.0536051
5.38039
-1.35483
0.162944
-0.966763
-5.6135
0.0512495
0.278578
-5.19915
-0.654753
0.743724
1.46604
-38.8986
0.0255959
-0.360141
-1.02135
0.397065
1.46791
0.906664
-1.12355
0.253355
1.19608
4.89612
-2.46798
0.0123161
-0.0327962
0.867618
0.368954
0.721982
0.174974
0.736371
0.505891
-0.228658
1.08579
6.77073
1.76426
0.300726
-0.289955
1.06079
0.267146
-1.59295
-0.588802
-0.458781
2.26012
-0.956949
1.89719
-1.24419
-8.71305
-0.616442
-0.0646118
-0.734937
-10.9968
-0.452527
-8.63724
0.0739638
-0.415975
-0.056941
-7.55449
0.0279696
-0.439051
0.128559
-5.6048
-1.5818
-0.108313
-29.7614
-0.327215
5.75812
0.509368
-7.0376
0.263661
-1.20611
-36.6097
0.547306
-1.17287
-5.21959
-0.984434
8.25422
-0.474153
0.314725
0.886982
-2.52799
0.034619
0.662653
1.04313
1.49047
-0.197695
5.68055
-8.33612
-0.121783
-2.23334
1.1144
-0.789113
-0.223896
3.57701
-1.7099
1.19185
0.298969
-0.104642
-0.532959
-0.990527
0.123465
1.80148
-0.214871
0.584222
-1.24423
0.978306
-0.247883
0.150684
-4.48283
-3.92709
0.439343
0.11206
-0.946225
4.06829
-2.36642
0.820184
1.88842
0.95583
-3.73253
-4.94823
-0.324136
-1.05544
1.39595
-0.295205
47.5875
-0.770344
-0.171539
0.11233
0.261343
-0.682892
1.55574
-4.16034
-3.07593
-0.187102
5.1667
0.41843
2.73576
-0.106435
1.37614
1.45059
2.48594
-0.141633
0.0360557
-7.55582
-0.613701
0.488772
0.923822
0.445115
0.625353
1.78585
-0.12109
-0.225446
-2.70943
-0.0138323
0.670183
-0.33697
0.667302
0.899238
-1.255
0.561804
10.9453
-0.249504
-10.7877
1.6731
1.01888
-0.175315
0.776939
-0.0168599
-1.74319
1.13857
-1.43003
-0.631321
3.39083
0.936797
67.5944
-0.283181
-3.50913
0.757529
1.26994
0.571181
-0.514706
-1.18455
0.198885
0.807244
-0.710556
-0.0872796
1.7261
0.279254
0.28195
-3.63018
-12.2041
-1.04658
0.616799
0.188706
0.890221
-0.303574
1.10484
1.91517
-2.26704
1.92165
13.4432
-1.00441
1.76876
-0.252548
-10.7723
0.685213
0.11412
-2.99911
0.0988162
1.61441
2.07613
1.03962
2.53643
2.17161
21.3076
-0.352774
-0.106282
-1.52715
0.80408
1.92424
1.38644
-0.603668
8.85777
0.785982
5.79475
-2.36121
-0.803003
2.01285
-0.274746
0.0379945
0.652729
-1.09551
1.85774
0.516595
1.30538
-1.49967
-0.963326
-0.486869
0.920729
0.443262
-0.420101
-0.0573075
-0.181592
-0.706615
-0.686202
-3.0802
3.52531
-1.33434
0.798252
1.85501
-0.588372
-0.0872093
0.508316
-3.87663
-0.459071
8.05756
0.456503
1.9528
-1.05868
1.23644
-0.211704
-0.70733
0.270896
-0.746127
0.776405
-0.773955
-0.530468
0.622211
-0.173248
-2.80663
-1.27224
1.89005
-0.925104
-2.28654
2.15404
0.226022
0.032167
-0.0863264
-1.32475
0.014949
-1.45239
-2.31594
-0.0425643
1.9433
0.227878
0.00297314
-35.0565
-0.997453
-0.777999
-1.22749
0.553714
-2.59463
-0.603414
-0.0680658
-2.4001
-0.520321
7.98265
0.557379
-0.853138
-0.794367
-4.46032
0.810111
1.82469
-1.39716
-0.19276
-82.4739
-0.74804
0.61107
0.628027
-4.99035
0.0485907
0.337354
-10.9325
-12.2115
0.46551
-13.6771
56.191
0.0329408
3.05214
-0.999647
0.886086
6.35296
-6.15774
-6.38518
-1.24659
1.09776
0.564569
1.0324
0.321694
0.503702
-2.91549
2.19692
-1.64283
-0.529563
0.403102
0.246291
-3.42983
-7.58152
87.7742
1.74343
0.384165
8.81095
3.16914
-1.09824
0.468933
14.3559
-0.537643
-0.534208
0.173575
0.0721156
-0.519937
-8.46047
-17.4999
0.0529407
-2.80193
2.88432
-1.19061
-1.69814
5.33725
-0.932502
-0.584748
-0.567036
0.269845
1.38151
-1.72712
-0.298994
1.76076
-0.372387
1.48803
1.92792
0.645775
2.49207
0.451948
-0.990747
13.7345
-2.17886
-0.75566
1.47562
0.570994
0.0475124
2.2571
-24.3517
3.12991
-3.14626
0.329373
-0.93386
-0.287992
0.560684
-0.249693
-0.460213
-13.774
1.65262
1.41989
6.34932e-05
-2.60978
-0.607517
1.18791
-9.22359
-57.6785
-1.78361
2.63996
-0.461378
-0.270752
0.893077
0.742058
-1.20113
0.634088
0.153853
-8.43412
-1.62408
-0.469573
-0.86192
-2.36841
-0.240835
-1.1587
-1.17296
-0.0879731
0.889587
-4.29897
-1.49474
13.1363
-0.633548
-1.15569
-4.08541
-0.426365
-2.84019
-1.10872
-2.44549
1.67175
-0.938391
-2.67717
-1.32739
-4.74133
-0.38364
2.67414
-0.0858371
4.49032
1.35539
-1.48681
-2.02755
16.9744
0.27246
1.29513
-0.139042
-7.67238
-0.871217
-0.280722
0.438759
0.720977
0.387177
0.171726
3.11812
-1.73208
0.0214392
-0.688714
0.174828
10.4052
0.15366
-0.348312
-0.259292
-2.70527
-0.0844087
0.879179
0.423256
-0.399689
-11.2599
3.34062
-0.0932853
-6.28013
0.915507
0.033778
0.312956
0.75845
-0.305325
-6.42116
-0.964414
6.50017
8.02715
2.00375
6.99305
0.257494
0.669217
-0.791053
-0.382554
201.21
-7.02165
1.77968
-0.182235
-0.373341
-0.196202
-3.3298
25.3413
0.915886
1.7218
-1.83299
3.6519
-0.131353
-0.441252
0.712165
-1.34852
-1.15047
0.496193
0.791848
0.0661629
1.34607
0.213924
0.772742
1.1168
0.157919
1.2338
-3.36368
-0.21518
1.26506
1.90567
-3.29514
0.471799
-0.46979
0.0646981
11.5644
0.309422
-0.181505
1.18106
14.25
0.16093
-3.06939
0.0771899
-3.10938
-3.90961
-1.35744
-0.54314
1.39583
5.43408
0.244155
-0.943266
0.682386
-2.31964
1.7595
-2.89594
0.139528
0.644009
-2.63547
0.175348
-0.417718
1.13323
-1.94807
-0.976158
-0.148711
-0.100194
0.586775
-0.940668
0.721646
-0.696008
-2.10718
0.304532
-0.556792
-0.694926
-0.184751
-0.921687
-2.07184
-3.37107
-1.79458
-0.971668
19.8815
1.14374
3.6389
4.52312
3.14625
0.383459
0.975873
-0.886462
1.21517
0.257335
0.250393
-9.64826
0.369358
-17.0823
-0.361366
-1.30968
9.96763
0.495459
2.31671
-0.507161
-0.120061
1.83442
5.34992
0.0025691
-18.9984
10.7424
-0.203094
10.586
0.834682
1.65909
55.6972
2.19965
-0.374249
2.13789
-1.91251
-1.27501
3.32919
-1.76721
1.06819
4.16761
0.0417144
0.817185
2.70915
-0.722649
7.08759
0.240891
-2.72329
1.97896
-45.755
-6.93934
-0.874119
0.632126
1.94045
1.96612
0.928461
-0.214079
0.484063
1.08781
-0.609614
0.28869
0.993327
-14.7053
-18.5215
-3.51114
0.796226
1.71278
-0.546709
0.596387
-0.312313
0.505849
-10.0878
-2.73212
-1.28656
-0.772521
7.42595
0.297011
2.63235
-0.441832
-3.9657
0.045203
-1.03645
0.97695
-11.4395
0.282531
-0.323797
-0.0527486
-1.51465
-1.49168
-0.154661
1.28108
2.49034
-0.918554
1.11835
0.659751
-10.2155
-0.97399
4.36035
14.612
0.33834
-0.370154
-7.4899
-1.91357
-4.77738
3.57642
1.65392
-0.905041
-0.769326
2.69623
-0.882998
3.90112
0.940097
2.41981
0.040239
1.24289
-2.52953
0.572369
-1.47428
0.780123
-0.259637
-11.3655
-0.674367
1.53543
-1.84244
-1.06152
0.657918
-1.0482
-0.650382
-3.7075
-0.168065
-0.731739
0.723834
-1.04081
-3.20052
-1.57314
-2.13314
0.323094
-19.4467
-2.42989
-0.773006
-0.745639
1.08838
0.144587
0.728453
4.77173
-0.571408
98.0772
0.741447
-1.61713
-0.925533
0.652595
0.353487
0.0951776
-0.703317
0.169691
-1.53866
-0.363441
-6.38666
-12.5111
-0.945692
-0.916032
-0.30592
1.097
4.68907
-2.08755
-5.64451
0.845208
-0.946346
-9.04989
0.179889
-0.455985
0.990893
-1.04571
-0.321969
1.20512
1.31765
0.164402
0.844322
1.35867
0.627038
-1.16538
0.29763
-1.05458
0.319214
-0.0764747
0.424268
-2.32135
2.83988
-3.37183
0.976204
1.8689
0.719793
0.453805
0.973416
0.982499
0.263595
-12.4231
0.824265
-0.343479
-7.18464
0.105054
1.88678
0.395709
-0.915857
6.368
0.85716
0.257605
0.321012
1.20582
1.68759
-0.650673
0.517062
1.42811
-0.522521
-0.972138
0.969415
-0.48231
0.660953
0.295559
0.911456
24.2809
-0.738729
164.102
1.15661
0.91442
0.688732
-0.0774309
-427.727
0.35427
-1.39672
-1.3691
1.69838
-56.6139
-0.426809
-2.34192
-1.63687
0.689458
1.18647
0.274382
-1.57476
-1.13252
-0.205784
1.28749
-0.193949
-0.692262
2.52277
4.1553
0.0407652
-0.4153
3.91269
2.98242
1.17952
1.33393
-0.420618
1.69423
-2.66728
-0.127909
1.22215
-2.79572
-1.75665
-0.186919
2.76164
-0.0449067
-0.13226
-0.490848
-0.123665
0.956763
-2.74207
-0.174631
-0.971694
2.32659
-2.26645
3.45192
-2.06326
-2.10229
0.43206
1.59768
-0.103456
-0.68052
0.728956
0.44119
0.950353
1.06157
3.20519
1.20097
0.0630931
1.09105
-1.28248
3.75679
0.0514673
11.9917
-0.396902
1.87483
79.3626
4.15626
1.33066
0.638954
0.9901
-0.859641
0.437835
6.55769
0.214545
-2.53044
14.0901
-23.3704
0.0388856
-0.536035
13.4838
-1.62772
-0.209577
-0.888279
-3.1685
-0.00305856
-0.540694
0.555248
-1.63268
-0.633964
1.42578
0.302176
-0.389094
-0.515599
1.76923
-1.68942
-9.46208
-0.278387
1.75107
4.49327
1.70742
-0.516603
0.714014
0.191246
3.85622
-0.170234
2.05621
-0.362251
-21.8025
8.3884
2.49099
1.3331
2.02248
0.861567
-0.860308
1.03907
-1.7493
0.271972
-0.99754
-0.352579
3.21114
-0.473308
18.5659
0.203707
5.34283
0.154688
12.4243
0.108335
-0.189298
1.40698
-0.883083
1.88759
3.1413
0.64242
0.590653
0.823427
50.4676
-2.99531
-1.19358
0.258982
0.220406
0.327881
1.59272
-1.11824
-0.168815
-2.2399
1.1303
0.129399
-1.13767
-8.93062
-0.201713
87.3099
12.5685
0.913097
-3.42953
-1.27987
-1.12118
2.01316
-1.27137
2.02154
-5.21243
-4.52569
5.31204
4.3165
-3.93887
2.01694
0.0620169
7.6521
-0.162007
0.126185
1.19474
0.887104
1.23499
1.39132
-1.26461
0.178949
-3.71939
0.89029
16.7628
0.803579
-1.48999
1.05922
1.47916
-76.7871
-0.135834
21.4311
-0.0249791
0.634758
-14.8337
0.584211
2.87587
0.387034
-0.999942
0.518825
7.66291
0.13656
-0.479379
-0.691614
-0.10694
-0.606561
1.09999
3.50237
0.432054
-0.0299789
-0.42544
-0.897979
-1.7916
-0.223207
28.7134
1.08276
41.9032
-236.455
-0.311973
0.0671314
1.39622
1.71975
0.0533623
-39.2439
-1.73079
1.51034
0.406062
2.64922
-0.72896
5.2494
0.504171
-2.3948
0.222573
8.44211
-0.193616
0.805106
-0.358114
0.291022
-2.39289
-8.42215
0.549157
-1.18454
6.96768
-0.756742
-0.630592
-0.594722
-0.707386
6.45421
1.25701
-0.880817
0.00930724
-5.40311
0.342364
-6.58858
-3.04133
8.09154
-3.32214
-0.268705
0.525909
-0.389433
5.32364
0.366698
0.540489
-0.959616
-37.5061
0.37751
-2.18279
-0.514855
-0.489136
-6.56337
0.764027
-0.667265
-7.74725
0.366678
0.0922897
1.44753
0.763906
3.57838
0.793012
-3.10598
0.460433
0.936914
0.12593
-0.732606
0.580091
0.0864826
1.16753
-3.69096
-0.690646
0.745857
-0.382775
1.56702
1.76753
1.48909
-24.0011
0.940503
-0.554513
2.35817
0.200158
0.769778
3.51608
1.29687
0.477481
0.189925
1.10176
0.511657
1.7104
-0.762752
-0.320459
-6.1312
2.60429
0.0513517
2.3934
-1.55583
3.68455
-2.42333
0.223573
0.789126
-1.17825
-1.19708
-0.556868
-0.472023
-0.0578995
0.0402324
3.2286
-1.36827
2.43484
0.172626
0.848674
1.36744
-1.07532
0.887694
0.425773
-0.553357
-0.25432
-0.0899073
2.15278
1.53521
1.51285
-0.262853
-0.139364
-3.56604
-0.110168
0.862507
-1.19796
3.68488
-0.52964
-0.982534
-2.39935
-0.337212
-0.470366
-2.03608
0.272351
3.57247
0.718531
-1.83149
4.57124
-0.459539
-10.2022
0.260047
-0.0363649
-173.063
-0.181372
-1.09238
0.411506
-1.12266
-0.191379
-4.77961
-0.457831
-1.75222
-6.05972
-4.03005
2.23125
-0.202613
-0.0940246
86.4644
-1.45882
-0.956132
-0.474805
-2.34056
1.93807
-36.9321
-3.00408
1.5076
0.271581
0.0583099
-1.40985
0.269274
-3.70955
-1.59587
0.0513881
0.887698
0.786634
0.144942
0.135268
-0.73915
-0.989288
0.328432
-1.35
-1.83617
-1.77934
15.573
0.719779
0.889358
-3.9018
0.481338
-0.970899
2.82337
2.96953
-1.5753
-1.54211
0.285481
-1.77731
-1.75525
0.417296
1.85093
-0.637875
0.370293
2.16834
-1.20715
-4.17059
-0.540102
3.64682
-1.61635
3.34694
-0.153965
-5.28659
3.50532
-0.562008
0.905036
1.42955
-0.0622964
-0.711924
-0.00885184
-1.09494
-0.454632
2.52392
1.38705
-1.95141
1.2812
2.02474
1.04775
2.42314
0.391581
0.326284
3.4881
18.018
-5.57301
-1.17468
7.40909
-1.18059
0.801396
1.14794
-0.293177
0.586214
0.240151
-3.69699
-4.67159
1.05482
-0.330452
-1.56916
-1.08232
-0.410135
-18.5337
-0.476932
-0.396579
-19.1518
-0.484353
0.777728
0.302366
-0.645962
-12.5248
-1.18133
-0.601406
-1.17778
-2.07741
-4.46363
-0.480016
-33.814
1.55618
-1.09294
-1.29324
-0.0271047
5.57863
7.42874
-1.55188
0.460285
0.739313
2.30652
-4.38673
2.59528
-1.41003
-44.0558
-0.189605
0.544444
2.51259
3.82146
0.0974951
0.804026
0.51127
1.37558
-2.97665
-0.415341
-0.122304
-0.934034
0.203819
-0.347135
-1.42153
0.713712
-0.161138
-3.31897
-0.845237
-4.97476
-2.9046
-2.94156
-0.208434
-1.27966
1.73837
0.983224
-13.471
0.788037
1.83732
-0.378033
0.769282
-1.14248
1.76218
-3.03599
1.28409
0.28637
-0.0132189
-2.08439
-1.36924
-4.90549
0.966596
1.09529
-0.31289
-0.477319
1.41533
-1.18439
1.7703
7.00468
-0.685895
-3.20351
-1.21039
-0.252186
1.08126
0.871621
4.57925
16.1754
-0.627316
0.124255
-13.8703
0.370857
-1.07844
1.12785
-1.32171
0.430792
-0.0422621
-6.19429
-0.508155
0.778698
-0.139
-1.79914
-1.83938
0.482521
0.263457
5.4593
0.853515
-0.204019
0.0159492
-4.64157
2.84431
-0.510576
-0.830953
5.61871
-1.20573
0.767131
1.8872
-2.96175
-3.49248
0.366295
0.0772812
-0.442695
1.29617
-0.0975247
-0.781684
-0.246657
0.192452
-0.0648033
-0.90416
2.9753
-146.931
-3.89874
0.743627
-0.845039
1.35621
-1.83961
1.0483
-1.25263
5.51203
-3.54603
0.0916529
1.19145
0.626384
9.32348
1.01668
515.375
8.37734
-1.64123
0.351894
-8.06821
-0.543525
-8.10948
-2.58471
31.0615
0.741186
-2.00302
-0.0514545
-0.41126
-4.70501
2.81881
-0.823571
0.243761
-0.585795
-0.432869
-0.0570584
-2.46144
-4.16144
15.3606
-1.31664
-0.502151
-0.833954
1.22648
-0.885349
-4.11733
1.49879
-0.377444
3.45589
-1.13148
1.2095
-0.613704
11.8342
1.47009
-0.272791
0.518832
1.86579
0.139611
2.47779
1.15321
0.888576
2.76956
-0.480553
1.59501
9.29819
0.0675741
0.895475
-0.576966
-0.528847
-0.497082
1.41068
-0.416775
-0.0849876
0.131182
1.14681
0.514946
-0.474903
-4.09038
2.22938
-12.9552
0.441488
-1.3061
-1.60113
0.475619
-0.307648
-0.178803
-0.29917
-12.0748
-1.85523
0.921794
1.02499
1.2049
-1.61327
-0.780469
-9.53359
-4.32756
-1.86253
-0.727569
7.50316
-0.132969
-7.54426
-19.0175
0.430853
0.0411031
1.17744
2.2179
1.16245
-0.560723
-0.744132
-0.0823086
1.35039
-3.4466
10.5724
2.15117
-1.49684
1.2158
-1.8241
1.52139
3.98009
1.86363
1.22222
0.186159
-0.597087
0.70435
-0.652891
-0.246469
-0.976965
-1.22743
1.39718
-0.164787
-0.429455
-0.681377
-1.16853
2.10519
0.0280538
-0.985744
-3.09583
-1.53611
11.6742
-0.428263
0.125561
0.407698
0.065555
-0.301149
0.695207
0.655445
2.9848
-0.500773
-1.15443
1.82016
1.56702
0.00934662
0.836079
0.0614885
-0.493203
-0.199157
0.853977
1.35431
2.41439
-5.4857
-0.882917
-0.71576
-4.79973
-0.780234
1.48815
-1.90393
-0.440892
-1.24938
-1.75272
2.26007
0.139376
-0.444396
0.151203
-4.5159
1.20537
-1.72785
0.730138
-0.690256
-1.29943
6.42066
2.7473
-967.546
-2.08655
-2.62751
0.200812
-0.450783
1.1832
0.667092
-1.05877
3.44259
-0.182963
1.5231
2.95106
0.487698
5.65126
0.524957
0.181304
0.677957
-9.44143
-3.47994
3.4816
0.348243
-1.08466
0.10976
-1.23584
-6.05856
0.227322
-1.57278
1.76641
-4.15056
0.216151
-0.74231
3.68386
0.473342
-1.64866
-0.0757267
1.96072
-0.628337
0.0561593
0.0710376
-0.325021
-1.47269
0.134329
5.92001
-5.07414
-64.7052
-30.5964
2.14171
-0.949466
-3.55207
-2.8641
-2.8946
0.45616
-0.714831
-0.235988
0.991051
-5.62361
0.011524
0.854545
1.79393
10.0663
2.69786
5.45753
-0.421634
-1.16279
-1.70719
-0.989388
-0.193591
2.19142
-3.12531
-0.706886
1.2715
-0.80169
427.101
0.656098
0.874838
-3.05292
0.0757331
4.13872
-1.32356
-1.22286
-0.191063
3.38492
-0.365597
-0.428577
-1.21708
-10.2274
2.09185
0.712342
-34.406
-0.211759
0.0833847
-1.20444
2.47837
-0.560612
0.265008
0.441163
-2.20593
0.77876
-0.51715
-1.46095
1.93077
-0.826237
1.67346
1.90945
-0.500363
0.392333
-2.76392
-0.0646873
0.449821
0.125729
-0.486424
6.47798
0.0653015
-1.78041
0.11336
-17.4561
-0.892687
0.682495
-0.296827
3.622
0.0729159
0.172482
0.170342
0.339564
0.0900978
0.443961
0.044532
0.0646892
0.51702
-0.663756
-8.02349
-0.959819
-1.2564
0.304832
-1.10148
0.797475
-0.963462
-0.26728
-0.820584
-1.21036
2.76377
1.57649
4.68376
0.852592
-0.264119
0.358051
-1.96377
0.815851
5.19736
1.16408
-2.65038
-2.62716
1.46272
-0.129818
5.83826
0.149567
-3.9654
0.116075
1.01184
0.711666
1.18617
-4.21268
2.38144
-0.763062
1.20677
-0.319898
-2.46323
0.109457
-0.32698
-0.126867
1.97299
-0.193918
0.152265
-3.44315
0.0932469
0.271469
-1.04895
-1.19738
-4.49573
-5.46977
0.692037
0.953967
0.614918
0.940364
0.391958
1.59753
-1.01779
0.595901
0.266471
-4.43611
-0.3091
-1.23009
-5.51257
0.173051
-0.17648
-0.165819
-0.558644
0.845099
-0.502174
0.0213507
-0.0474308
-1.48945
-0.118992
-0.555001
0.694151
-0.776347
-0.278668
-0.131501
-1.25187
0.0949859
0.0827869
0.911854
-1.55942
-0.869338
-0.359005
6.44566
6.5623
0.527065
0.68452
0.073446
-1.88394
0.356953
-0.894202
-0.350714
-2.39493
0.557288
-1.86962
2.95875
2.10562
-94.3572
-0.324963
2.65763
4.7781
0.468304
-0.430746
-1.53147
-12.0182
-1.2842
-0.260684
1.67952
10.8439
0.573068
0.00580015
-1.39529
0.777785
0.805681
9.31735
-2.95209
34.2356
-0.103504
-0.183983
1.80935
-0.173873
0.0316101
-0.0639719
-0.757296
-0.773024
-170.957
-1.28257
-0.0292158
-1.02991
1.23901
0.876662
-0.279314
0.182482
4.4582
2.69789
-0.682494
-31.6906
0.875351
0.237858
1.06388
-0.871649
-0.392439
1.46649
-0.74958
0.354649
-0.43277
-0.425867
1.7934
-0.920419
-0.208682
0.673339
-9.22742
2.74271
73.673
0.167716
1.69387
6.78187
-0.0492077
0.14741
-0.0509929
-2.52371
0.754814
0.516672
7.45113
1.05656
-0.614598
0.0437892
13.0935
-0.701218
-3.1032
-1.18688
2.78938
1.26226
-1.42528
-2.23445
-0.00977807
2.95332
-1.46314
-0.34804
1.70339
0.16585
2.10471
2.36284
31.3525
-1.56291
0.405121
-71.9924
0.436812
2.51573
-0.0337199
0.193427
-0.455914
-0.0250104
3.30356
0.853339
-0.0431066
-0.610932
-0.259148
-0.970591
-1.60876
3.70492
0.323406
-8.52756
1.44253
1.91754
0.0856447
0.196347
0.929577
0.544235
-3.37965
25.476
-0.453041
-1.78383
-70.4149
-1.55446
0.139825
5.08995
-0.0248742
-0.713815
1.56238
-1.85137
1.83221
2.71232
-8.03272
2.00582
-23.2344
-7.18546
0.168719
0.211959
2.31499
-1.96847
0.100352
1.93809
3.99256
-0.789603
-0.203841
-1.19369
1.73051
-0.243507
-1.9274
-1.56934
-1.00652
-2.69293
-0.507999
3.26769
1.14652
5.8378
-277.778
0.141129
0.374956
-1.51187
0.0263626
1.55359
0.219567
0.789173
1.10698
2.4306
-1.00778
-2.86388
-0.666504
-0.216672
0.719393
-2.23008
0.777954
0.167148
-0.389919
-2.84503
-0.910195
-0.355826
1.27871
0.177926
1.12109
2.49059
-1.0595
0.466308
1.89948
0.988395
8.56463
-0.44749
1.69485
0.53585
0.314801
0.690035
-0.102428
0.864968
-1.46058
-3.49699
-3.60506
26.5692
18.2216
-0.574019
1.04317
-0.322652
26.9101
1.0241
10.539
-0.106625
-8.1926
-8.54184
-0.933713
-0.303501
-1.20207
-0.924099
3.40043
-0.590189
1.64186
-0.60024
0.788398
0.448265
-0.742943
-4.37534
10.4055
-2.98012
0.187393
-1.98025
-16.2231
-2.26775
2.00491
1.37839
-4.44577
0.080305
0.110153
-0.0614584
-3.296
-1.4173
0.397275
38.7131
-5.0248
0.13015
1.76512
6.78473
0.0881074
-1.43469
-0.233286
-1.24929
-1.1096
-24.9725
70.1247
-0.389998
0.960474
-1.04165
-4.16412
-0.34363
-0.317662
-1.49787
-0.0996316
6.77627
1.32094
0.384516
-0.989159
3.43896
0.196977
0.544825
-1.56586
0.155737
0.109607
1.50602
-0.418594
11.6385
-0.209399
4.04424
0.771651
-0.131444
0.581658
-2.31309
-0.677891
0.138539
-0.0092333
0.660462
1.49851
-0.348639
1.62606
0.800297
-2.71386
0.823336
-1.17861
-0.555518
12.0325
0.245038
0.541094
0.90943
1.12324
-2.70851
1.3496
0.112112
-1.45565
-1.11355
-1.81212
1.04032
0.426433
12.7272
0.451351
-0.709983
-4.45349
-4.30176
-0.608235
7.87505
-5.69982
3.5277
0.125684
-2.49347
2.19669
-84.2374
0.52702
0.501682
-2.54997
-0.526789
-0.987675
2.03608
3.46671
-10.3895
0.952847
2.89858
-0.553759
-1.94654
0.857667
-0.158904
-1.08245
-0.875001
0.301218
-0.408067
-11.9305
-2.50969
0.60185
-0.763467
0.815083
-0.0213279
-0.570219
-49.6204
-2.38977
-2.95065
-9.64902
-0.213771
-0.110271
0.109165
-1.41983
-15.5803
-24.1533
0.0213561
57.6644
1.52949
0.686261
-1.03819
-0.52184
-0.656369
-1.18519
2.45848
-0.997925
1.27001
0.871432
-0.30581
0.681614
1.949
2.50241
0.909295
-10.0523
-4.34557
-1.65344
0.579643
-2.17415
-0.761479
-0.0262847
-2.7515
-2.05082
2.61692
-0.297193
1.97332
-0.0932509
-5.16608
2.63587
2.70549
-0.124495
4.64861
12.7468
243.035
-1.54273
0.601955
-0.222561
0.0253006
0.137116
0.350291
0.589641
-0.698886
16.4901
0.22283
1.00515
-2.07521
0.655695
1.35037
-3.39895
-0.941409
1.74928
-0.986402
3.44687
-2.59876
4.69073
0.458745
2.37462
0.704531
0.170134
-9.95705
1.85668
0.555324
-0.286648
-0.575897
-1.58251
2.1951
-1.07139
12.4433
0.738496
0.337297
-0.50607
-1.2962
-0.0715849
-2.72304
0.251429
-0.284592
0.442223
-0.375763
-0.528795
6.06437
-1.54994
-0.0614742
-9.53904
-4.58931
0.291287
0.0369696
2.82382
-0.648761
-0.529481
0.340216
-0.632583
4.67169
1.06258
-1.16592
-1.11391
0.892446
1.21352
-1.78604
-0.759695
-5.05753
1.51188
-0.557797
-5.46568
1.06149
1.91643
-3.20577
-0.0176764
-0.673603
-0.473057
2.67737
3.47801
4.89405
-1.68397
0.311472
47.8644
1.16241
-1.477
0.0835189
-2.0096
0.370761
-0.247764
3.08944
0.687809
3.09816
1.99922
-1.57524
-0.479239
0.132996
7.66442
-0.595306
-2.30068
0.884519
-0.0513056
3.09062
-0.53066
-0.809133
-1.78188
0.893984
-1.24443
1.44368
-0.744331
-0.516972
-0.112773
1.59611
-1.4524
0.0492978
-3.05464
-4.09989
-30.5062
1.64694
4.06659
1.53952
8.08905
16.1828
0.248527
5.60691
-1.4186
-3.53484
1.21147
0.234413
8.03694
-4.89543
-1.1294
1.87207
-0.457666
6.63425
-0.650163
-1.21486
-0.344863
1.37551
-1.64596
-7.91801
-11.5572
5.1813
0.725276
-0.132768
234.53
-1.10453
-3.82185
-1.92476
1.09593
-6.87639
-0.27389
-0.495298
-0.462261
-2.87977
0.879305
-1.15341
-2.4684
-0.0434592
-0.795966
-1.23365
-17.3401
1.25972
-0.646603
0.454884
0.345759
0.228328
0.849401
-1.03078
-0.665964
-5.12136
1.13842
-2.08976
1.77725
0.533951
1.39711
-0.00765326
9.31267
-0.0664733
1.51485
0.598042
-0.0446653
2.45204
0.319413
0.128966
0.634022
1.75898
2.9131
-43.6769
23.5771
2.17283
0.454029
1.9454
-2.50382
-2.27321
0.526294
-46.7801
5.34182
-0.314702
1.13431
-5.97587
-0.225161
-0.42226
0.137067
0.536236
5.06824
0.0861508
2.20233
14.7422
0.103747
1.82178
-1.03729
-0.716995
0.556809
-4.18971
0.621878
-0.937655
0.0824919
-1.08412
-0.820714
7.14983
0.373603
2.08487
0.789909
-0.278357
-0.545571
5.21915
-2.83017
-0.422022
-1.61001
-0.622369
-1.79659
0.610069
3.41809
3.06703
0.0208081
-4.26941
-0.391723
0.700017
1.71337
0.917628
1.87909
6.04817
0.0902954
65.135
0.232984
0.825284
0.496826
0.495951
0.285908
0.339945
-0.0403433
1.06204
0.743931
-24.6067
-1.76452
1.92102
-2.49587
10.0706
-1.17398
-0.450728
1.33956
-0.709103
-2.07753
0.446174
-2.35533
0.290991
-1.5067
-0.100505
-0.422173
-0.163596
0.899829
2.65182
2.54411
-1.75654
8.28621
-1.32758
1.71341
-0.449324
0.0933099
0.847163
0.684441
2.43692
0.0647352
-1.17274
-1.9832
-0.236057
6.52639
0.202814
-5.76074
0.18388
0.913468
0.0910206
1.89331
-11.7469
0.021138
-1.31985
29.9068
-0.280057
1.73762
1.08849
66.4101
-0.895376
0.861054
0.388598
-0.151592
-5.23519
1.15943
-0.0953883
1.12164
-0.1839
-13.9477
-0.141175
0.0341038
2.54885
1.02577
-1.67587
-6.42046
-1.45679
-0.359549
-0.144837
0.433278
-1.37474
4.14684
-0.61112
-0.406781
-1.7914
1.76884
-0.912997
-0.990035
-0.399753
-0.993573
-0.377921
0.492288
-2.56265
0.828159
8.58983
1.21964
-2.46111
-0.645234
-0.585005
-6.73702
-0.164641
-2.01544
-2.25103
3.47763
-2.50967
-1.0418
-0.759096
-0.0020311
-0.602832
-9.98595
-0.063595
-5.82048
-0.307404
0.320883
-1.06188
-0.467636
1.14677
-0.996991
-19.5805
-1106.67
1.4811
0.537748
-0.648515
-0.770449
0.490787
-0.000320445
1.02762
0.152084
0.414259
-0.172417
1.25319
0.397853
0.266564
-1.59408
-0.339786
17.559
1.32049
0.969814
-2.47192
-0.018935
-17.3724
-0.912645
-0.927851
0.821521
1.95107
0.22418
-5.15078
-2.48771
0.61637
-1.22335
1.60208
0.0121085
-0.98184
-17.9649
0.153596
1.09634
-0.432377
-0.214149
1.07219
0.308438
1.2072
-0.0127047
0.21967
-1163.55
1.14128
1.3571
1.28956
3.05427
4.70133
0.0572276
-0.682608
0.391423
11.0654
-0.854058
-0.82408
-0.578087
-0.222372
1.21968
0.631954
-0.21186
3.11891
-0.782563
-2.00522
-0.590176
0.708371
-0.639251
0.638016
1.09056
-1.62141
0.776734
-1.47457
0.221406
0.619238
-0.280885
1.17887
-0.944795
-0.29929
0.0901698
0.836683
-0.300642
1.55899
1.59376
-0.415377
43.7651
-2.3666
0.0357435
0.291084
-0.0753706
0.675467
158.763
-0.468282
-0.630211
-2.37313
-1.54271
0.221318
-14.9277
1.17202
-0.613114
-11.4457
0.0321049
-1.77443
3.16263
4.94732
0.799109
0.166283
0.643868
-1.21384
-0.0746482
-1.07745
1.51738
1.89376
0.641369
1.62724
2.6946
-1.03293
-5.15489
-6.87207
3.58135
-0.627349
0.808539
0.114792
1.57416
-2.32696
-1.66887
-1.64553
-0.0395518
-0.198234
3.14931
-0.353318
27.1944
1.04976
-0.804626
1.451
-0.0572461
0.031278
-0.881298
-4.64599
-2.783
-0.84779
0.355887
0.303886
-2.84164
-0.893992
-0.446568
3.65646
-1.02543
0.696567
13.0497
0.713631
-0.404541
0.597094
0.578406
-0.39236
13.6129
-2.28525
2.41338
-1.02423
1.71024
0.7619
0.503478
-0.0648918
0.335246
1.26978
-0.61385
-3.13818
5.99106
4.1436
-0.191908
29.5703
-0.650087
-4.78678
0.466863
1.18838
-0.444965
2.32054
-1.0454
2.08023
-1.80689
4.66602
0.554663
-5.72289
-2.13509
-3.63935
-3.03008
0.441268
-0.678846
-0.115731
3.1971
-0.587392
-0.251194
0.324969
2.07889
-1.32419
-12.0409
-2.06461
0.251462
-3.38466
3.74018
-0.43069
-2.01396
-0.517631
0.785064
3.32856
0.822133
1.23447
0.407325
-0.833678
-1.24943
-0.114012
0.0107286
-12.9262
0.342905
0.298104
0.376789
5.63637
0.449622
0.225827
-1.44796
1.29994
0.117296
-0.717412
1.96671
-0.974195
-0.347616
16.9687
-1.55803
3.99076
-0.4696
-0.612109
-0.847643
0.270401
0.647191
2.84106
-0.0132694
0.0771584
-0.555829
-0.228039
1.13564
1.10705
0.250888
-1.61633
-0.719857
-4.72563
-0.780994
0.163018
-0.974744
0.0791162
-0.0455144
-0.918292
-2.23197
-1.67238
-1.33168
-5.45164
0.635537
-0.327581
0.252556
-0.144094
1.08928
0.562921
-3.28766
5.73757
-2.88979
0.222901
-0.154017
-2.23265
0.44762
0.127071
6.28997
-0.935267
29.506
-3.1361
-0.0812266
-2.4515
0.491599
1.76857
0.0339726
-6.17277
1.1811
0.547881
1.19075
-1.30288
0.697724
0.763949
21.6942
-0.169849
-0.301551
2.02348
-5.40028
-0.483392
4.02452
-0.468852
-0.248091
1.19842
-0.49985
2.68579
0.755754
2.49838
-0.00327667
-0.626568
-0.101745
16.4967
-4.12123
-0.336977
0.488517
0.50446
1.79443
-0.026912
0.119825
-0.572901
3.37031
0.9152
0.303849
-0.249997
-0.813383
-1.8358
-0.419384
0.463352
-1.79401
0.15087
0.644201
-21.3859
0.948536
-0.0218286
-2.24968
-0.919602
-1.34234
-1.92845
-0.748687
0.640861
-2.76093
-0.560142
-3.61491
-2.34176
-5.1334
0.33029
-1.13462
2.14999
-4.1643
0.750207
-0.688891
-0.47125
0.721296
0.968109
57.6197
20.6154
0.619367
-0.733933
1.11803
0.335897
0.336279
40.9081
0.507575
-1.14051
-0.616545
0.421681
0.475062
-0.81682
-4.03713
-2.53616
-1.39423
-5.95682
-1.65846
1.74463
-0.229117
-13.657
-0.49489
-4.74388
7.35743
-0.922128
1.06238
0.0787006
-0.433201
7.10504
0.0812859
-0.217581
0.00688988
1.08621
7.4884
-1.21952
0.481206
3.87229
0.24089
1.05692
0.842126
-6.52969
0.844053
-0.119969
14.2899
-0.980747
10.131
1.70935
-30.9956
0.490877
0.866975
-0.563881
0.426033
1.29963
-0.804321
1.19285
-1.62247
3.71752
0.356799
2.24378
1.03453
-1.12524
-0.208288
-1.63984
2.30222
-0.826335
0.86558
0.153454
-0.879657
-0.603094
-9.28732
-0.747365
-0.95898
-2.08862
1.49825
0.0374731
2.41025
21.6489
-5.42826
-0.725239
-7.63313
3.7692
0.72507
1.18108
-0.82409
0.324394
1.55257
-0.373643
-1.39437
-13.5924
-0.46388
-0.276601
-0.684257
2.29813
-0.238059
-1.61055
0.118671
-1.00646
-2.52798
-1.04416
1.15977
0.0711476
-3.00302
1.72659
1.07239
0.387683
-3.76474
-2.98017
0.790215
2.55769
-1.60747
-0.0145925
-3.75615
-5.3488
-0.682168
0.028556
-2.74632
0.833678
101.104
-2.24683
0.733661
0.487799
-6.14482
1.36431
-2.77604
-2.74858
-2.14273
-1.63629
-2.63887
-1.62976
-0.361764
-2.60516
-1.25948
-1.17208
0.0979453
-1.3245
0.889245
0.0639434
0.898753
-1.13423
-0.97878
-1.0316
-0.16963
2.71918
-2.39931
2.37372
-21.5567
0.641712
-0.504135
58.7925
0.555509
1.15463
-1.6459
-0.228267
-0.655172
0.306587
-6.25919
0.311495
-1.18517
2.67472
0.153148
1.13701
-1.37698
0.899143
-2.41193
-0.757336
1.7483
-1.12412
1.59233
0.599933
-1.07711
0.752074
2.43958
0.230758
15.413
-0.808169
-9.90455
1.26623
0.342762
-1.65225
-1.25019
-0.391009
-0.582265
2.61515
0.446011
-0.432596
0.259206
1.00495
1.81533
0.627263
-0.679091
24.0251
0.118663
2.19577
-1.93826
-0.963526
-7.70322
2.38553
-0.798401
1.41585
-0.583123
-0.048579
2.49993
-1.03936
-4.4237
-180.367
-50.8167
1.03481
0.528598
390.796
1.34056
0.370668
-0.0998491
-1.76791
-0.498086
2.4274
0.164217
0.163926
5.79508
-0.164887
-0.417512
-0.635182
-0.367378
1.35742
1.28811
-0.660132
0.113516
-1.07536
0.70601
-11.6777
6.54306
-1.13854
-5.20568
-0.65723
6.3846
1.7711
2.3868
-0.697878
2.8564
-2.77363
-0.184331
32.0085
1.79443
0.503475
0.603591
-1.14727
-0.0513049
-0.933348
0.396082
1.13572
0.547852
1.99043
-2.95448
0.0392762
3.79104
-0.127756
-0.0226955
-1.25951
1.01426
-2.15503
-0.795479
1.57699
1.90074
1.2957
-1.05099
2.09215
-2.70912
-50.0901
-6.75073
58.7909
-2.78766
-3.08322
0.793585
0.0318836
-1.28969
-2.1717
-1.70677
1.32265
0.654637
0.311896
16.8012
-0.796731
0.250953
-0.507717
-20.4705
-0.597311
1.53835
-0.424183
-0.000544607
8.64942
8.06293
-7.72477
-1.09688
-4.32218
-16.1895
-1.30501
-2.34094
-0.0899147
-0.496066
0.177686
0.443873
-21.2332
5.77865
3.37413
0.945291
0.717599
-2.76677
-1.37769
0.615272
0.377369
1.16654
1.30895
0.798381
-0.534998
-6.4474
0.659118
1.84099
1.446
0.587245
-1.5612
0.615004
-0.0842818
2.7825
-1.25391
-0.172791
0.0466628
-1.26318
-0.205084
1.98324
-0.180887
1.29087
-0.68565
-0.485004
-1.63114
-0.217928
-3.6755
-3.32313
1.92068
2.37312
5.99141
3.98611
-1.64522
-0.39037
6.12977
0.0446334
2.3714
-8.54615
-10.9648
2.64705
-1.88284
-1.32217
0.522521
-0.562407
0.89861
10.4003
1.20673
-20.6085
1.46366
0.0428152
71.1091
1.13725
1.20249
-1.20722
2.13988
-1.50831
-2.33588
-1.51437
-0.895363
-2.21429
-2.764
0.714276
-2.39785
0.270024
-6.86181
15.0051
0.882767
-0.283736
1.0277
-1.03057
2.08034
1.41588
-2.27831
0.930431
1.37597
-0.227479
-6.3256
6.31217
7.51535
59.175
3.81991
-1.86622
2.09761
1.47516
-1.76144
0.104929
0.587001
-0.241172
0.173201
1.12658
0.138809
-6.80961
-2.83644
-6.22437
-0.81918
-0.78408
0.648608
-0.0304017
-0.195788
-0.70759
0.277481
4.24746
0.165752
4.01824
-6.8404
-1.86487
-0.313657
10.8138
-0.220995
3.16456
0.361158
12.8469
-0.441619
0.462558
0.982133
-1.72285
0.385286
2.08208
-0.292681
2.3337
0.537402
-2.3613
0.633434
7.43237
9.50862
-0.377368
-1.53882
0.129569
4.89749
-4.14734
-7.54575
-0.273471
4.47369
1.96607
0.181614
6.12789
-0.323273
-0.951997
-1.03878
-2.29714
-0.618604
4.31132
0.461368
-3.58896
0.067289
128.245
2.9972
-3.49477
1.15341
-3.16702
0.660637
-0.411023
-0.172694
-0.318057
-0.278744
-1.3419
1.02538
-0.262843
-0.0956078
0.583592
1.58521
-0.376183
2.39402
-1.04968
-2.09196
-1.6076
-0.538436
1.28716
-0.0376888
-0.650747
42.9094
2.07374
-0.506251
-0.588691
-10.3253
0.904547
0.0483195
0.678982
0.498556
-2.07572
0.343308
0.496636
2.70339
-0.925938
-0.0912507
2.25879
-0.0503247
1.1791
0.182294
7.90147
-1.00097
-0.478887
2.04883
-0.757723
-0.255148
-0.836854
-0.0573873
-0.530676
-4.11303
0.0541952
-9.24478
2.21832
-9.33375
0.119259
0.490897
-1.69655
-0.366037
-0.259671
-1.72343
-0.325097
1.24784
0.68349
-1.12008
-0.11639
-0.906298
-0.21718
0.371934
5.42234
-0.924874
-0.496092
2.66697
1.78477
-3.891
-1.31464
0.138216
0.477466
-1.09128
0.694591
-2.68616
-0.829123
-2.19127
1.41875
-1.95593
-0.596763
-1.37433
-1.12988
-4.15206
0.895202
-0.813832
-35.2589
0.851763
2.18603
-12.893
0.825129
-98.5387
-0.012943
0.448631
-0.858094
0.959783
2.42794
0.0166279
1.42375
0.126723
-4.69417
-4.03124
1.74731
-1.04275
-2.6988
2.6141
-5.29415
-1.31469
-1.02828
0.532213
-3.05932
1.04962
2.81489
0.0753029
0.47665
-0.180794
-0.625306
-17.2617
-0.0555285
0.253811
-0.125929
5.48872
-1.64265
-0.967875
3.32069
2.3735
-0.136657
1.07649
0.845055
-0.403443
1.77015
1.76519
-1.45377
-1.35511
-2.73705
0.197494
1.72762
0.0514563
0.302594
2.93836
0.145409
-0.137576
-1.038
-0.12599
2.04739
3.84752
0.175355
0.222723
-3.28925
-4.70869
13.5404
-8.17728
8.21498
-0.705879
-1.06881
-0.00709447
-0.37863
-0.848609
-0.284019
-1.68825
0.0084546
2.02821
1.52831
6.70201
0.407878
-1.14684
6.5433
-1.48818
0.488106
0.80277
1.05917
0.552804
-0.0715815
-0.406227
-29.6764
0.953133
1.69799
-5.58764
7.2739
-2.23222
-4.75406
1.8937
0.821787
-1.96187
0.852502
1.04229
-0.502489
-23.6656
1.83431
2.32072
-0.414786
-4.51787
1.72101
-1.03797
-0.72326
-0.0722417
3.98312
-0.0524652
-1.60696
-0.139601
0.794787
1.66597
0.0361145
4.46146
0.0135845
-1.32988
-1.59947
-2.14217
-6.89626
0.107063
-0.214002
-1.17965
3.59252
8.58234
6.20088
0.993659
0.733687
2.91235
-3.93321
14.0837
-0.0625387
1.87567
0.431224
0.440698
1.46195
-1.19948
-1.26591
0.0709898
0.289337
-0.15396
0.250104
-1.69325
-2.01493
2.76422
14.4338
0.420588
-0.696353
-0.244295
0.538938
-0.56905
-0.263813
0.721914
2.31619
1.86928
0.268979
0.226422
2.46715
-0.0862617
-3.22934
0.784634
0.0621571
0.631011
-0.68251
-0.0222785
0.982388
0.0202009
2.94022
2.18801
2.45634
2.81327
-2.16845
0.93888
0.387286
-1.43332
4.90704
-2.40949
2.93583
-0.759308
0.732921
0.893126
0.141252
0.861711
0.798724
0.241277
-1.05309
-15.7197
2.69357
0.529049
3.63268
0.905666
0.321654
-2.15424
3.91644
0.414324
0.444002
0.573247
-0.154789
-2.20868
0.808781
7.73264
-5.06009
8.48926
-0.876538
-0.000214644
-0.584372
-0.12231
8.20377
-0.806743
13.3313
-3.13943
0.16889
0.107401
-1.24532
4.65945
0.716159
-0.102295
-5.06118
8.76075
-0.566291
0.275845
1.26675
-0.0297902
1.63378
-0.232909
-0.716353
-0.411113
4.38648
-0.794022
-0.347666
0.150008
0.241591
-0.448407
-3.65529
-0.576106
-0.886179
-0.0184049
-0.35541
0.576525
-0.245722
124.811
0.577495
-0.994235
-3.07923
5.78371
-1.56859
-1.05623
-0.065436
-0.339892
0.30306
-0.549997
27.9862
0.561288
4.23022
-0.566363
0.740226
0.514774
-32.9195
-0.628621
-1.04788
-0.233748
1.5937
-0.776418
-0.551969
-2.48861
1.38843
0.60173
0.751266
-2.41578
-0.318742
-2.54133
-0.271922
1.18829
-37.8433
0.34147
0.241813
-4.89351
-1.5209
0.931031
0.822574
-0.436874
0.339383
0.503647
-1.81107
0.84751
-4.43345
-1.40715
1.43009
-0.18273
1.11228
-3.74665
-0.46687
5.10436
-567.787
0.0607436
-25.2383
1.85571
0.374051
0.243453
0.0977047
-0.724979
1.20139
-4.73074
-0.324233
4.31675
-0.780649
3.22492
0.399388
1.15125
-11.9272
1.54372
1.37784
-0.927419
4.19719
-0.477114
-0.644338
0.0327287
0.307093
1.39426
-2.30067
-0.771788
-0.628384
-0.687838
8.0994
0.52419
0.474468
0.0814877
0.201754
0.012807
2.44063
7.83055
1.03071
-7.40047
-0.270611
4.21293
2.63261
-0.132
-8.28965
0.21841
-1.17207
1.30563
-26.7502
-1.92247
-0.434637
0.284022
-0.00749451
0.738443
9.88583
-3.31978
0.608916
1.51524
-1.49286
2.39542
-0.742991
4.89782
-0.0360201
4.50395
-0.610317
1.14351
0.484817
-2.53824
-0.380328
4.01131
3.96354
1.94088
1.01699
-0.356642
-0.636831
4.56256
0.00080359
0.322331
1.33391
0.646059
0.471123
0.769011
4.89239
-1.48702
-2.12274
-0.473873
-0.12207
0.700808
-0.462171
-9.50508
0.295484
0.522676
-0.257851
0.103801
-0.640733
5.68118
-0.352204
1.05106
2.86518
0.813808
1.09666
-5.27045
-1.93486
0.902399
-4.19549
0.441415
-2.20266
-1.35556
-0.34526
-0.674377
-1.25191
-1.77948
-0.525299
0.19901
-2.62377
0.690558
-0.63646
-0.591833
0.301144
0.403662
0.330473
-2.04911
-0.494523
1.65988
1.02964
1.01221
-0.67028
0.680085
-1.09001
5.26818
0.752749
8.4458
-0.0115539
-0.00276109
3.27597
0.913622
0.743747
-0.0112877
0.142389
18.337
-0.706508
0.600146
-1.9127
-0.302031
-3.47265
1.0111
-0.259819
6.43193
-12.0298
-1.96546
-2.92104
-1.00866
-0.32966
0.527491
2.51247
1.19578
-0.229159
-5.64676
188.576
0.509788
0.583325
-0.694911
-0.107425
-0.490834
0.30498
1.46223
-0.307994
-0.321021
-0.294867
4.43085
1.40437
-0.557446
0.957296
-1.77342
-1.00917
-1.48334
-1.58354
0.706628
1.491
1.52972
3.45605
18.5743
0.754639
-0.562113
-0.65098
0.700703
0.426515
0.594011
-0.293373
0.629766
-21.7189
0.511443
-0.686302
-0.179771
0.710791
-0.00502876
0.629801
-0.946873
-1.18637
-2.26963
7.58844
0.508207
-0.00902865
-2.30736
-1.00657
-0.410544
0.287732
-0.427511
-2.03932
24.6284
0.834642
-0.0878653
0.968501
-0.885627
-2.32131
-0.549031
1.46291
-12.2156
0.816952
2.14994
-0.492452
-2.07177
0.524514
3.40742
1.95685
1.36631
-0.504264
-2.67985
-1.70747
-0.198497
-1.15207
1.61445
-0.140183
3.44197
-1.0598
-0.242385
0.106881
-4.63385
0.566324
-1.62597
-0.907528
-0.906012
0.897964
1.05496
0.785117
-67.4827
-0.248747
-18.2888
0.0198737
2.29085
-1.52812
1.10765
0.487114
-0.883725
-0.0971643
3.22237
2.43782
0.258563
-0.318859
0.202662
4138.83
-1.2108
0.367717
-0.62945
1.21412
1.02048
-0.108337
-1.4105
-1.43073
0.57323
0.968937
-0.997394
3.57624
1.4933
-0.140837
0.251952
1.73095
-0.428354
2.42333
-1.47526
-1.01486
0.956413
-0.379055
-0.155027
849.781
0.0512351
-2.06281
-0.88405
-0.66926
0.145219
-1.10955
-3.35726
1.04081
-0.958663
-1.71732
-1.35821
-2.86141
-0.501816
-0.348752
-1.78752
0.210485
-1.13836
0.227896
-2.27842
2.13431
-0.257845
-1.87567
7.06075
-10.0731
-24.0993
0.853072
-10.5697
-1.08547
-0.307863
-0.98375
1.90963
1.43685
1.72029
-1.7477
2.20436
-0.811043
-0.846019
12.508
0.821382
1.23341
-0.174369
0.428687
6.77942
23.6244
0.466748
-2.19956
-131.146
0.444509
-0.779474
5.85185
-0.555778
-0.0171136
-2.01528
1.52301
14.9524
-0.0153832
-1.62137
-5.81094
0.211097
4.10272
-0.529255
-0.388001
0.0580293
0.925909
70.4406
0.513221
-2.22237
0.982298
0.0137963
0.0796464
2.31688
0.0117947
0.61193
0.0697587
-10.0608
0.45347
-0.0296596
0.124718
3.80441
-18.6837
-0.781026
0.421904
-0.52638
0.893821
-0.561023
-0.658204
1.00945
1.36364
0.650228
-1.2392
-0.602092
10.0989
-4.56232
9.45126
2.53522
1.50681
-0.91514
1.1983
0.220788
-18.0869
1.44576
1.08175
-0.164334
-12.8074
0.76725
1.2745
-472.266
3.66478
-6.45106
1.25416
-1.34419
-1.39127
0.161391
0.14345
0.489853
0.0078802
1.59056
3.63503
0.979252
-4.7088
-1.83064
-5.26407
-0.834013
0.232477
-0.0256471
-2.75102
-0.765207
0.00359209
-0.235699
0.195893
0.000593492
1.02548
-1.41512
-2.6964
-2.81584
0.696601
5.5915
0.0958439
1.53211
-7.22038
2.96822
-1.47129
-0.10135
0.507091
0.0522355
-4.7417
0.0370482
0.434827
1.05505
3.4436
-1.86303
-1.8165
-0.502793
0.494273
-0.28615
0.658122
3.42212
0.926443
-1.26294
-0.161798
-0.66594
0.765029
1.93383
1.73897
0.903306
2.97188
-13.3863
3.45903
-2.07565
-2.07838
0.182201
0.419917
-1.17897
-4.48905
-0.694194
-1.21963
-1.34164
0.686311
26.5602
0.360124
-0.0933656
0.0941447
-0.466525
-0.580557
4.07956
0.760998
-2.36322
-0.0335146
-5.03239
-0.126725
0.0438671
0.171566
-0.233904
0.697909
-7.66589
0.267055
3.00626
0.824307
0.0220381
19.954
13.2437
-2.99921
0.525522
1.23142
-2.05359
-0.535817
-0.873239
-2.28612
-0.368185
1.43923
1.15245
0.169717
1.50859
0.182103
0.305568
7.18757
-0.40928
-0.839136
-0.23515
1.252
-0.625202
-0.108042
2.53792
-0.334772
1.32894
-0.0695536
1.05634
1.24196
-3.05751
-1.64604
-0.297534
-4.80201
0.879225
2.0112
-0.781457
-0.724165
-1.22366
-4.63719
7.69517
-2.06045
-0.0414833
0.110148
-3.3004
-0.149864
1.0621
2.9596
-2.87698
0.978495
-0.725738
0.0981927
-1.82739
1.64385
2.29695
0.322445
1.36103
-0.00728749
1.07551
2.05026
0.557916
-0.594472
0.344283
-18.9068
0.785144
-5.50731
-0.868966
2.82044
-1.52992
1.13063
-0.413518
-0.879688
3.70494
8.05277
-1.09108
-0.365538
0.659422
-1.13824
-2.7063
-0.220308
-1.05657
0.525329
-3.13914
2.06109
-1.35989
0.840457
2.84707
2.50527
-0.797353
-4.00824
-0.0118923
-0.268869
-3.80764
0.809601
0.535274
-0.170731
-0.363051
-0.699834
0.223489
-62.2042
-1.14036
1.85203
-0.122516
1.02779
-0.334602
1.49505
3.89221
-0.0924742
-0.00662864
-1.2858
0.105698
-0.103906
6.90415
-3.36957
1.93217
-2.57248
0.70853
-0.482917
2.21783
-3.57508
1.17472
2.76936
-1.57809
-0.561997
0.464904
3.78016
-3.02636
1.56708
1.28704
0.24658
0.377487
0.0736085
-7.8291
-5.40832
-0.823009
0.344515
-1.78372
-0.559035
-9.05949
-4.29624
-0.647624
-39.7462
0.980679
-0.283682
-1.44136
0.373061
0.165945
0.797806
-0.716755
0.656537
-0.0659407
1.44014
-0.155614
1.04045
1.22931
0.659969
0.59755
1.19405
0.114356
0.270413
-1.71121
2.45233
2.84933
1.45618
9.08974
0.461649
-0.821687
-0.410321
0.275453
0.767337
-38.1297
-5.83992
0.234855
0.273562
-0.89899
-1.00675
34.6208
-1.18562
0.115054
0.16899
-0.221868
-0.0217793
-1.24642
0.548607
-0.0205527
-0.560562
-0.135284
-1.61257
1.70711
1.82375
-0.732073
3.2691
8.37153
-7.28985
-4.66975
-0.0213074
0.337841
0.94874
1.23285
1.26709
1.26291
0.412312
-11.9056
2.33185
-0.558205
1.44377
-0.319655
0.189765
-5.88787
-3.17483
-0.333924
1.12698
-0.468409
-0.237885
-0.966008
0.561222
-2.60329
-0.236636
-2.59568
-3.3742
-1.71264
0.0123061
0.175341
-2.28243
-0.502255
-1.57493
23.2353
-1.00198
-1.52005
2.8175
0.650207
3.63601
3.15698
-0.0601183
2.80142
18.6138
0.48977
-1.18823
-0.441422
1.7345
0.358448
-0.388595
-1.235
0.645121
0.505254
-0.251708
-1.67807
0.785215
-0.446875
-0.732491
-0.162554
1.28963
-3.35777
-0.635715
-0.98233
-0.017222
-4.75514
0.782677
0.297635
-0.56834
-1.00548
-0.391637
0.766952
0.422692
-1.03064
0.402692
0.758581
0.0491884
-0.6338
0.478291
-28.2455
1.4087
-2.39623
0.343155
0.74394
0.786164
-2.04283
0.127087
0.689156
-5.99532
-4.14687
1.85553
0.514809
-0.437294
23.678
1.65957
-1.13263
-2.92987
-0.940408
-2.23489
-0.650833
-0.860832
0.217542
-0.699221
0.374944
-0.525047
1.26622
-0.31166
1.5766
-0.264765
-2.799
-3.15215
-0.853328
0.505595
3.34434
-7.74446
-2.29889
0.477242
-1.33372
-0.619152
-0.599615
2.54947
-0.764757
-0.607314
-1.13643
-0.631786
-0.810101
1.00486
1.59015
-1.7299
5.61549
-1.07455
0.0596109
-6.60361
0.178046
1.51032
-2.34312
0.423912
-1.40047
-10.7301
-0.395525
36.1106
-3.00569
3.6084
0.666209
7.94147
-0.588011
3.25647
2.90722e-05
1.09537
-0.387021
0.800574
0.27884
6.79883
2.39867
-2.10801
0.0742082
2.70312
-0.349743
0.161983
-0.000443247
3.23465
1.96522
4.07447
13.8084
0.636343
-1.73645
2.24433
-0.264051
-0.101842
2.10529
0.465203
0.967905
-1.62898
-5.39829
0.743571
-0.771758
-0.655328
-1.21205
1.19672
-0.984979
1.057
-0.613732
2.80416
0.7932
-3.01386
0.745442
1.13949
23.4046
-6.01381
90.316
-0.0520333
-4.65088
0.833283
19.2427
-0.691916
-2.66783
9.19354
-6.83904
0.209501
-1.33266
-0.372336
-5.28575
2.32477
2.59873
2.24067
2.11861
0.265105
0.468171
-3.32016
1.27966
1.23608
1.44299
-2.63459
-0.725232
-1.93136
-0.74043
-0.304898
2.18152
0.683304
3.22478
12.2569
0.578236
2.01887
-1.21351
1.27885
-0.468274
1.6048
295.746
1.68428
-0.727659
-0.0352697
1.13386
-0.838414
-11.4774
5.57457
-0.310622
0.327938
1.24976
-0.0901793
0.286096
-33.2687
1.25129
-23.8362
-0.261912
-1.36827
1.34955
5.89884
-1.0326
0.77691
-0.358775
4.38911
-3.7467
0.145661
1.74549
-0.147932
1.82768
-7.85881
-0.332574
1.18563
4.75738
0.0312875
1.82641
0.303341
-0.336088
0.672504
-0.837407
1.57314
-1.34229
0.0352048
-1.07013
-0.153938
0.0933878
-3.19454
-4.90564
0.345269
-1.85738
0.0584119
3.77364
-0.0778663
-0.442568
0.0122702
0.758118
-12.0686
-0.891878
0.852033
-3.09962
-0.429191
6.39174
-0.479998
0.638592
-0.360734
4.77332
1.71921
-3.07139
-0.0425174
0.878185
-0.800896
0.583861
-1.27754
-1.58657
3.90429
-0.147682
-3.44783
-1.04274
0.194802
-1.54628
-0.448914
1.00262
-0.0459609
-0.0489093
0.720147
4.99739
0.691562
7.38847
0.414232
1.88549
-3.31471
-0.863104
0.0924651
8.04673
-1.1963
1.85209
0.106967
1.01462
18.9404
0.758497
-0.579377
1.02281
0.27866
2.13101
2.09417
-0.120895
-2.30102
-0.366526
0.374075
-21.36
-2.57816
0.302456
0.225368
0.122273
0.784289
-2.71462
0.355739
2.95835
-0.33447
9.18505
-7.18392
-2.78163
0.926995
0.5074
-1.55285
-0.122805
-0.00720599
0.665574
-0.887549
0.557408
0.382876
0.18841
2.6257
-2.95895
0.27104
-0.277359
1.9178
0.681764
2.3435
-3.76055
0.640758
5.52832
0.141215
-0.0649523
0.0101558
-3.41564
-0.779208
1.13071
-1.67369
1.23319
-1.31134
-4.07116
-1.02029
2.44562
0.204659
32.2022
0.685302
0.787526
0.792172
0.423625
-0.260037
0.4919
2.19204
-0.689558
-2.18438
-0.116166
0.446075
-1.03991
-15.9882
-0.813378
0.166391
2.28945
-1.32647
9.3178
-1.17596
1.12285
0.609206
0.355427
-1.43427
4.10662
3.00631
-5.53954
0.955835
0.131425
-0.875984
-1.20421
0.154274
-1.12639
0.335086
21.8411
10.1733
1.26643
-0.572156
-0.108046
3.72128
-14.0973
3.59507
5.92202
-2.50246
2.07782
1.56916
-0.485351
-0.154889
0.567042
-1.22423
-0.296671
3.56317
-0.699973
1.27238
4.90833
-0.0636587
-1.92605
-0.583555
1.21079
-0.462725
-14.71
-1.55787
1.29766
0.988432
-0.408086
0.420897
0.301133
-29.3488
1.28409
0.979129
0.282376
0.125769
0.328363
-0.245571
-0.172321
0.54786
-0.517858
-6.29348
0.0137409
-0.244602
0.642626
4.32698
-0.798093
-88.8766
4.09469
-2.29344
-20.5899
2.52049
-2.00993
0.203529
2.28191
-3.97619
3.32897
-1.68243
-3.60351
-0.466623
1.17782
-2.46326
2.63982
2.65191
-1.37765
-14.7305
0.282791
-0.999686
0.690673
-3.35451
-3.02513
-1.41961
3.90055
-3.88971
-15.9489
45.9826
-13.0879
0.729479
0.671608
-2.54141
0.867363
0.686467
-0.801888
0.112367
-1.08373
-2.73005
1.32032
-0.696921
-0.822353
-0.788133
0.602981
0.969411
1.09525
-2.8314
-1.09148
0.761841
2.17688
8.36836
-0.0398929
0.426698
-0.461996
-44.0867
-0.50345
-0.886863
-0.183985
-0.370562
-1.92299
-2.77371
-0.816963
1.17017
1.78539
-0.0169052
-0.377359
-1.35002
0.220726
-0.659122
13.5945
-0.93093
5.78024
0.549788
1.41512
0.205918
-1.54765
-0.0813694
-0.542456
0.755252
-3.01487
-5.95227
0.23666
-2.21856
0.376927
3.08513
4.1669
-0.734997
0.342825
0.154212
0.4641
-10.5561
1.31792
-3.00289
2.21775
-6.86968
-0.28936
-0.976628
-1.26597
3.90536
0.830215
-21.2872
0.21627
2.00179
66.3375
-0.198373
0.807329
0.923585
0.717413
-5.71913
1.18355
-0.770496
-0.111494
-0.139642
6.81596
0.858004
0.766354
7.14415
-0.635972
-1.37385
-0.566114
-0.00888195
0.0135629
-1.50323
-2.137
2.45124
3.20309
0.546868
-3.96466
-3.60038
-78.4724
0.563235
0.515492
0.377735
0.503309
0.448986
1.44851
1.43876
1.18874
-0.0302372
-0.0170084
-1.98342
-3.04021
0.00893883
-1.31596
-0.477603
0.417237
-2.75598
-0.684307
-3.74264
2.80534
0.334634
0.835597
0.678693
-0.749557
-1.04209
-0.557104
-0.331654
-0.376601
0.979906
-1.23687
-0.874075
4.88406
57.601
-0.217322
-0.198388
0.0240103
-3.61431
0.516801
2.65509
4.67123
4.62214
4.38036
0.946334
-1.4871
0.514905
-3.50748
0.434647
-3.53454
1.05371
1.72707
-2.31654
-0.535332
0.0945314
0.642266
-0.133793
1.46717
-1.69728
-2.17012
2.81743
-0.130285
-3.84666
-0.84029
-2.42959
-3.18477
0.0845126
-3.90868
19.4953
0.438108
0.870055
-0.483634
-0.529589
-1.26643
-3.41223
-0.74228
-0.0367
0.784345
-7.68753
-0.453635
1940.81
1.53627
0.791317
11.6141
0.294874
2.30065
-0.190625
-0.427693
0.476567
-1.01746
-2.0648
-1.85067
-0.858449
33.3335
2.06017
-7.04903
-27.7169
3.25196
1.99682
0.983503
0.0027281
-6.88376
4.05998
-5.55789
-0.863896
