-0.871499
-10.3542
2.21232
4.55809
0.401551
-0.423119
0.696198
-1.72547
-1.53125
-0.339621
0.498434
-1.13384
-1.06489
-0.152662
-0.73169
-0.544811
0.015718
6.45786
0.446092
-8.47551
0.0634907
-0.258053
-1.88657
0.227977
9.54608
-1.5906
-1.38308
-1.68099
-0.649348
-7.5572
-0.98136
-10.7385
-1.31809
2.10412
-0.519991
3.08279
1.19626
0.265359
-0.517224
-0.387829
1.44635
4.22847
0.831423
-0.411005
-0.98965
-0.194072
21.2573
0.295033
0.179071
-5.5282
-0.338154
1.73071
9.70366
0.406445
0.396654
-0.545689
0.74038
0.196967
-0.315974
0.208431
-0.952046
0.0911096
-49.3465
-1.78347
0.435651
-0.409393
4.36797
4.28484
1.80797
2.33686
4.68179
-4.66201
1.3951
-3.01044
0.0490788
-0.574283
-0.771348
-6.83115
0.518159
0.581652
-3.69383
-1.99897
-1.51514
-0.435186
-0.829919
-0.0225246
2.48029
-0.375515
0.484752
-6.65533
-0.324529
0.643744
-0.742103
2.42702
-2.84483
-0.375145
-0.101918
-24.9481
-10.0391
-0.366304
0.821353
-2.9637
-1.44627
-0.446466
-0.887627
0.604929
-2.93196
-2.2453
1.88137
-0.610742
0.254626
-0.938408
-8.69537
1.5259
8.07845
2.34384
-1.12951
-2.88273
-0.193199
-0.944067
1.48223
0.759213
0.795035
0.972933
-2.52252
42.3326
-13.1368
-0.404912
-0.335086
-0.659354
-0.396105
-1.21896
-7.70658
0.36704
-25.1337
-262.262
0.565112
-0.370223
3.22071
1.53762
1.06282
-0.58169
-0.510826
0.154313
1.91625
8.42453
-0.163903
-0.0715644
0.627373
-0.657327
-2.16449
-0.0708846
1.67915
-0.333934
1.11138
0.293351
-0.011553
0.175229
0.00409062
-0.259824
1.04203
-0.0331186
-0.897587
-0.624189
-0.0391936
-1.49282
-13.2542
-1.25547
0.15033
0.557975
-0.203893
1.16585
-3.10456
8.5932
-0.51136
-8.02169
1.92497
0.118693
0.764225
4.4984
0.923661
-0.45071
1.8036
0.653351
1.48234
0.00666348
0.201336
-1.8635
0.257265
-0.528533
1.29911
-0.604444
0.80606
-3.64536
0.572966
-0.711008
-6.86893
-3.86765
0.5731
3.27995
2.14133
-2.11364
-1.63031
-1.94638
-2.04122
0.157429
15.1624
-0.530646
-0.142696
3.26137
-9.89016
-3.13858
-0.50199
-11.9771
-2.81713
0.0357602
-0.873841
-6.43442
6.94961
0.164484
2.22891
1.93767
-3.29018
1.70849
0.857063
1.36762
-1.69106
0.0518922
-1.86574
-82.9889
0.775939
10.2914
0.838227
-2.34487
-0.0503205
-0.639559
0.160314
-1.27563
0.233751
3.41275
-2.30688
1.92063
-1.5277
-0.692008
-0.904186
-1.15955
1.87263
-2.20629
-5.33033
-1.23938
-0.0288651
0.675504
1.2724
-2.74692
-1.29613
-0.32359
-1.08172
-0.252228
1.1846
-0.190809
1.04136
-1.94987
-1.01017
1.55208
0.983426
3.55388
0.440245
-0.245385
0.476343
9.50643
-9.43581
0.64256
-2.71713
-1.40256
10.8429
0.00152362
-0.351058
-1.42387
2.19182
0.090858
-0.653133
-1.23027
2.11013
-0.0272304
11.3998
2.04318
-0.329298
0.0252216
0.73052
3.52129
0.000463605
-0.447233
-1.1868
-1.23839
-2.17216
-2.77212
2.95721
9.65705
3.12712
538.994
2.20225
0.320366
-1.66039
0.889238
4.1186
-2.81494
-1.99752
-1.26036
0.25879
-2.65909
-0.122151
-0.302386
-0.133705
0.231065
3.32147
0.58005
-2.26398
1.94457
-0.125907
-0.512018
1.68714
0.355325
1.60716
-0.276695
-1.24751
-0.235154
3.30739
0.58717
1.806
-8.66818
1.20349
0.536553
-0.380635
-0.806886
1.1057
1.46567
0.523665
7.04734
0.583413
-0.423326
1.2196
-0.824255
3.73594
2.27475
-1.58433
1.05778
-0.988866
-5.45444
0.389728
0.118313
-28.8152
1370.74
-2.03649
0.221793
20.0073
2.16171
-0.276392
0.249875
-2.36945
0.310333
1.9413
-2.89296
-1.10161
1.77491
1.70146
12.3326
-0.639362
2.07534
-54.0852
2.1808
-0.936615
3.51524
0.368492
1.11736
11.0679
0.912002
-0.0569163
-1.01241
-0.0719601
0.163624
0.360038
4.53156
20.8939
-16.0209
1.2984
-6.77137
-2.98597
1.37965
-1.79791
-3.76637
-1.05788
0.260135
-1.24937
-0.987505
-3.77883
0.464466
-1.44501
0.123667
0.130916
-0.133828
-2.27912
2.48693
-0.527208
-1.27797
-0.634135
0.339565
-0.92626
0.271478
0.857763
3.96695
3.59768
0.234285
8.30648
0.990779
-0.563692
0.0179842
0.401341
-3.27047
-2.1786
-2.94756
81.0911
-14.5677
1.9858
-0.292759
-1.53982
-0.405164
-0.214419
0.806529
2.12123
0.569712
0.111185
-1.10177
-1.15981
1.0924
-0.780461
-0.487864
-2.10286
-0.141001
0.817934
-0.0816078
0.745584
2.36234
-45.1609
-2.14199
0.699781
1.61107
8.14086
0.272179
0.203554
-0.684055
0.627971
0.864764
-3.47832
-1.30868
-0.081342
0.550932
-0.267501
1.66892
-1.15639
-1.02673
1.52247
0.035787
0.687096
-1.42604
3.26639
-0.212938
29.3404
-1.27841
-5.03417
1.50516
3.74003
-0.435723
0.950747
0.291268
-0.876119
-0.0472076
-2.2228
1.07657
1.57868
-0.487879
-0.972316
0.734297
0.272916
-0.658609
0.252012
-0.984903
0.99623
0.339193
16.239
2.86212
2.09413
8.69907
12.1131
-2.35425
-0.726216
-19.3588
-0.510327
-25.5337
1.3861
-0.603106
14.2777
0.703644
-0.319541
-0.945287
1.56346
0.0780278
1.65472
-0.913261
0.75122
2.19971
-0.812281
-0.850449
5.92952
0.746873
-0.171939
-2.14345
1.38649
0.491246
-2.63513
-0.760574
1.96899
-1.50488
2.50925
-0.866591
0.600156
0.414191
2.27014
-0.805707
-1.14811
0.124488
1.34903
0.520408
-1.02689
1.95138
8.06013
10.9141
0.790172
-8.48612
0.0925029
-0.652642
-0.465704
-0.725039
0.610035
38.6052
0.701456
-0.687874
2.69315
-0.500522
-0.247786
1.79038
5.47755
1.93129
5.845
3.6695
1.33942
-0.24918
-0.712557
-2.8952
-1.94759
0.577729
-0.359603
-0.761813
-0.462951
-4.03417
0.486667
-0.0981893
2.25249
0.635835
-1.69056
0.891017
0.620242
-180.404
0.621743
0.13972
-8.30988
0.384501
1.44986
-0.56668
0.764332
0.197465
-0.101459
-0.56574
-2.35538
5.24711
0.657751
-12.8536
5.79026
1.03455
-3.02592
-0.49286
2.92139
-7.42677
-0.57206
1.03214
-2.38692
1.29523
0.843463
-0.277818
-3.99918
-2.66341
-3.19509
-1.70181
-0.684504
-2.61323
0.253857
-4.71744
-2.85342
-0.150498
0.260094
1.88263
2.08641
0.858323
-1.01873
1.39074
-1.94085
-0.0998022
-4.97732
-1.12224
-0.116117
-11.2506
-3.9594
-0.822674
-0.784897
0.219974
-0.157852
-1.30427
-1.11459
-0.117782
0.180131
5.2194
-0.333538
-0.150876
1.16581
9.33251
-3.42641
-0.450421
0.879049
-0.802952
-0.0384155
-1.87466
-0.740316
0.564992
-1.02353
-0.446597
-1.54371
-1.82876
0.302337
-0.217615
-0.969397
5.0653
-0.58357
1.36574
-2.99955
-2.36187
-2.42665
0.712509
-10.6356
8.39552
5.33434
-1.0408
2.89269
4.89583
0.318393
3.92907
-3.07679
-0.857768
1.20091
-0.274575
0.180272
1.13999
-6.0597
-0.495972
0.0103573
-4.85344
-0.360287
-2.85023
0.109254
0.796552
-2.73507
122.064
0.947641
-11.7529
0.062477
2.69154
-2.34432
-0.227935
0.625217
-2.25586
-5.33834
-1.23729
0.213638
0.274695
0.760235
0.588875
0.0134347
-3.73387
1.92748
0.488428
-0.821373
0.0334726
4.85
0.814092
0.13922
0.714606
0.191582
0.202456
2.91679
0.0935537
-15.5541
-0.856085
2.52613
1.08626
7.57281
0.138305
-1.34219
3.17084
0.251841
0.890026
-0.785936
0.95206
1.18151
0.167998
1.05682
2.57051
-2.17169
-8.16168
-8.625
1.66131
6.94394
-0.868895
-0.762287
0.587592
0.0420625
0.555306
-0.343373
-0.429679
-0.108264
2.0679
1.17683
-0.522298
-0.552311
-0.801366
-0.0338919
-1.2355
-0.0997433
-0.957921
-4.02739
1.94276
2.28284
-4.27924
0.532937
-0.316892
-32.9997
-4.84711
-2.82764
4.55641
1.86278
-0.57309
-1.22693
-7.00436
1.69518
0.419007
0.0813689
-0.203496
0.678163
-0.112352
0.993348
-9.11974
6.38531
2.73561
0.361534
3.14065
0.293391
8.87623
-0.69594
-0.365493
0.54416
-2.94872
0.978331
1.27263
-3.73903
-1.24219
1.98346
1.3573
-0.813671
-2.66542
-3.1334
-1.2352
0.949618
0.0208712
-2.18198
-36.3296
0.682613
-0.123562
0.0689675
-1.22225
-1.07921
0.168738
0.740728
-1.18326
1.94984
-5.92309
0.0945474
20.5599
0.299946
-0.144471
-0.738422
0.735305
7.70968
0.0640615
-1.29408
0.27814
1.37828
0.471641
-10.197
-1.78307
0.714725
0.861677
-0.370335
-36.0355
-1.92322
5.51577
2.48917
-0.179105
3.54449
-1.28966
-6.30427
-1.53649
0.256699
-0.270007
1.01845
-1.54837
0.953374
0.0903061
-6.8949
9.86395
-3.1374
12.4537
-0.683359
-19.4042
0.274772
0.504149
-0.243059
0.840895
-4.9752
-0.742453
2.26447
9.5127
0.290829
0.373848
-0.234495
-0.784322
-0.557667
1.00719
-0.29239
-0.753654
-0.275884
1.09545
-3.36199
0.897417
0.765932
-0.479823
-0.143908
-1.89059
2.40683
0.954565
0.784299
-0.904798
3.46287
21.1238
1.49783
2.27666
1.43721
-0.211897
8.0398
-1.69199
0.00629877
-2.69452
0.675843
0.152109
7.50121
1.75667
-0.260505
-0.0383638
-0.18227
0.164812
-0.228739
-1.49139
-5.30839
0.442344
-0.281507
0.127214
1.02745
0.0363694
-0.759521
-2.79515
-0.533589
11.6167
0.403768
-2.73584
2.97083
-0.480569
-2.83496
3.24596
0.900952
0.317615
0.937124
-0.518395
0.334428
-0.926462
-0.588316
0.684493
0.55836
-3.61207
0.347547
-5.6878
1.69819
1.19771
-1.62936
0.292901
-3.81713
-0.0558282
0.809192
-1.73625
-1.29174
-2.74392
1.10487
3.73624
0.20979
-3.96708
0.980383
0.527392
3.05283
0.170755
30.1745
0.0482048
0.443651
0.00651784
2.07821
-2.06655
-2.41617
-1.51861
0.706311
-1.98218
-0.31248
0.403125
3.09219
1.78766
1.60221
-0.050612
-1.35848
0.555392
0.115349
-4.65614
-0.358144
-1.07129
1.29667
-18.0165
0.602482
10.5924
-31.3588
-0.442346
-3.05221
-0.397252
0.148423
1.50049
2.35042
0.533629
1.09326
2.67408
-0.0158163
-70.5199
0.583106
-0.412688
-10.9546
-2.74807
-0.0911169
1.53774
1.86295
-0.810612
1.67798
0.535295
-2.92481
1.37449
1.16523
0.113313
1.71581
-1.31741
7.14631
0.0178363
0.397854
-0.998006
-1.27285
0.295537
1.00268
1.90146
8.57317
-0.53289
-0.40333
2.34286
0.933417
-0.0171766
3.72706
-3.03853
-0.373679
3.7023
3.08269
0.391344
-0.917471
-0.512721
3.35025
-0.105671
2.6404
-7.33549
-1.23491
2.78106
4.91347
-2.48787
-0.457148
0.551095
-4.66858
-0.689072
0.924926
1.79209
-5.69015
-3.94182
0.532903
0.969583
-0.421298
0.0954963
-0.374728
0.0348529
-0.305641
0.271325
0.158922
0.188751
1.97817
1.20702
3.03279
3.97855
0.279281
-11.0653
-2.26295
4.62523
0.255072
-0.0615769
-0.936098
-1.06563
-0.0775016
-1.22435
0.897074
-1.15594
-1.32814
3.72469
0.317265
2.29533
-0.587418
191.679
-0.514469
-0.819987
0.360607
-2.17904
0.123251
-2.13112
-0.968363
-0.655398
-1.86566
1.08968
-4.94777
2.61353
-8.13821
1.23368
0.830289
-1.01727
-3.33533
-0.472129
-0.368183
0.899278
8.89263
-1.25508
0.731228
1.75512
-1.38502
-9.63057
0.428772
-2.0849
-0.481275
5.04553
0.212374
1.02162
-0.169889
2.32848
0.0605461
0.0956734
-1.24179
-2.03636
-0.498822
-13.4483
-3.71704
0.886288
0.372968
3.16723
2.46478
0.880648
-0.917572
-4.54762
-1.31242
-6.69442
-0.334508
1.83274
0.457464
0.207252
-0.531444
-0.191401
-1.32754
0.922084
2.60676
4.66197
-3.04358
5.41712
-2.27143
0.0433474
-185.164
-1.79774
-0.941073
3.17914
8.01591
0.129983
1.29862
-0.403938
0.346112
0.170526
29.2557
1.82855
-0.552868
-1.02759
0.988858
6.28473
-0.391335
-1.22319
-0.203691
11.8387
0.737606
-0.136989
-1.94685
-1.60028
0.45908
-2.2089
0.18911
-0.170288
-0.319937
-0.406064
0.382103
2.44453
0.674134
-0.419058
0.0191215
0.021477
-0.413071
8.53505
0.583337
-0.263792
-0.502524
3.67244
-9.9061
-0.470641
-0.952867
3.55068
-10.6705
-3.36952
21.5767
-2.03341
0.315448
1.29244
-1.36864
-1.52089
-0.021662
-0.0646942
0.567754
-0.572945
0.721212
-0.374082
-3.59277
-4.22372
-0.0667955
0.551335
1.63254
7.94228
0.151943
2.90714
-0.0845101
2.15287
0.281014
-0.0715774
1.51076
0.604762
0.139491
2.26445
0.405103
-0.0133564
-0.158251
-0.226841
-1.6938
-3.14787
-1.77869
-0.656535
-1.03794
0.304782
-38.5913
-6.60173
-1.63945
-0.0102941
1.9441
0.290765
-1.21155
-0.39448
12.5372
1.75107
-1.14345
0.282126
-0.788241
-1.71029
-0.0268133
2.83007
0.643772
24.6522
6.13903
0.0431761
-7.79407
-0.468806
0.128821
12.2301
1.15954
-1.02383
0.0504325
-2.8953
4.24889
-0.683184
-0.205398
-1.51447
-0.939333
-1.13501
1.25206
-1.88573
1.09772
2.52845
-0.769636
1.29594
-0.501524
0.254197
3.55097
-0.199406
-2.20145
-1.08413
-1.72968
-0.0146539
-1.76567
-1.76598
2.11091
0.626553
0.518818
-11.5829
3.35769
0.0513078
2.9743
-0.218419
-13.9873
0.151456
3.527
-1.81857
-0.995782
4.24387
-0.249872
1.13472
-0.158269
-3.1319
1.0818
-1.71512
0.393088
-16.3069
-0.617937
-0.0730395
0.373222
1.66044
1.44558
-3.87034
-0.0918744
0.631113
-0.348564
0.257322
0.209407
1.04516
-1.61717
0.359558
1.2863
-0.315632
-0.582148
-0.468654
-0.228946
0.181536
-0.015652
-0.862586
-0.402876
0.988445
23.657
5.96286
0.477396
1.64292
0.811397
1.5743
8.4449
0.0617298
1.49855
1.82616
-1.83765
-1.90422
-22.5861
-14.7845
1.43618
33.5351
-0.0843322
0.383011
2.14131
0.178511
-0.855794
0.0620789
0.0491189
2.80667
-0.112681
-0.277324
2.31017
-1.00729
3.80788
12.9194
-14.8205
0.974984
-0.016175
-3.30367
-2.31667
0.238907
0.782252
-0.837963
-0.53344
-0.166414
10.3763
-1.66443
0.5714
-1.91469
-5.62737
-45.9901
0.572498
0.65876
-0.437106
1.3599
-0.987983
-9.6304
1.60315
0.80305
-0.0539902
-10.8837
0.256314
-2.35078
2.4673
1.11286
-1.30253
3.9488
-1.78539
-4.53182
-0.76319
-0.00640916
-0.558892
3.62278
-0.578168
5.31659
-3.63126
-4.33002
-0.111502
1.026
0.256607
-0.0484972
-0.671848
2.92402
0.985207
-3.2909
0.150992
-22.7051
26.0072
-0.717656
-0.313854
-0.56914
0.595176
-0.284317
0.598277
14.3535
0.745503
-1.92714
-0.0310257
-27.5513
1.24947
0.0279028
-0.692112
0.679541
-0.773384
3.62027
0.39548
-0.724116
-5.96205
0.43505
-5.81572
-0.420007
0.162036
0.443599
0.421159
1.01197
0.123432
-1.57842
-2.03998
0.386093
-1.65378
0.785137
6.77554
-3.45082
2.26863
2.60887
-21.1874
1.31421
40.6895
-10.4627
0.720265
1.56394
-5.2295
1.21665
1.97599
-2.82335
-2.05203
2.52988
0.518292
-0.556474
-2.71257
0.422866
-0.264481
-1.57676
-2.15372
-2.27681
0.328918
-1.89975
-0.495944
-0.746412
0.517946
-0.289225
9.82849
44.8171
0.175203
-0.29007
0.349477
-1.51058
0.0589562
1.43478
1.18456
-2.54661
0.685224
0.0583152
-0.0282934
0.0120975
-0.178644
-1.93958
-0.700006
0.554893
1.34171
-1.59641
1.36049
0.258774
-0.877588
0.616031
-0.479403
-2.87086
1.15907
0.00522159
1.72491
-2.21472
-2.35889
0.0372742
2.34981
-0.0845267
-0.403328
-0.486355
1.51981
0.166411
1.9408
-0.567782
1.60367
0.18516
1.0401
-0.59325
-15.3248
2.34146
0.564766
0.364496
-2.24406
0.0859398
0.302013
107.779
-1.46676
-1.26518
1.00236
1.80181
-5.00143
-2.13915
0.754188
-0.567938
3.43441
2.42314
4.69661
-2.87992
-3.14428
-0.445151
1.1164
-0.827915
-1.70134
-1.03506
-0.614882
-3.13358
-0.735772
-5.4557
0.0684224
-0.116612
-3.09144
-14.1009
-18.0739
-0.0347526
-1.13825
0.383609
-0.725188
-1.42538
-71.5105
-3.55598
-4.20879
-0.403379
-1.79101
-0.156931
9.14995
0.576089
-1.1253
0.0705607
39.4397
-4.02711
-11.5128
-2.28725
-0.0492247
-0.994911
-1.69518
-8.50366
0.29649
-1.84447
1.26124
2.24606
-0.930069
0.250012
0.793638
-2.95967
1.77977
-1.42518
-0.66628
6.86401
-4.15444
1.57457
2.79962
0.673427
-0.0853404
-2.46831
0.598584
-0.30483
-54.8382
-0.687941
-7.58383
-0.17517
0.224348
0.0726673
1.03056
2.95796
-3.42691
-1.10532
3.78068
0.501531
-4.86304
0.0169958
0.438132
0.201781
0.325679
0.96958
-0.417921
-10.8004
-1.40609
-2.31806
0.643803
-8.14039
1.51278
-0.970235
5.89225
6.42333
-0.340014
0.135577
0.340632
-0.552083
5.79281
-1.19476
0.0909846
-2.8709
0.268896
-1.9034
0.804269
8.25666
-0.0513755
-10.539
0.353532
-2.76209
-2.05692
-0.882215
0.389142
0.569423
0.383418
3.81578
-4.59474
4.90043
2.07403
0.509839
-0.931603
-71.7517
0.450887
-1.85082
-0.201116
-1.1454
31.9711
-0.307169
0.703195
0.722588
-1.02591
2.21703
0.430217
60.9645
-0.239001
0.239696
-0.314839
-0.446377
0.263208
10.7717
0.892275
-3.23641
-1.29658
0.211614
41.3615
-5.5634
-0.529037
3.64721
-1.68161
-0.584719
-1.14125
-0.271211
-1.10542
-0.526026
-32.2849
0.561051
0.872562
0.798328
2.03101
0.184243
8.01339
0.0375389
-0.792211
0.162729
-0.748099
0.943816
-0.639504
-0.163092
-1.72005
0.0867589
-1.89756
-0.424201
28.988
-1.64018
-0.392344
11.8279
1.50705
-1.03878
0.619777
3.11617
-0.65273
5.39371
-0.453726
-2.53339
-0.925116
-1.20797
0.149157
1.79549
-0.214312
-0.713267
-4.90419
2.00507
-3.17738
-1.70026
1.83312
1.526
-1.17981
-0.192871
-1.43386
0.13426
-2.89964
6.30548
1.39508
0.996776
3.58136
-10.2471
-5.15222
0.483117
0.489857
-0.250667
0.535416
-0.362253
-1.12757
-1.00678
9.71714
0.331635
-0.769014
-0.655561
-0.257664
-0.317442
1.07634
2.96626
-0.0910339
-1.41498
0.7918
0.104132
-0.165464
1.26854
-7.39253
-1.80553
-3.65748
0.544383
-10.1928
-56.8414
-3.59343
1.23226
-1.31023
0.384242
-1.05073
-6.50199
0.254377
-0.446452
-1.55466
0.935238
0.0955366
0.878785
-0.221165
-0.528599
5.27006
-0.772737
-0.17857
0.706509
-3.35143
-1.80453
-0.841156
0.906648
-0.332184
-0.462837
0.649253
0.241769
8.68361
0.552759
-5.74188
-0.171335
0.109632
1.24002
1.43838
-6.57765
1.28403
-0.989859
0.302506
-0.483179
0.32489
-2.02452
-3.15835
-1.69561
-0.0912999
1.23862
2.93238
-0.494126
-0.0636215
1.25956
1.42012
3.66191
0.963974
0.843761
2.54754
-1.63577
0.416463
-5.41548
-0.588066
0.525245
2.77117
-0.818321
0.471859
-3.23772
-2.32661
-26.0274
-0.23958
-0.00213548
0.155217
0.592972
-0.63958
-0.188251
-0.831311
0.523609
0.676495
-0.849789
0.585271
-0.45877
-0.578246
-0.271171
-0.345638
-64.5657
-0.215809
0.325426
9.54253
1.51415
78.0447
-1.11465
-0.0111405
0.900254
-0.162503
-0.929011
31.5087
-5.80867
1.59294
3.79254
-0.0640813
-6.89161
0.477145
0.797704
1.54148
-22.031
1.2737
0.0683149
1.48392
7.45689
0.245608
-5.52916
1.16384
-0.770285
0.5206
0.975555
0.095077
2.14096
-13.3127
-0.390064
-2.15903
-0.468755
-6.85852
-1.21677
-0.666224
0.31365
-0.560622
1.44388
0.877426
33.155
0.0482326
1.43191
0.829227
4.45996
-2.62632
2.89392
0.134475
1.12543
5.4681
-0.178275
-0.38957
-0.0779584
-85.9544
-0.159318
-2.71588
-0.821927
1.69184
-20.5429
1.71996
0.740076
0.804594
22.9166
-1.6435
0.0531574
1.70929
1.02737
41.0577
0.559077
-0.311798
-0.820279
-0.456765
0.234598
0.295419
0.244581
2.08535
0.0929745
-0.559544
0.403148
-1.51953
0.486255
-0.0860157
0.266442
2.38034
8.97169
0.0892017
-0.432181
-0.824014
0.501694
-5.1855
1.06248
0.561533
0.339605
-0.313022
-0.00445875
-1.98035
0.499432
-0.0981994
0.396066
-0.658269
1.17944
4.19284
0.627677
2.88237
-0.182219
-0.28236
-1.40057
-0.949545
0.89726
0.49913
-0.395138
-0.660277
-0.309642
1.14594
-0.370928
3.32702
-0.558306
-2.78089
-0.918108
0.769558
0.810024
4.95848
-1.66386
0.767494
-1.16608
0.779401
2.59081
-2.37879
1.0009
0.342522
0.939994
-40.2847
9.10099
0.786365
-0.240743
-0.0615371
-0.857633
2.97922
3.00631
-1.18015
0.835255
-0.31429
1.62328
3.93356
0.471124
0.545887
0.15918
-1.21593
-0.754663
0.309021
-1.79099
-1.57775
4.12094
0.497096
-0.822847
-0.0864648
-1.02175
0.345895
1.06112
-1.34446
-0.600914
3.23034
-0.743691
0.579209
-2.92046
0.574751
1.52528
-0.629088
2.07126
-2.87669
-1.83159
0.514975
-0.661597
-0.741961
1.52149
-0.187883
-0.0439682
2.54545
1.57343
-0.416087
1.15997
0.339298
-1.00052
-0.671547
0.390212
-1.37708
0.0163285
-0.491916
-0.44082
0.582841
-0.182265
1.07086
0.743934
1.46484
13.5531
0.0355423
3.40211
-1.05792
-0.134533
25.1254
-0.464712
-0.487391
0.291726
1.20935
-0.405725
1.56872
-1.3026
-0.0339471
-0.80246
-0.3919
-0.208224
1.5343
-1.13139
1.47672
4.95523
-955.757
0.163382
0.597736
0.320776
-0.66578
2.62916
792.879
-1.11103
4.43802
1.22927
0.236635
-0.491066
12.8817
-1.08459
1.37228
0.846919
-1.19547
1.46461
1.89592
0.661895
-13.8003
-0.677193
2.37759
-0.310849
-0.710309
-1.41477
-0.51765
-1.39229
-1.00155
0.871353
0.417198
-0.197074
1.60433
-4.53427
-0.0807604
11.739
-2.59407
1.66582
1.29193
10.9997
-0.912007
-0.950751
0.230011
-0.306409
-2.16129
0.855225
2.2783
-1.27936
-1.39021
0.89271
1.58522
-0.104675
2.66824
0.316076
0.108676
0.50953
3.07559
0.998544
-9.72226
-1.53943
-0.451703
2.01489
-0.839225
2.21981
-0.319999
53.2564
0.518534
-0.312115
-1.55399
0.638702
0.0846388
1.87688
0.441784
-0.921487
2.46273
-1.96781
22.2846
0.909423
-0.762271
-1.29277
-1.04724
-10.8847
-0.995958
-145.593
10.9009
-0.222422
8.36439
-2.87705
5.28149
-0.520279
-0.541162
-4.47923
2.83875
-0.156257
-0.78032
1.58667
0.888108
-1.32054
-1.40229
-2.48693
37.2303
0.548322
2.00015
-0.139468
-0.696459
-0.101587
-2.56804
-0.208332
0.0411546
0.408058
-0.78165
-1.61514
-28.221
-15.4977
-9.96544
1.54924
-4.66599
-0.312386
-0.135285
0.579481
-0.683068
0.747753
-1.33063
-2.63061
73.1806
-1.59927
-0.49299
0.0130604
-0.113834
3.78411
-0.360575
-0.802516
-2.89615
0.217963
-4.20984
-1.955
-0.851145
0.403686
0.344704
1.89151
0.541925
-0.576954
-0.342351
-1.20275
-2.20973
0.694273
0.81062
-1.54676
-0.60484
-0.837795
0.587872
0.12058
-0.318751
-1.0505
0.784267
1.06174
-155.137
2.55881
0.375938
-0.62535
-1.85998
0.479039
-1.76781
1.73028
1.03965
-1.18332
-0.635849
0.310581
1.08809
0.136155
0.90351
0.994636
-4.21457
-0.704513
-0.630494
0.304002
-0.624494
-2.04747
1.09361
-0.807775
0.0843055
1.52171
6.49539
0.239916
-2.43903
-0.248694
-12.2753
2.09348
-0.109083
1.30637
-0.584093
-29.7791
-0.0588359
2.14086
-0.0211795
0.871766
-13.1029
-0.165118
-0.545841
0.411273
7.46652
0.151654
0.530416
-0.0796888
0.92696
0.744442
0.705551
-1.48372
3.92354
-1.20298
-0.665641
-0.83932
-0.267451
0.639879
2.20997
-0.407616
0.331727
-11.2665
-4.33087
0.173423
0.216136
0.129221
8.02175
-0.927035
-0.358908
-0.383653
1.4076
0.232862
0.354082
0.458616
9.79681
-0.588195
6.40065
-0.580551
-1.1466
0.399619
-0.349833
13.1766
0.793486
-6.82176
5.56935
-0.51204
-0.0614074
-1.13277
-1.9088
-0.243235
1.68988
-2.13324
0.340444
-0.360619
72.1194
1.21431
2.05302
78.212
0.390556
2.13197
-0.996137
-0.312725
-0.306549
0.380165
-1.62956
2.83019
-1.30297
-0.223206
2.82397
-0.749272
-1.0696
0.00492067
1.67694
0.809197
0.632902
2.31999
0.1754
0.219764
-1.54518
4.84872
1.58026
0.052166
4.33789
-0.906027
0.607237
0.179
-0.345143
-0.355823
-0.665197
3.81812
7.1071
-0.610874
4.66626
-0.994391
6.82614
-2.16648
-0.736545
0.864868
-501.882
2.31779
-0.513827
-0.699564
2.98474
0.828085
135.389
2.17682
-0.151018
0.159006
-17.8481
1.01471
-0.0621832
0.391276
-9.64622
-0.0839435
1.94737
0.896223
10.3047
-0.283346
-0.606341
4.58742
1.13153
-0.189841
-0.254164
-4.9266
2.18915
1.7864
4.34382
-1.19624
15.5586
-0.532276
0.356249
0.751765
2.60755
3.83667
0.330183
2.52288
8.94776
-1.3208
1.24877
0.679549
-3.14835
-11.8015
-0.176088
0.075546
0.435668
-8.73588
33.3161
-1.22141
1.59252
0.930478
-3.40044
-8.15065
0.489157
-0.467136
4.40649
-11.4301
-8.14119
1.37683
-2.17606
3.2305
1.08444
-0.0618406
0.59782
-1.18057
1.73379
-9.03375
21.448
-0.240525
0.706256
-1.17548
0.21249
-1.99772
4.89108
-0.365373
0.160605
-0.393013
-0.140235
-0.219921
0.737128
22.0857
117.68
-1.1959
1.2101
-0.0832002
-10.9523
-0.909063
4.12689
2.59476
134.788
-0.563217
-1.01432
0.786374
-0.236924
1.60101
2.935
-0.558137
-0.679986
-64.9614
-1.14351
0.377226
0.64105
-1.10406
7.79186
0.258659
-0.4152
0.0368049
0.296504
1.04229
-1.2534
0.69721
0.640271
0.0718744
0.613351
-0.309029
0.34908
1.26317
-3.10292
-0.122588
1.86629
0.644016
1.04304
0.941638
-0.567551
0.249245
-0.917461
61.4222
-0.323602
-1.14501
-0.315719
-1.58609
0.5077
0.441653
-0.340406
2.22105
-0.203215
224.4
1.00696
1.03338
-2.59656
-0.771035
-0.228011
-4.63369
0.0460234
5.63106
-2.26393
0.274676
-59.1387
0.390871
2.34715
0.930777
13.3999
-6.50158
0.759486
0.419581
-0.123021
-2.08627
7.09211
-2.59233
0.776816
-1.01495
0.317575
3.22388
0.203296
1.61243
0.29256
2.00483
0.8062
-0.607503
-2.02725
-0.461446
-0.346497
1.49745
-0.092664
-0.0933752
-0.431548
-2.02943
-2.07355
0.549998
0.0146589
0.430071
-0.774697
5.96232
0.859506
2.23301
-0.0978161
2.05429
-0.900937
-0.19751
-17.4813
4.51243
-0.34626
-3.87461
-0.303136
8.79017
-0.249252
-4.51297
-0.22686
-1.9472
0.315882
11.1893
-3.18953
2.07641
2.85425
-0.55182
0.652396
-10.0317
1.78083
0.837169
-3.60094
3.50981
-0.410367
-4.8899
0.507187
-0.341206
-0.900283
-0.0731738
0.789311
-1.90615
0.323666
6.97082
1.90696
-0.0131891
-0.493665
-1.77203
-1.35499
-0.112107
-1.21838
-0.753486
-0.157862
-0.439126
0.684478
-0.312319
1.14299
0.452584
-0.745491
8.22847
0.296521
0.731306
3.55717
0.458114
1.10621
0.959669
-5.86591
6.41913
-0.486264
-4.47339
0.32503
-0.366984
4.76359
-0.243488
-1.85355
-3.47492
-0.564809
-0.122183
1.09463
-0.462213
-0.857781
-1.73314
-1.6522
-2.9917
-0.419519
0.0642659
-6.27774
0.920197
0.328176
1.00654
-10.5431
0.345615
-1.48075
4.22423
-2.11981
0.531755
5.42996
-0.476538
-0.595303
4.38413
-13.3551
0.614715
-31.4677
-0.0454915
-1.41457
1.04716
-1.87411
13.9018
-3.11659
3.12692
0.53137
3.22656
-3.64415
-0.925879
0.667002
0.159184
0.925209
-2.89799
0.727198
-0.617535
-0.408747
3.04206
-0.633235
0.660962
-0.622747
-0.322445
2.86819
0.103603
0.22594
-0.382504
-0.643313
0.786393
3.30473
-0.0208495
3.73669
1.0321
1.65964
-2.18169
-14.4293
0.763989
-0.968953
0.855779
-1.97908
0.234134
0.969803
0.313535
0.23446
-6.37962
-0.415048
0.000180384
-4.8262
-0.482998
1.40819
0.293451
1.13802
0.438927
-1.87238
2.63142
1.45907
7.66144
1.05241
-0.190242
-1.35562
-1.50804
0.569618
-4.98626
-2.3647
0.0374927
-3.59056
1.78098
-2.81166
3.95179
1.57795
0.530769
-0.549811
-1.85533
0.696538
-0.56642
0.183494
-0.304354
0.838479
0.598813
-0.752265
-0.0807427
0.0606792
0.0908382
-0.110026
-0.705616
0.830615
-3.41263
-0.433526
-0.923233
-0.246648
0.54011
0.961531
-2.20516
-0.091845
0.641355
-0.0410211
-2.15236
1.22127
0.063115
-0.206746
1.28437
0.603037
1.18432
1.67434
-1.83781
0.304967
-3.92522
-5.53652
27.0977
10.0228
-1.22806
-0.0357332
-0.399622
0.227645
-1.6603
0.30733
-0.759513
0.165609
0.498313
0.452089
2.43565
0.597373
-2.2095
0.231236
0.338677
-0.16639
0.852881
4.28537
-0.597103
2.04663
-12.8644
-0.164937
-0.398237
-2.80498
0.539086
3.04639
1.05085
-0.195342
-0.263515
-1.15991
-10.3156
-8.68523
0.81831
1.56372
-0.125246
-0.489655
0.00832116
0.347049
-3.26055
-0.274191
-2.42282
-2.56596
0.160853
2.56488
-0.520354
-1.01657
2.79038
-0.176448
1.27546
3.54567
1.83811
4.37186
2.01518
1.45496
-0.329981
20.412
-8.57712
-0.519027
-8.18992
2.17314
5.02545
-0.801114
-4.53675
-0.316313
-0.272577
0.163218
-0.232785
-21.6037
15.1808
2.39524
-1.62784
-2.80884
-2.16824
1.51672
-0.558756
0.00265819
-0.0194882
-3.34529
-1.62998
-1.97241
0.505185
-0.789581
1.07113
1.42397
-0.498693
-1.37107
-0.616003
-0.190142
-3.53357
7.76841
-0.0993411
0.60585
0.579523
-2.77644
0.0260046
0.998973
-1.3175
9.35261
5.95463
-0.711661
0.702066
2.99394
3.73661
-0.446129
0.0451861
-0.409344
-0.626813
0.164022
1.3529
1.40882
1.20192
0.113744
-6.88823
0.057006
-0.907594
5.17412
0.291027
-1.74831
3.66257
-1.23855
-1.03108
0.441164
0.463006
0.276329
12.177
-2.82746
-0.616355
-0.125866
8.87192
-1.6416
-0.75857
3.20186
0.855004
-16.5051
-0.17824
1.71286
0.119883
-0.197306
-2.66379
1.97849
0.966507
1.69767
-5.53762
0.499663
-0.808796
-0.560999
3.18769
2.1464
4.18391
7.1674
-2.89963
0.157583
0.352747
-1.93958
-0.949629
-1.66418
3.12057
-0.476128
2.98483
5.205
-1.68032
1.76093
-255.244
-1.26694
0.598844
0.590316
-0.567825
-2.34583
-0.958139
-3.54689
-2.92234
5.08825
-0.865907
0.10327
3.99066
0.803758
0.521759
1.23216
-0.406279
0.210978
-0.840746
-0.265392
-0.808998
0.55048
3.44531
0.361059
-0.273483
-14.9039
6.91874
-10.8091
14.897
1.21892
2.47011
1.16227
0.0935882
0.267399
-0.316311
-2.26758
-1.21775
-29.4897
2.2352
-0.038961
-0.0950575
0.804664
3.17344
-2.86327
-72.1437
0.381628
0.614976
0.466909
1.76851
2.17479
-3.54244
2.79835
6.219
1.57068
-5.09379
-0.0622322
-3.7931
-2.81371
-0.594248
-4.58113
1.3006
1.09075
17.1791
-0.0337348
4.69331
-10.9885
23.5225
1.73072
-1.03427
0.340745
-1.82576
0.491439
5.09304
1.37135
1.53297
-0.777496
-0.181438
0.552158
-1.76134
-0.868721
0.614335
0.648989
13.2738
-2.15159
1.06411
-34.8712
-0.932825
-0.591517
2.80599
-0.40249
0.287966
-1.73263
-0.933973
0.657856
1.62109
0.227384
0.125905
-0.360396
1.62422
-1.87618
-0.165799
0.87842
-6.18787
-0.592195
-0.647307
0.260534
2.46889
1.71968
-0.692497
0.845116
-2.80328
2.29101
1.864
-0.49429
-3.22304
-0.749838
6.88406
-1.79239
0.619417
-1.44935
-1.81826
0.107996
1.24077
66.541
-0.391374
-9.46292
-2.79924
-39.205
0.463879
7.67678
12.1237
1.18175
27.6253
-0.676832
-1.72653
-2.16027
1.15532
-504.531
0.339835
1.00308
0.532302
0.748237
-0.401663
-4.5341
0.539422
1.65679
-1.57371
1.83049
-1.80679
36.725
0.721839
0.25402
-1.57932
-7.02083
-18.9675
0.807692
0.790747
-0.0229579
-2.08742
-0.336242
-1.67438
0.216392
0.594342
0.0776577
-0.837302
2.41034
0.0296017
0.775372
2.34596
-10.6233
-3.9617
-0.526824
-1.17619
-0.594722
-1.03517
712.046
-2.35893
2.39685
-0.790243
0.316767
0.294335
-0.30792
1.09661
-2.02101
1.04338
-0.483133
-0.14416
1.11065
-23.3527
-0.801773
-0.365014
-6.44216
-0.194315
-2.17239
-7.00643
1.11452
22.9746
-2.25666
-1.49695
-3.38015
-0.405845
2.2606
1.44545
-241.085
0.992259
-0.811714
0.863946
0.753927
1.26072
-1.07521
-1.08143
1.00269
0.364777
0.0167669
0.9862
-69.1868
-19.635
-0.640803
1.24626
3.68373
-200.383
-0.516061
-0.4954
148.575
1.44286
0.654424
-9.58156
-0.657484
4.55142
0.499284
-1.19448
-1.0238
1.43424
1.87573
0.0791506
1.01246
3.8861
0.644601
1.04358
16.5929
-10.9697
1.00227
0.998979
2.78762
0.731471
-1.6173
4.12523
0.642348
-0.124979
1.56462
-2.57588
0.309205
-0.98468
-0.50347
1.22195
3.1211
-0.235483
1.3188
-0.0523137
2.00731
2.02594
0.283917
-0.264145
0.800517
0.948645
-8.03516
5.70637
0.416908
10.9064
2.56667
-1.78413
0.308524
7.54409
-0.315831
-0.885701
-3.78608
1.30815
-0.971026
0.0164696
0.886279
-0.792331
0.441499
-0.577091
0.0187142
-1.14692
0.135584
-1.61303
1.8893
7.36964
0.147726
-0.127641
2.92063
-4.20484
0.225795
-0.685106
-0.242989
3.22816
0.356947
-0.15345
1.06741
3.0365
0.385287
-0.0808797
4.01514
0.939774
-0.371223
-0.022269
7.00359
41.2309
-0.78127
0.94372
27.0003
8.41547
-0.0717953
2.36949
-0.0247514
-0.192466
-0.201143
0.477262
-7.28718
-0.714496
3.71015
0.92664
-0.934691
-10.9405
0.269898
-1.68041
0.483714
17.7279
1.61576
0.958808
-0.761727
-0.648252
-0.0513967
0.155727
8.79163
-0.105344
-3.4075
0.289659
1.52804
0.675139
2.58944
0.305804
-0.0643219
-5.47193
-0.801678
14.1573
0.704402
0.938997
-0.568849
-7.84755
-0.194682
-0.507955
0.384838
-0.00125942
-4.09474
0.700732
-305.937
-2.86641
-3.43665
-1.24159
1.5439
-0.270111
-14.5194
5.4407
1.00966
-18.1543
1.16607
0.0761235
-5.52652
-2.61816
1.26641
-8.07573
0.415258
25.9775
12.3585
-0.56551
0.632625
-0.427754
14.4432
1.02973
0.661605
-0.0728859
-1.38066
0.835621
-0.255601
-1.21315
-0.733969
2.81568
0.62602
-1.36581
-1.53903
0.969554
-6.58947
-0.0177996
1.88772
0.791931
0.050181
0.154243
-0.816911
-0.0857816
3.12138
0.420169
10.4657
1.81161
0.35028
0.377632
-1.48498
-2.93768
0.585581
-0.362748
0.401601
-0.191176
-0.851729
-3.1509
-2.61724
0.0848188
4.41598
0.993152
1.08408
-0.0903021
-2.17032
0.968456
-0.170516
0.775561
-0.0941981
3.34837
9.70968
0.135907
-1.53169
5.03365
0.031486
-0.220202
-1.43313
15.8745
0.409341
1.20923
0.070435
-0.598604
0.458778
1.54499
0.141406
0.161489
-0.735937
1.18438
-0.94623
-1.25944
2.95861
-2.27223
1.5001
0.307833
1.02818
-0.367149
1.79406
0.0979257
-5.61694
-2.73209
-0.273902
3.49631
2.66777
0.741804
-0.738098
-28.8631
-1.41811
10.5531
-0.726671
-0.547034
-0.399516
-3.80926
-0.487811
-3.29918
-2.28424
5.42548
167.783
0.256683
-0.656864
0.316447
-12.3973
0.9396
-0.480427
4.41794
0.0145538
-0.343986
-2.99984
0.508253
0.0984219
-1.20607
0.138843
-0.221845
-1.52963
-0.146819
-2.03755
1.84077
0.68447
-0.489612
1.43773
0.0444589
-1.55662
2.42531
-0.108232
0.0470803
0.534804
0.0509315
4.50015
-3.82173
-0.189698
2.26644
-2.237
0.139299
3.1149
8.09244
0.060327
-2.56932
-0.475883
0.266812
1.35971
-1.88395
0.734542
1.186
0.477084
-178.27
-0.490246
-0.0401364
2.27838
0.443322
23.5475
2.16274
7.58984
-0.993606
-1.79552
-2.02904
10.0944
1.39925
-0.329012
4.94342
0.111622
-0.498486
0.122044
-0.383969
-1.79815
-1.82144
0.650636
0.358942
0.299812
-0.0192159
-0.890407
-0.940765
-2.18754
-0.279578
-3.21756
12.83
-0.83644
-1.96835
1.31368
-1.15653
-5.27022
-5.14415
-0.244303
-3.12232
-1.15521
0.15067
0.495675
-1.42886
-2.90266
-0.3106
-0.232802
-3.17943
-2.20279
-12.4453
8.2322
-11.2165
1.5353
-2.65971
-17.785
-0.863403
2.30307
-1.04935
0.97903
-1.01489
-0.393461
-2.08327
-0.567937
13.0649
0.847302
-3.97513
-0.396278
-0.501985
0.644879
-0.564469
-11.881
-0.0219635
-0.457849
2.42154
1.48608
-0.596761
0.0924648
0.65662
-0.0401705
-0.399707
0.736704
-0.267148
-0.570936
-0.200171
2.22352
0.194448
0.340562
-2.66199
0.0270965
0.964193
-0.110402
-0.514581
6.40561
1.04665
0.38474
11.5122
2.57844
0.070297
-0.15876
-1.90698
0.0260855
-0.180403
-2.89638
-0.534527
3.1579
-1.04718
-1.01917
0.320097
0.517357
-0.107994
1.87179
0.357401
0.877516
-6.98654
-0.292377
-1.19015
-8.2038
0.41998
-1.03218
3.66086
-1.20007
-0.373038
-0.963689
1.32721
-2.21574
0.904903
-0.0119288
3.44804
0.89909
-1.92932
4.97365
0.431093
0.954172
-0.626369
-3.21753
0.502277
-1.63882
-2.20833
0.206583
10.3629
50.8332
7.32751
-0.0489064
-0.19759
0.416594
-7.72799
-0.193702
0.575085
3.53684
-9.277
0.84329
-0.188216
2.03961
-0.391875
0.237999
2.83071
-0.611146
2.15593
1.0736
-0.871955
3.92718
0.943751
-1.10902
0.0649084
-0.256658
0.649795
0.885213
1.00727
0.786824
8.97386
9.35244
-1.46474
0.17412
-4.21661
3.38239
-0.797514
1.01703
1.52653
1.13298
2.04776
-4.51088
2.12221
0.0678337
-2.44035
2.44259
0.302079
-0.251852
2.21247
1.17978
-0.418583
-0.364161
4.91219
-0.0247664
-3.63786
1.07312
-0.745343
0.245442
-0.137925
0.166129
1.51598
-5.44666
-13.5449
1.13137
-0.469487
-1.28173
-2.15149
0.00814277
2.16531
-2.72265
25.6799
0.470519
-0.914041
0.0999579
-0.255336
-0.411021
-4.60515
1.00672
-0.412538
0.871449
2.79214
2.6667
8.92068
0.282343
-2.88485
1.24331
0.672868
-0.99997
-3.78421
-1.44111
2.25162
1.05416
-2.89701
9.68061
6.29141
3.13186
-1.54002
-2.28373
7.47276
0.00569221
-0.972825
0.640559
0.219634
-1.45816
1.21212
-0.109303
-0.749186
0.559794
-0.419254
-1.18371
-0.291161
-1.3716
-0.586214
-135.459
0.664909
4.32326
-0.689436
-0.130157
-1.41015
0.884907
0.115842
3.56098
-1.93401
-0.386722
-2.79424
-22.7843
0.721028
-0.524035
4.27212
-1.19239
-0.770887
0.116432
0.271902
-0.330517
-0.308494
0.684182
-1.60681
-1.81242
-0.0608766
0.410471
1.22144
-0.021813
0.189483
0.416386
-1.79589
1.01665
0.903668
0.17628
-0.132113
0.655225
0.307008
-1.08788
0.585205
0.103638
3.21582
1.50585
-0.141151
0.292523
-14.4664
0.182042
-4.50723
0.293589
0.712103
1.1154
-1.06591
1.32131
2.43095
8.88696
-10.1984
-0.806666
0.618044
-0.222804
0.468744
-0.763481
0.865038
0.464139
0.296228
2.90357
-2.9792
-0.0145102
-65.4384
-0.0915489
-1.76856
-1.22394
0.335552
-0.891844
-6.21209
0.50153
0.593545
-0.683809
-0.144743
1.6879
0.497738
-8.72206
1.09156
0.326645
0.598056
-0.870634
2.03868
-8.1434
-3.67568
-0.306562
0.753239
-4.18162
-1.5042
2.12279
0.823809
6.24301
2.60707
0.690262
-2.08342
-8.84262
-2.20501
-2.01168
-1.48226
0.57285
-0.764018
1.28732
-0.108818
2.5594
0.993536
1.37141
1.46557
0.447467
-0.764094
0.192746
0.84274
90.5895
1.09435
-7.75661
4.06633
378.972
-5.85697
1.34689
-4.59228
-2.84486
-1.81115
1.50202
-2.45581
-9.26746
-0.451049
1.54224
16.4338
-1.34813
-5.47666
32.6272
-0.219711
5.81836
-1.6803
-8.81069
-1.27805
-0.214044
0.136887
3.31628
-1.54634
3.41792
11.1476
3.26161
-0.17818
-0.473608
1.17998
0.676967
1.87715
-6.03226
2.5854
0.0179841
0.417971
-1.33898
0.839566
3.90367
-1.51601
-0.815927
0.467609
1.11617
1.81006
-0.63485
-0.518406
-63.6428
-0.492194
-0.519442
1.04268
1.35086
-0.262191
-46.0115
13.1455
-0.792098
-0.120943
-0.633782
-0.273753
-2.75542
1.51772
-24.1662
1.94606
-0.274742
-0.75476
1.42096
-0.190218
0.736
-0.255354
0.222374
0.745016
1.13308
0.749688
0.351883
22.9903
1.55509
-1.1463
0.510204
-0.419996
1.91039
-2.7576
-0.55516
-1.40058
-4.22259
1.3163
-0.769374
-4.45278
-0.325986
-0.531453
-0.0916154
-1.04153
-3.10466
0.00646783
-0.902612
-3.5177
2.94586
1.99772
1.00098
0.575463
-0.741153
0.411453
-1.58121
-1.63907
-0.553823
4.24272
0.0685695
8.66518
-0.0401303
-13.3646
-2.31491
1.22665
2.9424
-0.809094
0.109653
1.07958
-1.29597
1.07452
-0.0307392
1.41304
3.17297
2.24118
-3.70739
1.29373
-0.825406
-3.16674
-5.36696
-1.2508
1.55478
-1.01953
9.71119
-1.82783
1.78749
0.415778
2.0592
-0.60072
-0.127037
-0.16122
0.56796
-1.37675
0.096502
-0.227069
-1.53745
-4.9201
-0.0576113
-0.366687
-0.404872
-0.834908
1.3091
-1.04448
-1.43075
1.20646
-0.186897
-0.211144
-2.17896
0.390982
-1.55562
0.480551
-1.40249
1.24973
-7.20337
2.14239
-10.4679
-1.27197
0.603973
-1.04035
-1.56439
0.679373
-1.52903
-2.15746
1.35895
-0.374922
-0.133508
1.55324
0.423857
-1.57012
-0.98514
-2.28799
0.0791985
0.0460787
-0.554822
-5.18322
0.273311
0.821016
1.77812
-0.447712
8.50171
0.893781
-3.01395
0.129911
-1.6176
19.7908
-0.212013
-0.0179633
-2.34149
-0.772401
-0.344947
-3.88205
-1.04137
0.495355
-6.49975
-6.96651
-0.926391
-0.13529
0.229172
-0.119219
0.541944
-0.884916
0.6987
-0.235224
6.71674
0.0213077
0.946144
16.0571
13.8374
1.16251
0.621222
5.77218
-0.687939
-0.0476574
1.25869
1.96985
0.271152
20.3569
-0.665344
-0.381426
-0.331922
7.97944
0.155237
10680.3
-1.17292
-0.77258
-1.10697
-0.556461
2.73336
13.6348
0.102352
-2.12541
4.20258
-0.276767
1.37004
-1.6939
1.10145
1.71973
-0.0145568
-0.378136
0.703228
0.557827
-0.731074
12.4832
-0.487458
-1.5465
-2.35654
7.54304
-3.20801
2.55663
0.298132
-0.0532888
-0.113338
-0.964039
0.424604
0.979523
1.5518
0.298463
0.42322
-1.08688
-0.407257
0.770611
-0.178999
0.42567
0.707142
-0.0417905
2.58815
1.13948
0.819854
1.66759
0.720706
0.26313
-0.791555
0.389554
-1.61345
1.84429
0.747686
-0.387168
2.7777
0.469182
-6.09123
-1.43964
0.0908731
80.2445
-1.42966
-0.00838227
-0.612899
0.685217
-0.0495095
2.67701
1.21934
7.28132
-2.23837
-0.353882
-0.118191
-4.04048
-3.21668
-5.16472
0.144993
-0.180965
-0.144137
1.02168
1.60894
0.947391
-4.31363
-1.69341
0.733607
-3.26648
-0.663901
2.64181
-0.144155
0.00254094
0.396889
4.8315
-2.06593
-1.65282
0.560595
0.163296
-4.30889
0.785691
0.145592
0.638696
1.13116
0.558818
0.21954
0.735306
4.7567
-0.884461
-0.169882
-0.345236
1.29481
-0.98738
-0.175154
3.06288
-0.943128
-0.0972928
-10.7367
0.880633
-0.449744
0.0625943
-0.306711
-0.243887
0.291747
1.38564
0.159524
-0.933461
-0.819483
-0.462522
-0.613922
0.12037
1.93076
-1.29942
-2.68691
1.27646
5.58947
-0.235123
2.04064
-0.267055
-6.67909
1.05858
0.635192
-0.0581666
-0.824414
3.91959
0.499236
0.483521
0.462926
-28.3983
-22.7337
-26.2135
-0.548339
0.902917
-0.590755
-6.21234
-1.00705
0.55219
0.0209802
0.625719
-0.618655
-0.647235
-0.311626
17.385
-0.97431
-1.0052
1.94982
1.16187
0.280106
-1.3924
-1.99018
1.15191
-19.2982
2.9359
1.90232
-1.59282
1.00271
-0.353242
2.35373
-0.168179
3.93677
-3.36204
-0.647277
-0.904517
-0.138999
-0.840847
-0.353615
-1.25809
-0.395798
0.511711
39.2003
1.68393
0.144243
1.11222
-0.0383116
-0.294785
2.41398
1.92775
0.217934
0.852778
-0.103925
1.19267
-0.889982
-23.5108
1.24447
0.881769
0.722515
-0.341803
0.208144
-1.93539
2.10193
1.39893
-0.898153
-0.378263
0.186233
-0.587262
0.248277
-1.19375
0.447044
0.10271
1.15932
1.09997
2.03745
1.94606
-2.40803
-1.07051
-0.561846
-0.359672
3.14978
-0.403718
0.608779
-0.53978
-0.791579
1.38334
1.84286
-2.07767
-0.995996
1.41742
-0.405116
-0.469027
-0.233305
-0.694904
-4.84837
-2.48046
0.604384
0.379524
3.65769
0.0405791
-0.396892
-0.825455
0.280226
-0.888
4.01966
1.18803
-0.380271
-0.803372
1.36834
-2.05715
3.1935
-11.0679
-8.65577
-2.59275
-0.22475
-0.502819
-9.32085
0.871855
3.1648
2.17688
-15.1764
1.60821
-1.77805
7.18174
-1.1375
-0.253446
-1.74555
0.233925
-0.377923
-0.736064
0.656738
-0.832018
0.06859
-0.231069
14.1901
-0.0264734
3.49623
13.691
31.1457
0.303056
-1.73537
-2.65796
0.190313
2.84935
0.56328
4.14424
-4.7645
-1.11979
-1.14377
1.91423
7.57507
0.800951
0.647124
-1.31638
-0.589082
-2.49364
-5.01326
-2.73253
-0.915062
2.1196
-3.63955
-2.93337
-1.47757
1.16836
-1.22032
-10.8953
-0.335884
5.04943
-0.604917
-0.768763
-0.105784
-1.31088
0.479715
0.34356
0.130763
-0.348404
-0.731204
-6.14952
0.853835
-0.88809
-4.47978
-0.856534
0.0412846
-0.285046
0.333728
0.100198
-3.85456
-0.595374
-0.454432
-0.322374
1.49232
6.0067
2.00361
2.24711
-37.4908
-1.83542
-1.27927
-0.0778591
4.52832
0.2191
-1.45179
1.29367
1.92756
-1.73671
-5.28657
0.993626
0.312958
0.358459
-0.660668
-3.71797
-1.06418
4.16203
-0.0617906
13.3608
-5.7602
-0.447468
-1.02341
1.93866
0.193704
-2.32182
-1.20356
1.63761
-1.04922
0.915398
2.90901
-1.28624
0.171908
1.07486
-2.18692
-0.608907
1.01076
1.5873
4.12207
0.230666
1.85413
-0.611231
3.76441
-0.0939044
1.96428
0.178494
4.30663
-16.3176
1.00611
0.102036
-6.3814
1.24968
-0.000391639
-0.269977
-12.722
2.64569
10.5302
1.112
1.534
-0.69481
-0.670834
0.610929
-5.74346
1.61125
14.8858
-5.19997
-0.755863
8.17346
0.590917
0.171459
-0.649756
-9.89632
2.12161
-2.30597
-0.823094
2.08842
2.44965
3.03088
-0.0813934
-0.0719881
-1.8861
-0.704981
2.41694
-0.210864
-2.99501
0.95821
0.557093
-2.24396
1.002
2.22185
-10.6676
1.16677
-1.8762
-0.613168
-3.32229
-0.48944
-0.261102
-0.067298
1.48828
0.945282
0.497338
0.684622
0.133834
0.0508911
0.3861
8.60919
-0.605318
1.33013
21.0734
-2.7271
6.12873
-8.57586
-0.339729
0.585986
-0.70937
0.296172
1.60114
25.8783
-3.70049
1.55602
2.23728
-1.52077
-1.55564
0.164409
-6.01526
2.2698
0.92921
6.4837
0.244288
-227.157
-1.28399
0.597857
-0.884955
0.181886
-1.54051
-0.486837
-0.558932
-5.28508
0.123941
1.89581
0.792952
-3.59093
1.55766
0.806404
0.27172
3.83413
0.21748
3.47883
-1.91135
0.185373
1.78784
0.983843
-1.73625
-0.161634
4.34872
-0.0103037
3.03874
0.178951
0.0511613
-0.263039
0.450133
0.37779
-0.442431
0.257046
-1.53277
3.52499
-0.821387
-0.799762
0.0957107
56.8504
0.168437
-0.319856
0.115577
-1.60058
-2.67287
0.24144
8.13209
-1.48834
-0.608858
-3.87395
-0.27131
-2.16382
-12.2775
-6.64729
1.73944
-1.06966
-0.716239
3.10163
-0.331957
-2.69986
-0.511892
-14.4085
0.0338017
0.204882
2.42247
1.35789
-0.0215893
0.621592
-0.281505
-1.04535
-0.477727
0.938359
0.493169
-3.67696
1.22758
0.736136
1.29226
-0.124984
0.67316
0.962752
-3.31716
2.69689
0.0164093
-0.384115
1.13819
1.21083
4.00099
9.12171
3.33833
-2.01366
7.28094
-4.27345
4.53685
3.9515
-0.179645
-0.217476
1.41543
-0.507781
-2.73085
-0.472112
1.27373
0.173058
0.295338
-0.764163
2.48216
-0.297656
1.06585
2.45663
-0.460152
2.38306
-0.0486446
0.322097
0.254756
-0.80302
-2.8594
1.60209
-1.39838
-0.182383
12.722
3.09028
-0.963589
-2.44335
-0.758697
-4.20763
2.3537
-1.13951
3.76665
-8.76174
2.08963
0.53035
-3.65489
-1.67691
-0.420975
-0.00130175
-2.00562
2.31038
2.58718
0.703352
-3.07873
-1.30445
1.52622
16.0601
-3.5317
-0.163934
3.85299
-0.0888609
-0.439516
5.67546
5.78932
-0.511749
0.914716
-0.77354
-0.955838
-0.327092
1.06037
-3.49533
0.406379
0.794838
4.08064
-1.94075
4.56354
0.87188
2.25258
1.83568
-9.31771
-0.936076
-1.25129
0.639904
-0.719689
-0.959369
-0.712876
-0.632358
1.24225
0.984467
0.197391
3.92916
1.40495
13.2666
-10.0844
-0.0403125
-1.3991
3.05747
5.17591
0.0991072
2.02981
-1.94422
-0.441642
0.336759
-1.7405
-2.41407
0.173252
-6.76586
-4.83102
3.00099
0.191409
-2.38103
0.758018
-0.971196
9.28443
-0.924088
2.34717
1.62392
0.00537939
-1.10063
-24.8085
-1.24398
-0.20968
-1.88001
0.0215267
0.981355
-10.2669
3.80413
-1.08674
0.842641
-1.45978
-0.262359
1.46115
2.03203
0.112354
0.964505
-0.0478549
-1.82681
5.03403
1.89945
1.36185
-12.6324
-2.6223
-20.1609
0.283137
1.9482
2.01874
-0.368708
-1.81623
-1.03853
-0.212785
-3.44514
-3.82973
3.13123
0.590888
0.712608
1.56157
-0.958759
0.150465
-2.70986
0.0805389
0.793681
4.73489
-0.11491
0.451497
0.872779
0.117084
-0.526152
1.41309
-5.71369
0.00372681
0.761743
3.9963
-1.09324
-0.012375
0.429368
-0.498544
-0.132687
-0.0185621
0.144262
5.73986
-0.239062
0.399853
-0.677106
-0.292375
-0.5605
-0.0507218
0.771228
2.22423
0.35297
0.0828217
-1.17022
-0.690612
5.43792
-0.0113232
-0.793873
0.635174
5.30845
0.57347
9.45737
0.339819
1.58068
0.256376
1.63217
0.421683
-1.88755
1.33154
1.50752
-0.351694
-13.5041
-2.19401
36.1765
-1.01314
0.157846
1.1298
-1.21288
0.103384
0.931352
24.6515
0.0356839
1.78155
0.512532
0.525139
1.05369
0.902662
-0.147895
-1.11356
-4.33532
-0.484915
0.220245
-2.79456
1.94241
-0.289672
-3.25125
-0.495323
-1.00537
-5.76912
0.524495
-0.620618
-0.211998
-4.0859
2.49156
0.806794
-0.456977
-25.1543
0.116018
-0.44084
-3.21821
0.518033
1.45345
0.588417
-0.20726
0.358362
-2.89961
1.35536
1.63707
0.0351835
5.75706
0.965384
-3.01338
0.0575996
-0.632253
0.111508
1.62915
-0.502948
0.485577
-2.44798
0.0837539
-1.04802
-3.04227
0.515844
-0.484975
-7.98977
44.184
-0.00351144
2.44575
-0.211406
1.10956
0.0230229
0.62894
-0.136698
0.594857
0.815147
257.671
-0.906938
0.709043
3.25358
0.356068
-4.08842
-0.581434
-1.49019
-0.497832
36.0266
-32.407
-0.37211
-1.71557
-0.00549899
-0.0481247
4.06796
-1.78114
-0.0921202
-2.40797
0.383111
-2.24564
-0.0284474
0.331956
-0.703853
-3.97582
4.62885
-5.0608
3.30938
-2.6425
-1.20279
5.44816
-1.67166
-0.304515
0.0473989
-0.784037
-0.45282
-22.8159
-0.771892
-1.4704
0.601886
-1.71073
-1.02891
1.32152
2.74885
-0.364482
9.88888
0.497656
-0.10296
3.1955
-57.5152
2.57553
-0.797473
-0.407554
0.146412
-1.21456
-0.624788
-1.54
1.21898
4.36481
-1.96496
-0.490491
-1.65284
4.45558
3.56495
-0.46841
-24.062
-8.51455
1.65964
0.0564241
0.552426
-3.73109
0.92459
199.365
-1.19685
-1.75286
1.12719
13.3954
1.45606
0.206953
-0.211128
1.76792
-1.05353
1.70446
2.67067
1.70246
0.273033
-10.7632
0.0209236
10.9538
-0.401069
-6.47641
-2.20872
29.0013
-2.10469
9.41832
-0.0226978
-1.33084
0.245746
0.136766
-0.0335208
-1.25177
-3.89318
1.18709
4.00009
-1.28014
-0.717117
0.738586
0.6496
-3.62739
0.519478
-2.99037
-3.70148
-0.665964
-1.04132
-16.068
0.681689
-2.13642
0.428491
0.578341
0.207188
-0.946975
-1.70933
-7.7804
0.90866
0.111037
-0.104144
2.46723
1.32009
-0.404476
-0.731144
-21.5433
1.75431
-5.8925
-3.17934
-0.589326
-0.270953
12.0441
-0.215734
0.258243
-0.476509
-1.69272
-2.02087
-1.26879
-1.22324
0.693984
0.652822
2.42492
2.27332
-0.692339
0.979314
-0.414312
0.0836808
5.43215
-1.27147
-0.102219
0.565746
-1.72749
-1.39469
0.257921
0.0880848
-1.47452
0.203891
-0.194871
1.84869
-0.851027
0.744235
-4.30327
1.36195
-1.34074
-0.357076
1.75139
-0.186207
0.183135
-1.94292
-1.16802
-0.10597
3.27193
-1.54618
0.0164179
-0.759559
2.11015
-0.0650264
0.156368
3.05465
0.350775
-0.304466
-2.78805
0.202524
2.76647
0.160667
1.54055
0.231254
4.12439
7.46501
1.06239
0.495232
-7.38651
0.507045
-0.117435
2.19257
0.29998
-1.32579
-0.367713
-5.07387
13.3752
0.827382
1.17431
3.70926
1.72374
-7.63208
0.00978338
-0.649954
0.687783
-0.772698
0.564984
-0.282143
0.792785
-0.515283
-0.025187
-0.763161
-1.82031
0.499927
-17.9741
-2.16505
-0.972661
-3.98122
-4.77251
0.583139
-0.913315
-0.840376
1.71183
0.096406
0.705056
0.836674
1.68787
-2.91638
-16.2683
1.88146
-0.485728
-4.14154
0.0420238
-0.398018
-0.905096
-0.0101908
0.404887
-7.83856
0.25005
-0.529204
-0.535233
2.06493
0.59508
-0.223676
6.69221
0.0871906
-0.717929
1.17579
17.3664
-1.02508
1.2367
-1.38246
0.386151
2.66468
-44.7961
1.79993
-3.24899
-0.657085
7.76197
-1.42168
0.196255
14.9554
0.0292945
-1.6713
-1.72421
0.57416
1.53086
-0.759082
0.442414
-0.0575513
-1.13354
-0.19029
0.0917151
-2.35821
-0.841195
32.9229
-0.870325
-0.220892
0.34554
-1.20641
-3.23618
-2.79808
2.52055
-0.15098
1.08289
0.357435
1.58852
-10.2281
0.45025
1.03447
-3.84938
-0.361208
-2.62467
-0.572647
0.50281
1.2647
-8.15538
0.516799
-2.26905
0.827671
1.43804
1.21565
0.774799
-0.307211
-2.09623
0.171894
1.56791
-0.516981
-2.86484
-0.491047
6.15044
-4.71389
-1.93557
-1.95255
-4.39352
-4.60636
1.04741
1.67126
0.00362593
0.842946
0.83246
-1.21674
-5.14359
0.276357
-2.15174
6.32972
0.0379189
1.68517
-5.09673
0.724902
30.0961
7.86811
9.36334
-5.11654
0.805716
163.313
-0.482658
-1.54678
-1.06211
-0.418093
1.73898
2.67487
1.65732
-0.806887
12.1127
-3.38666
-7.42204
-3.57906
0.55343
-3.12784
5.50759
-1.88412
0.714743
-0.167007
-2.10368
0.456948
-0.835087
0.106095
-0.978277
1.81401
-0.535361
0.0367076
-0.705335
5.20307
944.924
11.0211
-0.339889
0.725416
0.669241
1.61703
0.927903
1.22109
-4.91912
-0.702764
0.974646
0.211959
0.595022
-1.43725
0.600026
-0.401293
-0.560081
0.340214
2.24435
0.111227
-0.782978
-5.60461
0.0280911
-1.60287
0.231599
-3.98003
-1.82008
0.445488
-0.09015
-0.95805
33.7431
2.26236
2.70346
-0.865139
0.217067
11.3496
0.286582
1.46458
1.79538
0.660708
4.78335
8.4078
2.50233
0.0593773
15.4103
-0.123321
-0.914502
0.112228
-0.146627
-2.17229
2.0651
-0.11973
-2.69512
41.6209
0.422305
-1.72956
0.270606
-0.984516
-48.4032
-0.820799
0.458162
-3.22069
-0.635113
0.881243
-0.254624
-0.130679
-0.59855
-3.02698
0.43438
-0.327964
0.871896
-0.427142
1.92811
4.55163
2.21383
0.625205
4.06123
0.933493
1.30443
-1.17252
0.595689
0.311094
-0.816843
-0.193116
-0.885041
-2.14608
-0.629428
-2.2522
-0.0303873
0.197483
-7.37961
-0.248098
0.262009
-2.92264
1.31826
0.997727
0.392078
-0.372094
-8.58163
0.433018
-1.04455
1.75154
1.93034
-0.864976
0.52324
4.57104
0.90695
-0.43218
1.32616
0.787644
-2.05261
-199.307
-9.23023
-29.7248
-2.98886
-0.0862962
30.6237
-4.57098
0.406615
-2.19931
-2.7397
-0.789544
0.365276
3.73698
-0.454743
0.317746
0.0595464
1.42556
1.80803
5.50838
0.680522
-0.432192
-9.78672
-7.30879
0.925141
-1.7497
-0.842058
0.0879548
10.8846
-0.303802
-0.143422
1.38473
-0.378742
0.27286
0.17495
-3.40233
0.177705
1.02442
-0.451902
5.92749
-0.418672
-0.198513
2.704
-1.45003
-0.32421
1.68454
5.79392
1.91289
-3.19467
1.48662
0.265257
0.854912
0.609759
-44.6287
0.568426
25.4434
-2.03487
0.208222
1.32512
0.33086
0.741942
0.357645
7.33659
7.02671
-22.0563
0.297499
32.4145
-0.741921
0.862512
-0.22114
-2.11285
0.261646
0.27266
2.65144
1.36449
-39.6472
-0.605411
1.0345
0.312692
-1.37584
-25.6758
-5.23438
72.9756
1.00711
3.13883
-0.791154
-0.628824
0.578182
-0.358544
-0.529479
6.08789
-3.24423
-9.70251
-1.55281
-0.0418004
-0.516058
-1.03101
0.919028
1.53067
-0.21347
-1251.18
-0.117801
0.265085
0.40413
0.172711
-104.561
-1.10541
0.6788
-5.6208
-0.073177
-2.44125
0.329873
0.12539
0.0690505
-4.6532
-1.47831
-0.5857
1.28773
0.861528
1.1005
21.8035
0.172223
-2.62932
-10.4516
-0.0268355
3.32667
0.413748
10.4858
-0.829646
-0.0481674
-0.335121
1.11635
-0.326227
0.198987
-0.285089
3.36923
0.970522
1.35202
1.38806
-0.169798
-1.94866
7.47821
3.80482
0.0136926
-1.99145
-2.77187
0.0657302
-2.67309
2.30358
-0.775773
0.945334
6.0135
0.051465
-0.139006
0.805288
1.38342
0.44872
-1.5292
4.45095
-2.69737
0.321872
-1.64144
-0.499174
0.600801
1.40015
-1.17716
1.48835
8.64582
-0.267439
-0.877851
-3.65993
0.139852
2.03988
0.611509
1.59654
-1.50184
-0.254901
3.2191
-0.321829
-0.811007
0.536628
0.732537
0.097799
1.42417
1.2102
1.1433
-4.83151
0.919182
1.08572
3.25867
1.81338
1.10325
-0.939204
0.303555
-2.65713
1.27691
-7.19039
1.76739
0.0163576
0.476286
-17.8945
0.503404
-0.513922
2.61633
0.0263721
-0.811832
1.53507
-0.11143
-0.0696086
-0.574834
-0.48468
5.26235
0.904659
0.355084
-0.71257
-0.161166
-1.5746
-2.20563
0.622473
5.57041
1.24394
-1.80292
2.96875
2.93589
-1.4082
-13.4369
0.651712
0.802119
3.07469
2.55058
3.09004
3.82356
-0.570629
-0.656059
-1.52843
-0.507215
0.315497
0.390356
0.0948219
1.38715
3.50646
-0.605561
0.390198
0.4675
-3.2576
-0.37532
0.365241
1.01619
-0.399559
1.10713
-32.4676
-0.275431
-1.37865
1.28331
-0.779144
0.457201
0.104251
0.917353
0.259478
-1.20744
6.99318
-1.19831
-0.687086
1.74205
-0.322806
-0.118218
-2.97949
5.12489
-0.208257
-8.69659
0.218624
1.55636
-1.17811
-0.280428
0.607596
-3.33382
-2.5804
3.02232
-1.08649
-1.06013
-1.28567
-0.546641
0.525078
-0.271015
-1.14897
1.02055
0.811155
-0.424929
3.17139
7.74651
36.1794
13.1441
-0.504146
-0.0933975
-1.12778
0.259617
-1.85413
-0.16482
-4.14356
0.501479
-0.0784266
-3.64254
0.555513
-1.34516
1.18414
1.32894
0.44475
-7.12466
-0.384112
1.31913
0.441261
0.433162
1.92485
-3.6103
10.927
-2.03097
-5.09375
-0.468557
0.233679
0.815232
1.17139
-0.738472
-2.85099
1.54848
-0.245366
-0.159152
0.816878
0.955522
2.55632
2.20499
-21.7535
-1.88821
-0.927611
0.0525799
0.443307
-18.5406
-1.02269
-0.419827
-0.748897
-1.7708
2.37355
-0.412844
5.45871
-20.1723
-1.13734
-3.99801
-1.64331
0.578096
-0.964895
-0.654718
-0.157736
-0.320302
1.29254
0.391739
0.569886
0.0801721
-1.27814
0.898136
1.34334
0.642033
-0.463441
-0.630759
-1.3233
-0.95584
-43.4673
0.439453
-1.46718
-0.336406
0.285567
0.942499
3.2978
9.02975
0.163541
-4.77093
0.293578
0.760387
0.980429
1.02089
2.03505
-2.71028
-1.01134
0.353779
8.86847
-7.41703
-2.98377
-0.333513
0.609716
-2.29798
2.1338
-0.859092
9.70793
-4.33119
1.83227
4.73032
0.639087
-3.4389
1.42178
8.52315
0.111375
0.551026
0.0288734
-2.37056
0.372648
0.997386
-0.58698
-0.152469
-0.190715
0.782465
-1.54785
0.435497
7.00644
-1.74734
-20.7028
-1.06731
3.06496
1.69877
0.887982
0.0662955
-0.515778
0.958816
3.16146
-2.44891
1.1816
0.274408
0.770435
0.0924629
0.117852
-2.55514
-0.0769694
-0.76931
1.30649
1.45743
-0.176436
-0.655036
0.382926
0.229488
-0.26029
3.84528
0.0590014
2.26733
3.57787
-1.03461
-1.52372
1.48069
2.09275
1.22518
0.609913
-3.0946
3.70418
0.180662
-1.17194
3.26876
-0.260027
-1.14736
-0.152368
0.82535
7.64271
0.183287
-1.34227
3.14688
-6.88768
-202.521
-0.94365
-0.240827
-6.65671
0.037181
-29.3744
-1.15314
-6.50184
2.31238
-0.623642
0.422274
-0.445782
-0.784609
2.65675
-0.459955
-0.625364
1.18133
-2.39775
1.40447
-0.0391032
-0.0622434
-0.0513285
-0.104523
-3.48905
-0.635324
0.374847
1.22932
-0.33542
0.807812
0.512855
0.435189
2.11576
1.14073
-0.0626604
11.9614
-1.53427
-1.58002
-0.591519
-0.901555
0.297906
0.0950081
0.645625
-0.0561391
0.921512
10.2541
-0.565963
1.08595
-0.997407
8.90115
0.383163
2.71641
-1.0773
2.1749
-0.124219
19.6267
-2.58936
2.69287
-5.64158
-17.1596
0.378831
-0.797942
0.145896
-0.196502
-0.631071
0.307071
-2.2407
-0.0077252
-0.209509
1.73223
1.20838
-10.8285
-5.53299
-0.559423
-1.32589
-7.04882
7.88
0.23722
0.0267942
-1.88416
10.2176
-0.479496
-0.125187
0.20295
-0.703185
0.0717148
-0.487247
0.4792
-6.46805
-1.10899
0.295716
2.66846
0.806434
-1.6272
-0.48749
-0.0428078
-0.868193
-1.97734
0.974807
0.795392
-2.91691
1.32441
-1.67958
0.75499
8.77526
3.95197
-0.800966
1.15949
5.42475
-1.01934
-0.908359
0.884865
0.341678
-2.08694
0.588296
-0.0790395
0.187422
0.452067
-2.18805
0.744337
-0.119605
0.415377
14.5749
-0.0534309
1.36374
0.641914
-0.360206
1.60616
-72.1888
-0.0415221
-1.19381
0.0224865
0.982805
3.27653
0.137833
-0.262147
0.358601
0.558159
0.634157
-0.521786
-6.11859
12.6807
-89.4741
1.92976
0.117896
-0.260422
-16.0701
1.11115
-108.219
-0.710093
0.461437
-0.0796493
0.15277
0.0594318
3.28452
-2.47642
-1.3563
6.99021
1.34026
-25.0474
2.98245
-4.31378
-1.40095
1.60131
-1.55423
-1.27696
-0.0290516
-0.600096
0.778517
1.86942
0.578307
0.671344
2.21106
1.27371
0.96721
-0.233346
17.8534
1.20814
-0.189541
-5.92748
-1.61881
0.298554
2.04237
1.37661
0.228843
2.5122
-5.35009
-6.08057
0.0217297
-1.59122
-0.0197758
0.140627
0.707426
-1.94452
-1.28228
7.08389
-8.93098
0.299155
-1.63821
1.09158
-0.221835
-0.376148
1.072
0.455392
-1.68131
-1.70892
0.585797
0.381953
0.764798
0.834003
0.821285
-0.818912
0.215658
-15.1245
-0.204794
-3.95249
-1.26068
0.266573
-1.02355
-0.600036
-0.764778
-0.125302
-5.35933
-41.823
-0.254679
-0.1461
0.711789
-1.04704
1.21307
-0.445451
-8.27674
-0.406072
1.29361
-1.76476
-43.9801
-0.910018
-1.10435
0.593921
-3.2842
0.88837
2.65338
2.80811
0.0951467
-0.0121536
-8.5749
0.0552661
-0.461563
1.42162
1.36302
3.25065
0.341359
1.72551
0.523812
-0.218896
0.156987
-7.02796
3.24487
-1.07402
1.36399
-1.98219
-0.794158
1.93172
-1.248
-0.648689
-0.120171
3.87521
1.84474
2.02668
-0.653369
1.01655
3.19059
-0.0940787
-4.44745
-1.64356
1.24426
-0.000338006
-1.0451
1.74612
1.74231
0.430033
-0.310113
-3.24053
2.29595
-0.18044
-0.0719788
0.188768
-0.823303
-3.98793
10.9034
0.584932
-338.504
1.0134
2.43763
2.27348
0.431527
-0.223969
5.42855
0.988513
0.0790134
0.0119715
-0.157109
1.56443
-0.279767
-0.325577
-0.638663
0.36407
-0.748131
-0.273171
-3.8858
-0.24132
-0.541218
6.03966
2.01075
-8.36223
0.807116
-0.523724
-0.0902729
-1.68285
0.12924
1.43632
-1.09272
0.07505
0.270835
0.433842
2.83947
-0.952906
1.35518
-0.0471626
-2.70888
-1.57188
-2.07362
-0.319873
-0.0523588
-0.0839079
0.682455
0.809412
-0.206367
-1.86607
1.12973
-2.09005
-2.45846
1.20034
5.24631
-29.9944
0.280848
150.003
-1.62876
0.0163868
7.41565
-1.53074
-0.96101
-0.0673763
0.162761
-0.986344
3.0134
-2.08253
1.13263
-0.780465
-0.641711
-0.258986
-1.56246
1.89786
-1.56969
0.910597
-0.454799
18.7284
-0.661034
-0.825198
-0.503557
-0.885571
-2.68874
0.807184
-4.00822
-1.17823
0.780372
0.178453
-0.236114
-0.146969
-2.70065
-0.878735
-0.268384
0.178199
0.324069
5.17839
-4.15296
-0.498219
-0.140773
-2.74428
0.38603
-3.89577
-4.87987
0.355591
-56.658
0.841144
0.567416
-0.963279
0.717742
6.84253
0.256118
4.00147
0.482426
-0.545018
-4.78985
0.203319
-1.04402
-1.55689
-0.22909
9.9841
-1.30509
-21.6073
1.24728
-2.07037
1.34359
-0.205771
0.140902
-0.165699
13.8004
-3.13752
1.92727
3.15021
-0.700283
7.56321
-4.82555
-1.79687
1.37967
12.821
2.43338
-0.0347199
0.178603
-1.23835
-1.90659
-13.1119
-1.64484
8.12844
-2.05369
0.535535
13.8016
2.74885
-0.279379
7.18657
-0.669045
-0.23365
-0.125518
0.652849
0.235007
-10.4979
-0.454703
-0.878917
1.17456
0.29202
-0.0683311
3.15997
-4.87864
1.26212
-3.57707
-1.09088
-1.15742
-0.414091
0.454233
0.297773
0.132747
4.02382
-1.70737
-0.411523
2.4348
-21.7633
3.80176
0.200911
-1.66054
0.251811
0.279009
1.0547
-4.76232
0.556443
-2.65064
0.23074
0.24097
-1.51627
-4.06341
-6.66555
-0.681265
-1.8951
-2.54825
-0.33361
0.2798
-0.99566
3.33681
-0.392948
2.2277
-0.683028
-1.86374
2.19853
-2.60008
2.02909
1.10878
-0.730261
0.555773
0.397009
0.312251
-0.320701
0.948322
-2.49497
0.80772
2.34328
-9.71946
-3.35539
-1.41879
1.48784
0.186462
0.598106
1.76162
4.54969
-0.542781
-4.66845
-0.801981
1.90658
0.47727
-2.94028
-0.795169
3.03029
-4.31619
-0.41479
-0.0981184
3.08814
-1.542
5.40431
-3.61664
-6.01425
-0.102226
3.10986
5.16699
0.662957
-2.90804
-2.32993
2.12932
-0.730855
-1.52353
1.03861
-0.144785
-3.56551
0.149178
-1.54574
-0.914893
6.37687e-05
1.32102
0.400502
-0.224647
0.173416
-1.4376
-0.397571
0.432515
-1.10436
-1.24348
0.185838
-0.27908
-0.3343
4.1458
48.3267
0.706872
0.00880709
-0.210101
0.296457
-0.0350523
-3.90025
0.698834
0.0562345
-68.6711
-0.605638
7.55326
0.738436
2.01763
-0.897882
4.17813
-6.51188
0.919609
-0.176343
0.383576
0.0845531
8.45964
0.987293
-10.6058
0.174366
-0.496876
-0.375405
-0.738542
-125.717
-1.3068
0.345347
3.26836
0.457547
-0.083295
-4.13938
-1.25667
-0.0515875
-2.50372
-8.95858
-0.148294
0.105204
2.98537
1.57202
-1.48827
-0.234441
0.128746
-5.53792
-0.769984
0.525407
0.341329
-11.9507
-0.766879
0.500349
-3.70131
-7.70335
3.02234
0.66245
4.79603
-0.557915
7.63792
-0.482696
0.262345
-0.216179
-0.236141
-0.0967237
4.34996
12.597
-0.268232
0.741098
3.68905
-0.5365
-0.479117
-1.09219
-4.12728
-7.14919
4.63956
-0.361387
2.88603
1.36026
-4.68102
0.231976
-0.440354
-0.66306
9.37762
-4.24097
-0.18224
-0.690498
-1.98707
-0.00873797
0.583026
0.0673707
2.18828
0.809743
-0.0602767
-1.49031
-2.15905
-0.247291
10.4324
0.631811
-1.53352
1.66089
-0.509348
0.236794
4.8943
-0.165574
-3.33868
-26.8257
-1.67659
0.408915
0.458383
-0.260119
2.25103
-0.295001
1.29914
-1.52766
-1.21102
0.0936353
0.367712
5.98265
2.6254
-0.217242
-2.7853
-0.763305
-0.090342
-2.02142
-0.531593
28.3631
3.66389
-0.56942
-2.44715
0.777145
3.05936
1.77949
1.46593
-0.257343
1.35578
-1.82121
4.76197
-0.520297
-0.341824
-0.24326
-12.2636
0.0959883
0.406904
-0.501514
9.32592
-2.78264
-0.109038
-2.53332
-0.364407
0.163535
0.405162
0.580891
-1.2088
-0.194469
-1.50243
1.27765
6.39252
1.37449
20.105
0.914851
-1.4707
0.604315
-10.668
3.12956
-0.254443
4.7997
-1.63917
-0.321988
0.450105
0.63463
-4.26285
-2.36339
-2.90014
0.604905
-0.0978274
-0.183084
-0.64249
0.753526
18.4959
-0.300276
3.38698
10.0204
-0.12441
-3.50896
-1.37007
0.762948
2.97633
0.19471
1.72395
-2.26852
-0.67101
1.82918
-0.511658
0.232224
-3.10156
-75.0871
-1.33623
0.602154
-0.115934
0.211725
-3.56201
0.187662
-67.3622
12.4145
-8.85192
0.782437
-0.389735
0.143828
0.192131
-5.25096
0.26906
1.71087
0.276443
1.09301
1.00148
-1.2023
-11.4131
-0.486316
2.69031
-0.199324
-0.902264
-0.374661
-0.995209
1.05843
0.784659
-0.31647
1.35443
-0.322031
0.153964
0.853191
1.22401
-1.29371
-6.54293
2.81477
0.166615
-5.26621
-0.0384232
-0.411824
0.259224
-7.91656
0.28989
1.73726
3.47959
-0.123757
2.32704
-3.6263
-0.823722
-2.32885
0.632438
0.869018
-2.08557
-0.662015
1.64854
1.84658
-0.183491
3.44937
-0.667104
-51.3932
-1.21323
3.64915
-254.155
0.530889
0.0931818
-0.768222
-0.553297
3.19318
1.07489
-0.442314
-2.7165
6.93973
0.657987
-1.24668
-0.585249
-2.22478
-0.432013
-3.96107
1.67376
3.8518
10.1949
-0.871031
-5.30507
1.97184
-9.65862
-0.112673
0.0455253
-0.712323
14.2308
0.518537
0.172889
-1.25951
-1.07842
-4.55408
-0.37891
-0.573784
7.20479
2.91467
-1.05799
0.419696
-0.480103
2.84507
-4.07101
-2.24469
0.429526
-0.397333
0.0842635
-1.77637
0.698947
0.359722
0.119495
0.990749
-5.45302
-0.633438
0.377061
-5.38908
-0.405486
0.251685
-0.138225
-0.39016
1.54668
-2.49961
-3.37055
-1.00423
-30.4193
-6.16487
-1.13791
0.591423
0.935742
-0.340106
-3.57395
3.26018
0.435596
1.92719
0.603564
19.432
-0.575408
0.638108
-0.103018
0.453929
-2.12788
2.51516
-0.678917
0.366271
1.59811
4.91368
0.514977
0.457003
2.89264
-0.367803
-1.69128
-0.196388
-0.104169
-0.824611
-1.77231
-0.272098
0.384023
0.0617515
0.0900926
-1.06016
0.224611
-3.13272
-6.64553
4.45998
-1.36764
7.45155
69.325
-3.13763
-2.14775
0.454455
0.608779
13.2718
-0.641383
0.772267
0.877316
0.177178
1.22634
0.0368793
-0.542869
-0.0305153
-9.92159
2.44454
-0.309944
-1.72957
3.546
-1.54322
-0.435129
-6.68714
1.70004
-1.06607
1.49319
1.60377
0.969444
-0.590075
-2.66978
-0.770531
0.574211
1.78052
0.68001
2.46102
31.3344
-0.422789
0.0682153
-0.801016
0.543532
-0.511489
0.0344348
-0.0314862
-0.235947
2.32083
-0.223687
1.79093
-1.51161
-3.98225
0.15006
1.6763
1.49374
-0.183496
2.8347
0.954982
-12.741
0.192176
0.13408
1.54984
1.1059
157.095
-0.85647
0.189918
-2.25942
-0.13544
1.15314
8.081
-0.3745
0.267184
1.45552
-3.87718
0.00326784
-1.02053
-1.5392
-0.198565
-0.19532
4.35054
0.43982
4.18379
-0.753277
-0.124116
0.344049
-2.20209
5.93873
3.68006
-1.75692
2.21331
-1.3145
0.848492
1.67886
0.256583
6.29985
0.33799
2.69115
-0.363999
0.4378
0.704131
0.0556806
1.48912
-3.77233
-1.51643
-0.875936
1.48722
1.6738
-1.99325
0.281131
-1.50841
-0.197549
-0.657105
0.881012
1.10396
1.56938
2.85614
1.01428
1.21258
4.33452
0.318085
19.4023
-0.640237
-1.47146
-23.47
-0.11212
0.47013
-7.17546
0.847862
-1.02619
-2.13642
-0.282487
11.7672
-0.261372
-0.174363
0.170003
0.725589
-6.96079
-1.99517
0.417888
0.126827
-1.40845
-0.562956
-1.19453
7.84356
-0.457453
3.14182
-2.78228
-1.36735
-0.163142
0.384774
-1.78545
0.866444
-4.73882
0.324731
2.91615
0.913794
-0.826075
1.65414
1.96863
5.95994
-0.518358
-10.8517
-2.40117
14.9151
-1.2341
-0.693785
-1.27498
-0.582854
-4.33832
-8.02457
2.4095
-0.23747
-0.940591
0.997152
0.0629624
0.44401
0.0468546
-1.4485
-1.99624
-0.68096
-2.27228
-0.039516
-3.98408
-3.10951
-5.7861
-2.55822
1.25559
-8.15974
1.60668
-0.770599
2.07384
-0.85651
1.92166
1.43763
2.60048
-0.0743206
-179.318
-0.716863
-0.377851
1.14257
-0.166935
0.165496
-1.5771
-0.207664
1.07254
-0.357334
-0.971541
-0.147274
0.682656
0.39732
0.623039
9.98972
-0.0711878
0.724541
0.337576
0.304423
8.71615
1.33584
-0.193055
0.217273
-0.508687
-0.248883
2.47694
16.1591
-1.2728
5.74738
-1.33732
-1.36959
-0.389193
10.2099
-5.98087
0.707218
0.824162
-0.0755224
-10.7929
-0.870022
-1.35453
0.243637
-0.684629
-0.497708
1.35363
-2.36612
0.805978
-4.93397
-1.15475
-1.94931
3.34249
3.67949
-4.10324
4.59624
-1.0391
7.15509
-1.9782
0.589374
0.728144
4.68263
-4.38668
-0.45319
1.87634
1.78922
0.85116
1.41539
-0.556665
45.7808
-2.30565
0.757592
0.666752
0.00250843
-1.3338
0.370761
1.41036
0.0137471
0.796916
-0.0998631
-0.161429
0.0611203
0.29809
-3.01343
-0.338589
0.119
-0.823479
-0.497699
-1.09633
-1.9964
-1.67704
-0.962459
0.940239
-0.401848
1.07176
0.602733
0.0111575
-3.38226
-0.103268
0.909686
1.06658
0.661745
1.39926
-0.326547
0.816939
0.558057
4.54822
1.84434
2.5528
0.770747
0.186768
-3.34154
0.0236258
1.21047
-1.18661
0.319636
9.90865
2.22168
2.08248
1.63373
-4.99374
0.210692
38.7174
1.33787
0.749714
-1.54732
-5.02347
4.63213
-0.244284
1.77515
-0.00200744
0.936763
-1.05922
0.241779
2.34247
3.10903
-2.0259
0.881969
-0.596901
-4.17494
108.449
0.975217
0.512379
-6.87504
0.423468
2.5825
1.0041
0.129181
0.0835786
0.339932
0.762824
0.971858
-3.49677
-2.86166
-3.57877
1.42751
-0.917222
0.116881
-2.15411
6.46595
2.1654
-0.480562
0.370917
0.386346
2.36705
0.289156
0.202009
-0.167154
-1.03171
3.2066
-1.45035
-0.210663
0.828966
0.643211
-1.7079
3.01415
0.695755
-2.75872
3.06634
-0.313251
1.00264
-0.539268
-11.4417
-2.89747
0.396762
13.0166
-0.221088
-2.56947
0.869197
-2.4549
0.55812
-3.25598
-0.149969
0.597693
-12.4088
3.28328
-0.179841
1.90594
-1.22891
0.477569
8.62628
0.903219
-6.7908
0.27994
-7.79662
-2.09504
0.00981018
0.687342
-1.76654
-1.06089
-1.7041
0.327063
-2.48369
-0.537999
-0.215321
0.880988
-0.849935
-0.486733
-0.270839
-1.45061
0.909962
0.93344
-2.05653
0.410056
-0.171141
5.33926
11.1237
6.02778
0.810817
-0.238314
-0.97304
0.742467
15.2048
0.276592
1.97936
-0.388743
-1.53563
0.127799
-0.701324
3.73938
2.52461
-0.4445
-3.6704
0.0105381
-1.26723
0.144875
0.0576644
1.23959
-0.0566723
3.73419
-3.44502
-0.632284
5.7685
-0.371683
-0.149954
0.170139
1.77617
10.2277
-0.451859
-2.93478
-0.0807451
2.02363
-3.43609
-0.0372371
-0.357091
-0.191434
0.0722291
2.54633
4.81585
-0.849521
-1.13275
0.0226125
-0.960656
-0.644247
-13.7968
-3.00664
-1.14704
1.23926
2.43091
0.192239
-2.9225
-1.89554
0.806714
0.929436
0.954304
1.57661
0.0942221
-8.2988
-0.434128
1.21685
0.103459
-2.50649
-0.672561
-0.734568
59.2951
-0.794474
-8.15947
-12.9398
-0.8199
1.29062
-0.0966736
2.57469
-0.411644
2.13723
2.06151
0.532471
0.335517
-0.634593
1.46313
-1.31577
0.144256
0.113192
-1.25885
0.225825
0.515786
0.425858
5.63075
0.17152
-0.70907
-0.842936
-0.221572
-0.753937
-17.8332
0.451359
-1.42888
-0.0878048
2.9404
-0.359223
-0.124727
-0.778626
1.49487
-0.769501
0.687686
-2.05251
-0.267683
2.60031
-0.519458
-0.921353
0.509379
11.5718
-3.41274
3.77804
3.93122
0.732822
13.5904
0.66088
0.151095
-13.1897
0.0589643
-0.571379
1.32419
5.83943
1.57828
-4.37221
-0.152397
1.80956
1.15205
-0.991329
-2.34034
-0.198549
-0.0685305
-1.28251
-0.980944
-0.889553
-3.77662
-1.64186
-0.207291
-5.6816
1.85984
0.045239
0.875579
-0.403818
-15.6643
1.56784
-3.31771
-1.72955
0.683286
2.774
2.30651
0.376377
-0.668118
-4.45558
-0.270033
-1.9515
-0.291042
-1.8067
-0.000468126
-0.782352
-0.157485
-127.122
-2.29385
0.0861363
-0.257232
4.84195
124.773
4.95841
-6.10595
-0.171135
-0.179981
0.0766368
0.406247
-9.05027
-1.00746
0.37279
4.63535
0.603922
0.496668
-8.02556
5.61943
-2.36422
0.922463
-0.18018
1.22068
-1.18812
-0.0742753
3.225
0.636823
-14.1993
2.39049
2.07709
-1.2381
0.397775
-3.77053
-2.80481
11.4641
-0.951798
-0.628882
2.21429
1.39868
1.33032
0.347748
-1.23754
-1.06432
-7.08662
-2.18458
-0.245342
-0.39014
-0.44497
2.90332
0.236529
3.41375
-0.257107
-3.69467
0.0262225
0.900936
0.553593
2.25293
-2.35284
-2.04447
0.125445
-0.264823
1.86643
-1.13719
-0.835708
-0.0278868
0.492852
0.581752
-0.197847
1.66867
-0.318542
0.726322
-0.418616
-1.87027
12.8552
-36.3512
-0.789108
-3.79571
1.14375
-1.10938
-0.340526
0.196244
0.316958
1.15837
-1.18273
-2.11442
-0.93559
-4.09383
12.4464
6.69978
-1.62895
0.515728
-2.56309
-0.933799
-1.17554
-1.75437
2.71009
0.841617
-6.23052
-122.556
-0.516041
0.802429
-0.0113736
-1.96444
0.237403
-145.669
0.845295
2.41242
0.151348
-0.501731
-7.09966
-24.3055
0.163722
3.64394
-1.29907
-0.745163
0.403423
-1.10986
659.168
0.24099
-1.01175
0.530353
2.52465
0.234174
2.30132
-7.0272
-5.49104
-0.657983
-0.890451
-0.0702994
2.96587
-1.47449
8.73007
2.12503
3.8488
19.683
3.25788
-8.39808
0.491618
0.593745
1.01847
-1.61609
3.25294
0.0350647
1.65063
-0.573583
0.98427
0.0155712
-0.479422
3.35717
-1.713
0.386856
-0.737668
0.886067
-2.37456
2.43778
2.51636
-1.22609
-10.3248
-0.15871
-9.45098
-1.27079
-0.328614
0.134954
-1.55822
0.862688
2.54352
-0.497784
1.75565
-2.09464
-0.335932
1.0013
0.548304
0.742062
1.28371
0.503883
0.0745203
-0.5738
-7.73974
0.0627959
0.705205
-0.435191
0.1468
20.0436
-0.445909
-1.0288
5.90095
-4.25762
0.211689
-0.326815
-1.77887
-0.199174
-1.57739
0.0155478
-1.65194
-0.0195959
17.5854
-3.32601
-6.32235
-2.3259
0.303332
2.42022
-0.571683
-30.4514
-2.33399
0.0770772
-5.56603
0.318794
0.261472
-12.0648
3.98662
0.0422566
-2.40521
-1.02662
-0.540716
0.435666
-0.811765
-1.03935
-2.2473
-5.12594
-2.51083
1.55957
0.510286
0.383714
-0.349495
-0.437363
1.09484
-1.03953
3.94091
0.31876
10.1229
1.51743
4.80239
2.37717
1.15299
-0.764821
21.0399
1.15152
1.25181
-1.75429
-2.82823
-10.6881
-15.8928
1.38944
3.06296
0.591539
-1.55268
-0.0772165
-3.94102
0.373768
-0.373119
1.7839
-9.43349
1.55441
2.15544
4.66473
-5.04864
0.0256956
6.37021
-6.90491
8.27318
-2.77455
2.24881
7.45468
2.12259
4.62023
-0.946732
-1.74475
-0.122357
1.25348
-1.21525
-0.24712
-2.35972
1.63835
1.66697
-4.59175
-0.305756
0.645085
600.447
-1.42796
-4.48038
-2.01313
12.7324
-3.00817
0.779643
-0.216034
-0.0474849
1.67462
-49.0338
0.0688703
1.57169
-2.51695
0.47324
3.5683
2.4099
-3.96306
-0.705998
1.31059
2.46765
-3.12648
-1.11909
-0.523764
2.1099
0.364865
0.109791
0.183107
-8.04631
0.848335
-0.410952
6.85699
1.59073
-12.2413
-0.347134
1.31016
4.28441
0.960689
-1.67503
-9.43863
1.54925
2.88644
3.47961
-6.23117
0.398799
-1.33146
0.222347
0.807519
0.450311
-3.00052
1.22331
0.385043
0.237947
-49.368
-10.6084
-0.0401961
-1.31615
-0.786937
-0.916364
-0.839692
-1.8064
-0.344728
4.68713
1.68912
-0.145275
0.261658
-24.0475
-2.77051
0.937647
-1.33946
1.73466
-6.35582
-1.29457
-0.870547
-0.0791254
2.32074
-0.370267
0.912487
-0.85966
-0.0553115
-0.680635
-0.737369
39.1928
-1.77289
0.0146312
-1.50574
1.9415
2.27835
-1.8976
0.93215
0.574462
0.45609
-0.330252
0.139479
-0.0916757
0.694514
-4.69075
0.571237
-1.59391
3.63371
0.381489
0.884239
-0.373071
1.00648
0.515351
1.64028
-0.878924
4.55564
-0.576628
0.549154
-0.44436
-4.07813
43.3824
0.862204
-0.370535
0.524783
-0.307371
0.448303
0.899482
0.857595
-13.5901
0.5071
-3.12666
-16.8458
1.52791
-1.11579
-0.427645
0.505072
0.609023
-3.04221
-0.514679
-2.61787
-1.19174
0.0205366
0.978191
-2.80833
0.0458789
-5.29097
-0.668606
-0.548794
-11.6724
2.68176
-5.29155
0.910283
0.0366483
-1.38509
0.735934
-0.558954
29.5004
0.946658
-1.89021
-0.365661
-0.986397
-10.8768
0.856206
-2.35571
1.1059
-136.326
0.183959
0.0876116
0.0508516
0.215857
0.25013
1.05864
10.8282
0.586963
-3.01477
0.845159
-0.20527
1.37622
-0.55666
-0.767199
-0.582853
-0.459038
-48.6565
-0.488495
0.454154
0.929546
-0.182212
1.0126
-0.446716
-0.39867
11.5767
-0.441062
0.891042
-0.334275
0.0876599
-38.055
0.324475
3.09541
2.6281
-1.27347
-0.556805
-0.188026
-0.473814
-0.987005
1.63139
-1.32826
-7.71295
1.59615
-0.500624
0.451143
1.38063
5.32729
-2.39505
1.29238
-0.0350168
0.344431
0.624356
0.16349
-0.561648
0.612102
-0.0525931
-0.458644
15.6809
-20.7955
1.28512
-1.17407
0.0836439
0.0674602
0.480787
0.445146
-0.472724
-0.834075
0.217811
0.48739
4.47548
1.34142
0.428308
0.915087
1.11738
-0.600183
0.666327
-2.80943
0.217344
-1.17631
1.30546
9.74292
4.52609
2.03731
-0.0120548
0.029207
0.980109
1.17848
0.292909
-0.729444
-8.40178
1.01216
1.60534
0.446087
-1.25111
-0.935033
-0.164717
2.00472
-1.30169
9.59544
-0.351316
0.0257167
-7.81171
-48.5157
7.63905
-1.61317
-0.317348
-792.61
0.629308
0.623805
-0.545794
0.410624
-0.053984
1.13387
1.02675
4.06346
2.94334
-2.25313
-8.13862
8.30005
0.890301
1.53699
1.32968
2.25728
0.251965
-0.483371
-1.3644
3.66966
-0.616649
0.24545
1.13057
-0.120383
0.882474
0.450167
-1.57171
0.889175
-0.00341815
-0.791048
-0.437116
0.48082
2.173
-0.25814
1.1592
2.50169
-1.83457
1.07609
0.217762
0.522435
-0.238292
-3.44648
3.88172
-0.271529
-0.975991
-1.60362
35.1911
2.75297
-3.67533
6.55894
-4.68834
-3.98978
-2.25256
0.947069
-1.16386
0.0040349
-2.87808
1.15143
-0.893587
-4.92035
5.43809
-3.11316
2.27692
-0.386879
0.724439
0.0195765
-0.679958
0.470331
-0.327992
-0.195648
0.702969
-0.724801
0.244439
-1.41231
0.875619
-0.576755
-0.522698
-0.842637
-0.512461
0.0734111
-1.16439
-0.848305
-0.228981
-0.00299435
-0.455826
2.70354
-1.62297
-0.718168
-0.244906
0.717406
1.3733
0.162571
-0.288171
-1.13625
-0.201395
-14.3897
-0.499479
-0.227632
0.887739
-4.4095
23.3396
-2.90953
-10.1563
0.965693
-0.410438
4.28867
0.701055
-0.48797
0.322919
-16.1606
-6.03725
-1.76439
11.3285
-1.23332
-1.23924
1.23521
-0.0645323
13.7137
-8.86677
1.42348
0.434737
-2.88491
-0.122001
0.320697
-0.312709
-4.05599
0.293186
-0.131608
0.370692
19.6507
-0.287369
-0.340386
-0.908558
-0.374553
-1.02725
0.0677232
-0.382243
-0.203375
-1.96748
0.688906
0.272498
-3.8393
1.42294
12.4385
-0.991121
0.64095
-1.79682
0.114204
0.114004
-0.525054
-0.816485
-1.03117
-0.76815
0.0195476
-1.3842
-4.60718
-0.907602
2.97112
0.184443
-1.64791
12.39
-19.2499
-0.801956
-0.366241
-0.860312
-0.451461
-0.665913
0.616066
-3.78555
-3.85306
0.768857
5.77555
-0.111857
-5.90062
-0.0508162
0.116446
-0.0784619
1.8695
-0.0126744
6.50796
-4.05593
1.27499
0.0842907
-9.05227
-6.04424
-2.35336
1.01462
-4.34901
-1.57583
1.09395
-3.28505
1.34591
2.03691
3.96518
0.0904252
1.48804
0.505419
-0.454989
-0.386125
-0.217875
0.584185
-0.135766
-0.304991
0.422189
0.396803
11.346
-0.429213
-4.1804
0.76482
0.505301
2.11013
1.91279
-0.732507
1.13917
-0.222519
12.5047
-63.174
1.74474
0.49661
8.85344
0.662543
-0.262682
-0.378789
0.902398
9.82132
3.10892
6.16008
1.36471
-0.705541
-0.51241
21.1754
0.666018
-1.04716
5.32672
1.32324
-0.432557
-0.701322
-1.16616
12.7375
-1.04193
-0.035467
0.246122
-0.254423
-2.07931
-0.0240435
1.24129
-0.159241
1.1944
6.67499
-7.39466
0.506406
0.0765302
0.81846
23.5968
-9.02566
2.32115
1.84292
18.1668
-3.7666
-1.57321
2.60181
11.498
0.229371
-0.611658
-0.334316
0.930949
-66.2143
1.76571
-0.62502
1.95354
-0.197314
-0.0235827
-0.729067
0.555738
-1.28042
1.28187
1.03905
1.63729
-0.246473
4.0217
0.222872
0.522643
0.647702
-0.558344
-1.70574
0.310925
-2.06094
-0.533824
-0.0376672
1.30837
-29.2873
1.05037
18.4509
-1.03415
-0.345508
-0.512588
-1.36147
-0.178337
1.12703
-0.639781
0.838733
-1.3717
0.0853662
115.65
0.641558
1.13329
0.565086
-2.21947
18.8515
-25.2293
30.445
1.52514
-0.114691
21.4757
-1.34316
-0.424004
12.9082
2.20259
-0.115489
-0.380989
-1.23607
-3.53815
2.52838
0.0693433
-1.90422
1.86493
0.802701
1.74629
0.281158
-2.97662
-0.330282
-7.38967
0.0908993
-18.986
-1.25797
-1.79852
-196.468
-2.16098
-0.437982
0.959498
-2.48273
-0.580502
1.89877
-0.805958
-2.25823
0.834286
-8.5437
0.98551
0.888662
-0.851938
0.497774
-1.15371
0.327781
-6.68513
-2.18721
1.53231
0.604608
-6.18254
-0.470352
0.741687
-2.29713
1.28405
0.875578
-1.87439
-0.0466696
2.08785
1.78936
0.680547
2.22003
-1.75974
-8.77719
0.530453
0.776039
0.0702314
1.7862
-0.378132
1.61951
2.12826
0.619988
0.740344
1.55899
-0.202198
0.258437
-3.12958
0.294395
-0.641182
-0.0932737
-0.177976
-3.52271
-0.599709
0.323399
-0.642502
-1.09785
0.644883
-13.541
-0.259247
1.61436
4.44317
2.08252
-1.11826
-1.58043
-0.117693
0.601398
-3.32366
0.64415
-3.78287
2.73896
0.100662
-0.783173
0.616212
-7.3445
1.04719
-4.82414
-1.2146
1.38339
-0.913267
1.17709
1.61418
-0.0882388
0.858551
0.11678
0.0541222
-0.42347
3.01238
0.776994
0.540445
1.78155
0.292079
-5.28559
-0.771801
-1.50912
0.304227
2.18921
-1.6923
9.08314
0.37467
-0.157797
-0.247419
1.09033
5.93229
-0.203931
0.658666
0.746412
-4.61515
4.20146
1.23129
26218.4
-1.85225
1.30147
-0.625623
143.2
-0.0114913
1.83672
0.642827
1.84576
1.00479
1.0023
-0.382004
1.85539
0.0125815
1.46691
-0.180167
-2.65803
0.0719693
-1.30761
0.0459889
2.54497
0.76286
-0.950215
-2.06646
0.58892
-0.226786
2.68742
0.414334
0.176381
16.6947
-1.52139
-0.0616946
0.380558
0.221762
2.5515
0.901127
-1.01228
-6.32635
-0.427702
0.244726
-0.783926
-0.590834
-0.673185
4.22093
0.382579
1.89859
0.43618
-0.706732
1.55332
-5.13747
2.56205
0.478343
-0.0862595
1.76616
1.46749
-0.174411
0.67571
-0.172308
-0.247959
-0.21424
8.63766
1.20746
-1.51011
0.499999
0.0224178
3.65273
0.32933
-1.24773
0.175445
-10.3546
0.66209
0.998741
-0.556787
-2.76979
2.67293
2.09867
-0.374519
0.406212
2.67857
0.19569
-0.154023
-0.0927391
0.287649
0.710194
3.04492
4.14189
-1.70216
0.610068
-5.67118
0.134539
-0.56006
-1.06395
-0.447858
0.424443
0.25725
-0.854711
0.810238
0.21229
0.622152
450.183
2.60688
-0.893689
5.8574
-0.81757
0.0918673
-0.817848
0.623095
2.64787
0.932465
-0.592631
0.436154
-0.282393
1.67872
0.861513
-0.416094
-1.77971
0.52459
-0.761816
4.94431
-154.697
-0.951087
-4.18084
0.651384
-0.430549
-0.554666
0.755677
0.328494
0.19709
-0.640372
-0.942474
-49.8814
27.3111
-8.30461
0.179801
-3.08795
-1.92952
-1.28894
-0.894905
-1.67963
9.48591
-0.76885
1.45607
0.0752148
0.652405
0.680487
0.265631
0.236257
-0.111651
-46.9252
-9.5195
0.704004
-1.11329
23.0182
-0.952102
-0.258407
-0.522468
-2.56331
0.149028
2.18379
-0.489562
-0.499899
0.210256
1.48286
-2.87252
0.284355
-0.381716
1.85422
-1.04936
1.19464
-5.27707
-2.91217
7.29102
-0.640672
1.42255
1.0805
-0.560057
0.16286
-1.31173
-0.265641
1.57692
0.531351
1.76375
0.90347
0.996445
3.43965
0.124827
-0.149107
3.24258
0.284856
0.203321
0.648093
-0.102235
1.85584
-0.185711
5.13765
-0.286918
-0.0084199
0.324518
-0.503697
10.6508
-0.990015
-0.414316
1.83182
0.969799
-0.525042
-1.20486
-8.08888
-0.491395
-2.05987
-0.3681
-0.833849
-0.480756
0.282345
-0.964661
-7.76844
0.282132
-0.752804
-0.767935
0.275113
-18.8959
0.858203
1.15783
4.01772
2.58831
3.2542
1.81924
-0.675155
7.74903
-0.102362
-9.20998
1.29387
0.183483
-1.6011
0.44558
-2.35618
3.42684
0.73342
-5.40111
0.0773675
-44.1813
-0.198898
-0.69663
0.235857
-0.0452806
-1.89231
-0.228228
0.232236
0.493195
-0.150296
1.59315
-0.494833
3.95794
0.0280814
0.805463
-0.480316
1.81115
5.0769
-0.326082
0.0657373
-0.207256
45.47
-5.30997
0.295618
4.5624
2.47111
1.02834
-0.877194
2.40095
-11.5549
-4.79208
2.32286
0.0296985
-0.996884
2.69549
-0.695821
0.0794689
-0.482807
-1.13676
1.34417
-11.6346
-10.4009
0.75514
1.12887
-1.81207
-0.797469
0.225069
0.223879
1.39073
3.09123
-1.38046
0.25492
0.103305
-2.41264
-3.24771
0.0221125
-0.97119
-11.9811
1.16996
0.700667
0.247753
1.04038
-4.42671
-1.07008
-5.94966
-0.174776
0.78125
-0.909835
0.309364
-0.560191
2.50017
0.0135416
0.0428598
-2.2486
-0.184277
7.36103
0.42267
0.335116
-0.112788
-0.461625
-0.685049
0.611647
0.277245
1.46602
-3.121
6.08316
-4.88883
-0.197297
-3.25124
0.223914
-0.79152
3.27515
0.488805
0.139023
-19.193
-0.493633
-1.17175
0.767304
0.0156142
2.20613
1.06371
-3.42665
35.6816
3.16815
-1.65677
-0.815264
-0.250539
0.691238
0.388165
-0.0102553
14.3588
0.702243
0.782078
0.0541303
-4.47714
2.73541
-10.5805
1.10916
1.27666
-9.43525
-1.19554
13.7157
0.708097
2.02763
-4.22985
0.576381
0.668637
0.240764
1.45339
3.95713
-1.41149
0.468918
-0.226267
-0.407925
-4.37912
12.2222
-3.0996
-1.27439
-1.16946
1.77908
2.88173
-1.03895
1.90618
-1.98063
1.26049
0.300529
-0.759208
-7.93494
4.62456
-163.233
-0.581366
-4.79717
-8.31802
1.64295
-0.724589
0.692804
-0.245289
-0.409662
-2.24032
152.714
9.21258
-2.76542
0.13098
-0.380083
-13.7734
2.01234
-0.137386
-2.70882
-0.79178
-0.00251516
-1.11174
0.596976
1.00417
0.237056
2.03007
3.47549
-1.06752
0.31549
-4.65678
-0.421736
0.107875
1.40275
-0.767818
0.238444
0.491597
0.891961
-1.48676
4.87108
0.0359508
-1.20709
1.27541
0.237708
1.43047
28.0824
-0.616931
5.4115
2.73756
-0.285803
0.727862
-9.51409
0.448668
-9.72536
0.199003
-2.34845
-3.20621
-0.538171
4.38108
-0.818522
-3.62149
-0.115736
-0.0625666
-0.431134
2.1409
-0.457414
-11.8544
1.30824
0.128037
0.33865
7.75825
-23.7944
0.401452
-0.642849
-0.810802
-0.946913
-0.580403
-3.91695
-2.48111
0.473306
-0.0734394
0.869086
-0.305736
6.94476
-3.6867
-0.662578
-0.635506
4.03521
0.108041
0.574021
-0.245573
0.767328
3.69856
-1.88779
-4.18042
0.079903
-1.76693
6.94842
1.85919
1.74642
5.78648
-1.04618
-0.932658
-1.13627
-1.23556
0.332707
7.25683
-1.61522
1.185
-0.226441
0.494369
-0.390532
1.18833
-12.8756
0.00312658
-5.92569
2.91904
0.314065
-1.62012
0.26259
-0.133593
0.0439001
0.33475
-0.551771
-6.98221
0.147564
-3.15063
-2.39081
0.360042
0.570092
-2.68555
-1.70344
1.14
-0.869843
-1.93136
-2.68185
-1.81259
-17.927
-5.42313
1.53488
-0.673207
3.17197
0.506385
-0.43089
-28.1387
-7.4382
8.57525
-1.42175
-7.27112
2.19307
-0.929132
-0.427798
-1.97328
1.1272
-0.642738
-2.93744
0.139712
-0.368989
1.55723
-1.47632
0.865957
2.02756
-0.508348
2.06815
-1.28442
-0.30271
-0.829165
-1.67425
-0.166816
0.653672
0.506569
-1.0299
-1.98795
-4.56538
-0.310152
0.00810252
0.258544
-1.18917
19.1715
4.97446
1.09108
0.45072
-0.388711
-2.46676
2.76811
0.944315
2.52689
-0.655249
-1.92648
-0.49607
3.72136
0.13597
0.355952
-0.65451
-1.21847
0.209919
11.111
-5.71759
2.55454
-8.56671
-0.193658
-17.3519
-1.39706
-0.512936
-16.0083
0.576141
1.02735
-0.352427
-0.848654
-3.0552
0.262707
1.3983
-1.23855
0.378254
0.166235
7.23692
-4.24826
-2.0364
-2.38309
1.31644
-4.11859
-1.53627
5.56231
-5.75312
2.42889
-1.95252
-0.00625679
-0.468833
-2.24256
-0.927079
0.342373
-15.449
0.36038
1.53707
2.27541
-3.30798
-7.70184
0.559452
0.890644
-5.98767
0.960181
3.54077
0.565611
1.72263
-0.776683
-1.59787
2.03671
3.2733
-0.574402
0.134571
0.660614
0.0532719
0.574827
3.2088
1.97429
-25.5355
-0.34172
-0.491073
24.0621
-0.933337
0.488564
17.0146
-1.9495
-5.66719
1.3794
-0.729278
0.0251431
1.47517
7.25442
2.79179
0.986351
-1.17337
-1.31153
-0.29608
0.0778746
-0.296413
0.121186
0.648948
0.370521
-0.198777
0.607718
-1.08254
-0.205699
1.34165
18.6809
-2.21908
0.293275
0.510931
1.05997
-2.71104
-0.492468
0.255164
-0.167299
0.674545
0.892138
-7.13541
13.2292
-2.57598
-0.598237
0.0246262
1.12032
-0.83144
-0.493976
-0.501658
-0.153622
2.55634
1.35474
-0.522391
-1.00927
0.439177
2.78182
2.36165
0.343186
0.468237
-1.88649
9.6317
-1.06592
-0.0395315
1.2615
1.63208
0.0612097
1.42999
4.97416
-11.3532
-1.07909
-0.590655
-0.486485
0.3312
-0.00647235
-0.64415
-0.822894
-1.35529
0.987286
0.566535
0.226967
-1.31656
-5.34333
-0.313221
1.92676
-0.871895
0.473331
0.533824
-0.702226
0.739241
-0.738922
-3.66307
-0.408382
0.36865
-2.2818
-7.24797
-0.0850598
1.80939
-1.57485
0.888109
-0.0661249
0.323357
2.1264
0.337017
4.31524
-1.39224
3.01581
-0.891534
-2.33659
-0.85273
1.71766
-1.50479
1.29645
-1.78492
3.38516
-0.85481
0.364702
-0.958802
-1.34693
-0.521153
-1.69626
1.45495
0.891132
-2.54748
-0.232271
-0.707152
-7.01773
4.04453
3.32896
-0.27442
6.20212
0.0924599
1.58551
-1.17809
-0.594331
0.255028
-1.6845
0.726262
-1.77346
0.153983
-1.25263
2.00083
-0.331513
-0.830603
-1.01829
-2.61993
4.49428
0.650662
2.55302
0.948817
-1.8307
3.70387
5.78535
0.23457
2.20332
-1.06449
0.594827
2.30325
-1.90515
4.80575
-0.158007
1.49821
-1.01939
-0.613407
0.0959466
-1.41166
-0.0270316
0.536253
-0.431354
-0.687313
0.0883235
1.36125
3.9841
-1.30939
-0.241329
-1.09446
-5.54019
-5.49466
-2.58845
0.241626
-8.93291
0.845771
-4.80402
0.694968
-13.6973
3.02051
1.3567
-2.9894
5.33627
-1.55212
-0.346797
-0.644903
0.0583574
-2.97285
11.7164
0.246892
-0.0602246
-0.404057
-0.664344
2.0031
4.99676
3.01028
1.15449
0.082297
1.73046
-1.4861
-9.05513
-0.444145
1.71785
-0.785109
1.3479
0.913464
-1.25885
-1.21236
0.14354
-0.118787
1.565
-2.71527
7.70543
-1.52819
-1.65323
-0.0826378
-0.623857
0.202565
0.347024
0.269219
0.0932671
0.477861
-0.419767
-1.65583
1.44332
-0.219656
1.27891
1.01459
-9.64526
2.55533
0.268564
0.580448
-0.24791
0.969168
2.16923
-0.77935
-1.84616
-3.84926
4.97022
-65.2419
-1.89588
0.433278
-1.43245
1.24054
-0.797638
3.48405
-1.14167
-1.66823
2.15607
-0.599242
-0.407259
-0.533417
0.342884
-7.05919
-1.32183
-0.84287
0.277957
2.22962
0.173489
0.720979
-2.69027
-0.377819
-0.299145
-22.5788
-1.82503
0.0956318
2.24562
-1.09393
-8.24156
-1.77817
-1.65069
0.405701
-0.404931
-1.11134
-1.44691
-0.224393
-0.251986
-1.03667
3.78907
-0.939771
4.02085
-0.23298
1.64174
17.6639
0.791152
-0.11285
0.663858
-1.38488
-5.69561
-2.14985
0.3234
0.476567
-0.671241
0.408673
-0.382462
0.301047
2.71693
2.68699
-0.653517
-1.80951
9.8205
2.59431
1.97189
0.584344
1.06335
1.20805
-3.03813
-2.50477
3.7431
0.881103
-1.26387
-1.81396
3.51736
3.84244
0.043235
-0.106567
-0.0311664
-0.23529
0.294269
0.181129
-1.12112
-0.41278
2.26344
-0.0228845
1.0017
3.11879
-0.419371
-0.807314
-0.348175
-0.0603025
-0.607651
1.11917
-0.0969662
-0.272458
1.47973
-0.522101
-1.68398
4.35823
1.67322
31.4782
-0.190164
-46.9127
0.562978
-2.08416
-2.41966
-0.866018
2.29615
-2.00095
1.01155
0.780685
-4.53243
-2.0018
-1.36134
1.54136
0.148253
0.00826561
-1.26386
2.05377
0.531027
-13.0141
-4.93419
0.222929
-2.45922
2.83907
0.395092
-0.527254
-1.2618
-0.708928
-1.37841
3485.55
0.33935
0.447582
56.6683
1.1848
411.741
-0.988302
-19.2348
0.406695
0.199345
3.85054
-0.697535
-0.103159
2.84076
1.27116
-1.31808
-2.4113
0.172156
26.6093
-0.0188797
-9.58019
-0.976356
-0.399854
0.863861
0.600709
-4.27632
0.356642
2.24648
-19.9651
-0.390857
0.877265
0.665629
-0.589582
324.695
-0.263862
-2.07118
-1.09075
4.94482
1.10236
-0.472846
-2.81139
6.25382
0.0782957
0.0764843
-7.53506
0.506537
4.64889
-0.451251
-11.6517
1.82712
-0.129908
-0.996377
-0.242752
9.0306
-2.35306
2.40195
1.64964
-0.775425
39.1324
-2.97754
-3.70311
-3.25613
0.917076
-0.383707
-0.143338
-0.90584
0.612449
-1.03751
9.56223
-1.66304
-1.71437
-0.819783
-0.721863
0.273831
-19.6328
0.592147
0.0551244
2.67088
-5.02066
-12.3897
-0.758544
0.0500503
-2.06654
-0.446397
8.40052
-4.10121
2.58668
-0.897947
-0.205464
1.44608
0.057413
-327.632
-0.770156
-0.601433
-28.0456
0.981595
-2.33345
287.03
1.43466
0.679137
-0.777299
0.252962
0.523265
-1.48857
0.793504
1.45473
-0.480727
24.4099
8.17678
-1.46282
1.93506
1.02027
-6.05266
1.33489
3.53023
1.58578
16.9495
1.22363
0.839102
4.02444
0.706279
-0.617633
-2.42624
0.330262
-0.18224
-0.220205
0.935916
2.31461
-1.48924
-2.61514
-0.833779
-1.85906
-3.98543
0.294301
-1.98497
0.217008
-0.319369
-0.335881
-1.58479
0.132435
-0.374728
-1.1659
-3.64144
6.07697
-0.188803
1.09966
0.322793
-4.6268
0.450752
-0.754157
2.04519
-0.0428382
0.373843
0.0564852
3.37249
-1.76326
0.318966
1.07671
1.39428
0.125841
-1.06064
-1.82226
0.0678096
2.18061
-9.48869
1.2924
2.14537
0.627267
0.492268
-0.76554
0.639837
1.67604
-0.255016
0.732893
-0.306069
-3.14504
0.296198
10.188
0.850457
3.89453
-0.844658
0.506607
-0.70994
23.7444
0.354214
4.69474
-0.0615136
-0.865911
-0.0817341
1.03816
-1.01229
-0.219763
-1.41072
3.75268
0.829384
1.70111
-0.259919
0.648378
-0.505438
-2.59933
0.831973
-0.345471
0.644484
-2.34945
0.693359
-0.72947
1.05668
0.560568
7.21183
1.51655
0.358901
5.60961
1.39516
-1.30776
0.360359
10.4501
0.713479
-0.21139
8.95534
-1.37781
-5.76765
-0.164979
-7.94078
-0.21237
0.444637
-0.456827
0.035007
-1.80862
-0.947277
0.611991
-2.42718
-0.856893
1.02251
-0.229784
1.57058
0.415509
4.0382
0.122105
0.594611
0.294873
8.21698
1.38371
3.05
-0.470867
6.17862
2.00791
0.226025
-15.8508
-0.870361
-1.13503
0.491126
0.0892298
-0.266184
-0.208363
-4.42633
-2.80444
229.259
4.1247
0.22748
-0.67277
43.5597
-1.0678
1.01233
0.594434
0.558621
2.51627
2.95431
-0.791684
0.853972
0.280839
-0.868511
-0.0847724
-52.9423
0.208153
-0.0841789
-0.150798
0.196745
2.56187
27.4541
0.561553
-0.135408
-0.0794307
-0.910461
-9.96348
1.10316
-0.801409
-0.1361
-0.799363
0.496165
-5.58241
-2.787
-0.368644
0.316175
-0.803156
0.0323009
-1.65689
-1.51784
-286.333
-0.407801
-0.0207126
-2.40135
-16.5321
-2.96619
-0.63358
1.28621
1.00905
1.08975
-0.0447987
1.52676
0.296889
-0.153939
0.503908
-5.64325
-0.222862
10.0907
1.49181
0.617342
-0.34217
-2.97761
1.20141
0.781925
-1.9293
-0.964522
-0.205625
-1.76409
0.777632
0.147815
-3.17105
75.2761
2.74309
-9.82265
-0.217009
1.2647
0.0577499
0.679716
19.7649
15.7999
0.710044
-0.107965
-2.31317
-0.32707
0.210437
-2.21559
0.399896
-3.82364
-1.34262
3.00901
0.698478
0.169094
-0.784126
0.129083
-0.977821
1.53221
1.078
-0.526402
0.98147
5.1768
-1.74255
0.2157
-1.43568
3.03892
0.428751
0.895561
-1.03234
5.74158
0.0783628
2.89436
-1.3493
-1.25434
5.26427
0.509366
-0.351861
0.567419
0.501796
0.419342
-1.70984
2.41567
-5.64303
-0.214067
2.52501
-0.735667
-0.466759
-7.76556
-1.29483
0.391331
-2.17227
-2.8209
-1.6766
1.64303
323.635
-6.2948
0.0390628
-2.55216
0.049934
-0.370266
5.00818
-5.54272
1.68224
-8.31046
-0.797007
-0.195966
0.167891
-0.875199
-5.36302
0.872319
0.385536
1.1588
-0.960781
1.46176
-0.844095
-3.77296
2.11774
-1.51978
-4.28427
169.073
-2.87253
-1.43841
-3.24138
0.992142
-0.213456
-0.524309
-0.314337
14.0367
-1.89803
0.592973
-0.554112
-8.8541
-7.6169
-1.83253
-2.7609
1.39345
-0.242601
0.257967
-0.802932
-4.06345
0.474305
0.142342
0.17863
0.17742
-7.09872
0.243601
0.452071
-13.6322
0.255097
6.70766
0.270631
0.296747
0.401508
-1.02239
-1.36029
4.48164
-0.122881
-4.88761
1.04751
-3.18349
3.19561
1.52398
0.942012
-3.61364
-7.76901
5.07161
-0.255362
2.87127
0.475247
0.192324
0.107824
3.58424
1.73359
4.59299
3.70547
17.2618
-3.61626
-4.84529
-0.342795
-0.790361
2.30755
-2.99365
1.76053
0.810756
-9.21891
-1.68444
-0.845988
0.530114
0.837478
-0.0947047
-1.76224
0.740611
0.954604
0.345072
0.486691
0.723416
0.154496
0.0324689
0.366454
-0.0226179
-0.430614
0.461042
-2.14835
-0.219301
-0.0739769
0.189218
-0.85867
-71.3527
3.37729
1.58522
3.22749
0.312426
-2.33913
-0.2889
-4.07341
-1.47029
1.0085
4.67444
-1.23125
-7.07045
0.201122
-0.614308
-1.56675
5.40103
-0.988769
0.0460882
1.02073
-0.603274
-1.00617
3.60811
0.795722
-0.0928867
0.590995
-3.42081
19.0633
-1.49071
-11.2645
3.18752
1.28422
-0.103548
15.8613
-3.27994
1.02988
1.94319
-0.915055
0.505478
1.77727
-1.13593
7.62921
1.3833
-2.04887
-20.5398
0.203543
-0.104961
0.974775
0.472787
2.76156
-1.97257
-2.5367
-0.347708
0.291881
-0.675282
-0.98888
-0.40458
-4.73559
-1.08637
-0.218369
-1.95647
0.138371
-1.91398
-0.501437
-4.71495
-5.61547
-0.087994
0.0272782
-1.0046
2.92424
0.062915
-0.53546
-1.30639
-0.293749
3.13928
2.27077
2.05635
2.86201
-3.97329
-0.71223
0.550054
-1.87165
-5.89371
1.22669
-2.37765
-1.05457
3.10647
0.0350268
-1.28345
-9.19668
1.25419
0.241706
0.304469
-1.78056
-3.53432
-0.227744
-0.538632
3.44825
-3.13989
-1984.21
-3.36494
1.45879
1.36444
-0.380632
0.621535
-0.537417
0.400846
0.594027
0.730158
0.61385
-0.276366
-2.58142
1.13387
0.478554
0.304007
-0.0696131
0.127666
-0.714043
0.142374
0.994586
6.25957
-2.8156
0.0894051
-0.695571
-0.31527
-2.93171
3.29035
0.335109
0.687728
-0.16921
-0.0706889
-1.34512
-1.4828
0.617769
0.671254
0.37825
0.58739
0.126582
1.74856
-0.271529
3.20649
-0.450156
27.9667
1.29608
-6.54115
7.15314
4.72748
-0.259132
0.196185
-0.854387
-3.02183
-0.510263
2.28722
0.417692
-0.457732
-1.31774
1.10007
-1.68568
-13.8881
1.47965
-0.32014
-1.40164
2.26539
0.606202
6.10036
-12.062
-0.376333
-0.661184
-0.886869
0.0153759
13.1578
11.37
-0.683342
-2.31562
-1.15585
9.69874
1.41573
0.117749
-3.4176
-2.02046
-0.687164
1.27684
-0.0863729
4.17785
0.404377
-2.95801
0.543243
-0.942408
-0.88009
1.02995
1.61364
-0.868738
0.778157
-1.37915
-0.967771
0.176216
-3.04524
-0.0715208
2.0878
0.254835
-0.121937
1.25247
5.48247
8.29206
-0.252305
-1.0912
0.242048
-1.06919
-13.1848
-0.497251
-3.76215
-0.172178
0.0464769
-3.55525
-0.472395
-0.4641
