-0.394745
0.163358
-2.35152
2.43877
2.76636
1.10831
1.26716
-2.63134
1.71945
8.2285
0.643701
0.0590632
-0.251678
-13.2328
-0.812631
4.42441
0.382758
0.938384
6.94646
-43.0794
-1.44666
-2.28734
-8.95851
-0.43627
0.431736
-5.03651
1.12882
-1.26276
5.43482
-0.582842
-11.0733
0.684925
1.99428
1.22202
5.70731
3.33681
-0.194866
1.1057
-0.0962273
-2.99224
1.45916
-1.0055
6.59298
1.28838
-1.48548
-0.430225
1.69516
-0.106093
5.07168
-0.383023
0.398342
4.61091
0.786237
-0.403236
-0.505326
-1.04285
-1.21694
-0.996488
-3.69205
-1.39804
-0.583641
-1.24899
-1.17258
3.9157
0.605175
0.713426
1.15963
-6.80471
0.595063
-0.625048
6.43111
4.02656
-0.382411
-4.48658
1.18777
-0.285329
-0.110712
-1.06237
2.22288
-0.324492
1.66657
0.643897
1.18292
-5.55121
4.5269
7.75147
-0.94667
-0.372794
-0.458623
-1.06521
45.5534
-1.08907
0.588918
0.254926
-8.50834
5.6706
-4.41539
-2.21352
-4.18651
0.463044
-0.972774
0.58374
1.31533
0.0563972
5.22784
4.09105
-1.61404
2.79857
-1.96345
0.148492
-1.68974
3.75399
0.0683959
-1.46848
0.831806
1.13749
1.31816
0.670344
11.7492
0.513351
-3.38749
-2.28827
0.325904
4.69645
0.844312
0.716813
-0.163225
1.52032
-0.392054
4.70132
-2.81429
0.601221
25.8011
1.6939
3.5675
14.7793
-0.358373
-2.92534
12.9128
-0.674779
-1.03752
1.39034
2.16623
-0.86258
-2.65403
-0.0298756
-0.891712
-2.85049
-0.348264
4.09366
12.024
0.186927
0.394981
0.381856
0.563707
4.59107
1.01965
0.0482724
-3.75845
-0.081881
0.212653
-3.09116
0.116305
0.740722
-20.5023
0.104474
-5.46728
-0.72356
-0.328964
-1.95684
-1.81224
0.157119
50.6885
-1.8625
-15.286
-0.154105
-3.08349
-0.338133
-0.612703
0.504291
-0.0709476
0.458477
0.861858
6.35881
38.2051
0.0703859
4.05861
-0.625676
-2.47697
-0.841517
20.9672
8.25956
8.83814
3.58835
-0.42326
-0.44212
0.738588
2.17345
12.8056
-1.4169
17.2593
10.0172
-1.17423
-0.600421
-0.356837
4.2491
0.96753
-0.41321
4.20429
-2.32922
-0.437359
-0.527259
-0.20545
-0.660048
-0.239103
0.699037
-0.594928
1.46363
-1.05103
0.865451
4.3818
-0.314809
2.71618
1.77909
-0.433899
-0.868413
-3.30787
-4.86216
1.10786
-0.280043
-0.0911447
-4.99488
-2.92785
-1.69448
0.588915
-1.91402
-0.533679
0.848287
-4.33147
23.3656
6.17638
-1.82538
-27.7177
-1.50092
-0.228075
0.602478
1.45076
-0.736533
1.08366
-1.01736
-3.44452
4.95929
-0.438119
2.3237
0.976006
-3.41646
-0.0767787
-0.239274
0.264639
-0.253483
-19.9948
1.05255
0.287889
0.494815
-0.88847
1.03497
25.334
0.438616
-0.209023
2.29022
0.698156
-1.17872
-1.34801
-0.462352
-0.690921
-0.559845
-1.03919
-1.20373
1.49227
0.497154
-6.62374
-1.39997
-1.78407
0.355345
1.60324
1.14651
6.49121
1.43865
-0.400177
0.464702
2.36074
2.39161
-31.7091
-0.346974
0.795773
-0.259234
0.345634
-1.04368
-0.578604
0.697877
-1.35387
-0.161263
4.18443
-0.202804
2.32045
-0.10818
-1.22998
1.88029
-0.201249
-0.463
-0.0930623
1.04512
-3.06004
0.128533
-0.316237
-1.04816
-0.268578
0.559771
11.489
4.02084
-1.23691
-3.26697
-0.217801
1.35438
-0.881421
-0.0498476
-0.0989958
-2.4367
-96.1005
-5.26578
0.18027
-8.83348
-0.920462
-0.0112078
3.89992
-5.4684
2.16142
-0.288532
0.148407
-0.897627
-0.149194
0.404393
0.943123
-14.2361
0.556914
2.43256
0.777288
-10.7649
1.09301
-2.09598
1.43303
-0.409959
-0.993019
9.48956
-0.230618
2.51906
-12.7314
0.958022
0.122063
-4.15049
-0.45527
0.506304
-0.0445863
65.0838
-0.213307
0.461235
0.417508
-3.27442
0.416248
-0.0490062
-0.743682
1.26924
-0.568457
-1.32496
0.593648
0.797845
-0.272064
-0.69311
-0.571287
-0.244681
13.0005
-0.568466
-0.86454
20.3154
0.400988
-0.019107
2.94321
4.99011
4.6626
0.477172
0.452987
-2.38336
1.48469
0.359016
-4.11181
0.00584443
-1.68902
1.81643
-4.32094
-0.849781
0.557685
12.6683
1.35995
-0.164348
0.47707
-0.0452528
0.134382
0.576988
5.36926
0.453976
-11.1961
-0.834273
0.140126
-1.19204
-1.05914
-1.8075
-1.36951
0.24219
2.65145
59.2941
0.289774
0.966416
1.49942
0.807253
-0.222249
2.24404
0.760206
1.52137
-0.964378
-0.0678379
1.47027
-0.617151
-1.06735
-1.58717
-0.100139
0.75452
-1.13386
17.3787
-0.244298
15.8787
-2.57384
-0.584537
-3.49577
-17.1717
1.22299
-1.09647
-0.13276
-1.91207
1.23459
-0.42994
-1.47725
-1.77631
-2.54692
-0.0974115
-0.421884
-0.0770765
-1.18541
-0.635046
0.107806
-3.44408
2.1564
0.760425
-0.323104
1.00775
-1.68838
0.185178
0.14976
0.0609793
0.797507
-0.82093
-0.200648
0.342876
-0.473891
116.907
0.100142
0.973766
1.77293
-0.00325258
1.1361
-0.638367
-1.68581
-1.18198
-3.38966
-1.61823
-0.335147
-0.338902
-2.89847
-0.541394
0.602316
3.95254
-0.631043
1.43547
1.86683
0.562478
-3.19986
0.0196538
2.52825
5.4998
4.89555
-0.143408
0.931661
-0.310417
-0.615921
-1.64585
0.0578169
1.27761
-4.42668
-1.77252
-0.0441784
-0.821081
-4.78065
-1.05161
3.60758
-2.01886
-1.46593
-1.16169
-1.72861
12.1038
0.534168
-7.44028
1.63197
0.631281
1.82226
-1.8844
1.07066
0.34374
-0.103213
0.271614
-11.9484
0.338149
1.06281
-4.94168
5.4828
0.112995
2.20401
13.8985
-0.480036
13.5013
1.46153
1.46263
-0.392259
-0.909816
-1.58309
1.3996
0.491847
-1.43241
-0.723886
-1.77265
0.174705
0.693538
-1.54897
-0.0376522
-0.488502
1.19515
-0.877757
-3.17153
-3.23651
1.75613
0.162439
9.20837
81.7515
0.0106318
-5.19449
1.96149
0.870888
0.489781
-1.41376
2.28305
1.24043
-5.9668
0.585947
-0.856773
-0.156144
-0.0702697
2.3544
-0.77272
-3.5001
-0.841706
-0.827656
26.6825
0.263101
-2.01019
0.672169
0.535745
0.570652
0.244628
0.210091
-0.788219
2.08783
-3.52601
0.0987969
-4.45256
-7.31191
-0.183803
-0.289682
1.79417
-1.91722
-2.84889
-0.532125
-1.66659
0.658978
2.06427
-0.331166
0.0827516
-1.5274
-0.197985
-1.79774
-0.245957
0.620606
0.527155
0.937101
1.83256
-1.76412
-1.25566
-0.202088
1.84266
0.812331
1.34847
0.716754
0.972273
9.84048
-0.175768
-0.349031
1.94595
2.22164
-0.699971
0.84588
-0.912653
-0.297332
-0.944884
4.79822
1.87687
2.57125
0.290785
1.62569
-0.590586
0.309275
0.382577
-0.574073
1.36648
-0.718076
0.483231
-1.18122
0.250135
0.40106
0.146187
-0.999567
-0.325563
-1.93087
-4.23351
0.375595
3.82142
0.900516
0.821244
0.255384
0.322041
-0.223623
0.45255
1.66275
1.87427
-0.225143
-0.15074
0.305596
63.8914
-0.287478
0.656173
-4.54469
-0.268472
15.5965
0.0410844
-0.47347
1.01437
0.371603
-2.57603
0.341712
2.16141
-0.144461
-0.135859
3.8162
0.34647
24.6505
0.413369
-1.27907
-0.987247
4.31436
-0.866065
-2.70168
-0.0317323
0.942234
-0.0517739
-0.848939
-0.635396
0.956276
-1.04625
-17.7652
0.339975
-0.438118
0.692848
-0.00667594
0.196022
0.354995
-0.315583
-0.00152622
0.891891
0.342231
-0.941402
1.16234
0.438668
-0.980854
3.95983
-1.805
-1.23361
-1.07553
-0.266772
4.43261
0.755422
0.151911
1.92361
2.91128
-0.159348
-0.475976
10.2937
-1.69282
-1.33739
0.105297
-5.39718
-0.362558
2.93036
-0.601906
-2.93975
0.616528
1.8911
3.15129
-0.876329
0.684242
0.370058
0.0747995
1.20946
43.9345
0.384533
0.737502
-5.84112
-1.41831
-1.45636
-0.299586
-0.128789
-7.05992
-0.79405
0.462059
-0.82698
1.14976
-0.486076
2.27863
0.399356
-2.16558
-0.0284642
3.82253
0.17662
-0.391571
-0.598322
-0.250234
-0.0675715
-3.13973
-0.0448744
-0.37466
-0.981171
-1.58611
-0.195309
0.772193
-0.914337
19.4174
-1.64018
19.5946
-0.0173983
0.035933
1.14
1.62346
0.804948
-0.480526
4.97093
-0.678445
2.10618
-2.28354
2.06194
-0.486978
-14.7832
1.1657
3.00737
3.02354
-0.372953
-2.24946
0.591852
0.91628
-0.111936
-1.28655
7.10758
-0.198285
-8.84652
0.4611
14.3789
1.1784
0.350395
-0.304826
1.50845
0.385247
1.35222
0.939421
2.20119
0.0609064
0.45364
-0.201067
-0.27108
-0.771297
0.989312
0.151175
-0.0535782
-1.33792
0.256892
0.721798
-0.209514
-1.63104
-1.99682
17.4719
-0.29067
1.82477
-1.25964
-0.438014
-0.0899624
-0.659436
-0.577123
0.783692
3.04265
-0.760128
0.604067
-1.84778
-5.97204
-1.63757
-2.29916
0.347101
35.0237
-102.026
0.160529
1.13244
6.59602
-1.06361
-1.94672
-2.35372
4.01202
0.189146
2.30415
0.434685
7.10922
0.239548
0.912284
-2.76862
-0.723237
1.13022
-2.68575
0.200533
-0.338612
-1.71027
0.125298
-0.728929
1.34259
0.578148
1.33901
2.63078
13.6976
-0.30685
-1.77416
0.65946
-0.0177723
-0.369764
8.81223
0.771961
-0.91217
-0.310746
3.88565
-0.109137
0.354949
-55.1246
0.774848
-0.872435
0.740636
-0.577457
2.1872
-4.39305
-0.938952
-0.244288
-8.82485
0.00621745
-1.65475
0.398532
-0.727803
0.637691
1.29212
-1.27233
1.06628
-0.520505
0.473086
2.95359
-0.185694
-1.28344
0.268624
-1.89819
1.51505
-36.0397
1.03744
0.821359
0.1855
0.0928632
-1.0901
0.445306
-4.03973
0.445537
0.0844171
-16.3008
-0.302399
1.7259
-1.89252
-3.4602
4.7942
1.10402
-0.410094
-0.290303
-0.468555
0.0841558
-4.07231
-0.778457
-0.583801
-2.40401
-1.07706
0.644394
-0.252039
-0.543848
6.09519
-0.595792
-1.3495
0.444164
0.875477
-0.162024
0.173442
-0.527169
-0.720233
-0.966921
0.276065
-1.45253
0.117498
2.34522
-1.48676
0.0287761
1.12148
-0.513133
-0.620893
18.8086
0.317883
3.08871
-0.337501
-0.135673
-0.453769
-1.8688
-2.3955
0.354774
-2.96414
1.49567
-0.387889
2.27101
1.15016
0.123329
-140.564
0.411878
2.61426
16.2137
-0.0911775
-1.92224
5.18091
1.55921
4.02884
-6.00815
-0.595767
0.539065
1.12389
-2.39662
-0.425841
0.392137
-0.676189
1.31169
1.94319
-14.3074
-0.306611
-0.24418
1.93643
-0.521068
-243.819
-0.636171
-1.06003
0.507728
-22.0516
-2.82371
-0.760711
-1.52701
-0.360323
-0.28152
-3.93764
-0.337063
-2.07501
1.34875
0.383033
-0.318825
0.380256
-0.713083
1.28867
4.05517
1.92168
-1.56062
-4.69943
6.50554
1.29746
0.783156
-1.44179
-0.0264249
0.777196
-9.35062
0.184494
-0.0500956
2.07129
0.343579
2.46074
-1.29156
-0.130164
-0.499827
9.28168
0.145021
0.358941
-7.92043
10.7897
-1.15567
-1.316
-0.0911909
-1.84965
-1.52685
5.89524
0.559356
3.68502
-6.3127
0.87939
-0.578053
0.649118
0.28641
0.0335683
-0.859313
-0.21404
-4.30845
2.52785
1.33851
-2.52548
0.559185
-0.406753
0.282987
1.21275
0.989811
-1.70771
-0.814063
0.566086
-9.72803
-1.65372
5.62801
-16.5485
-0.284201
-2.33366
-0.714053
-1.04159
182.073
4.44444
-1.04352
-0.723163
-0.201042
1.8631
-2.38971
-1.39006
0.361743
-0.84501
7.60882
-0.58969
0.60173
-69.1191
0.795068
11.1064
-4.44998
-7.67957
1.99033
-1.13074
-0.502125
-1.34688
-1.22995
0.780648
-5.14114
-2.7676
-1.24661
3.10132
-0.174308
0.205385
0.00905073
4.78685
-3.70156
-1.04995
-0.966866
0.510753
-1.24606
1.4638
5.50529
-0.361442
-3.30751
0.0400617
-0.0792608
4.03774
-0.268688
-3.35074
-2.60371
0.417668
-0.927554
0.408038
1.85844
-0.0329771
5.0984
-3.32077
-0.372709
0.338321
-0.699858
-1.32967
0.681847
-3.89776
0.325263
-0.618635
-8.03588
1.8939
-1.70505
1.99154
-1.55142
0.830813
-1.61377
-2.18587
0.51251
-1.21402
0.760081
1.07568
0.418139
4.79628
11.6833
1.31541
1.15357
-2.29417
-0.783889
-0.00687795
-1.34827
-0.408393
0.137565
4.33309
0.281722
0.724307
-0.595003
-1.80294
0.490064
15.0995
-8.47211
0.538792
-2.35829
0.147458
1.47219
2.99664
2.23713
-1.16849
-2.6134
-0.580622
-1.22379
1.02204
-0.163199
4.67341
0.0678149
3.19705
2.98637
2.15963
1.44163
5.91613
1.89948
1.28523
-0.332752
-2.85209
-0.747104
-2.28023
20.8497
-0.210845
-1.20078
-63.8654
0.699357
1.00704
-0.960147
-0.473809
-0.772152
-2.27826
-1.30413
2.1218
1.57165
-1.92543
-0.178387
4.34879
-7.59129
0.853567
-3.27162
-1.13609
-5.3395
-0.0475386
1.55736
-0.448488
-0.23152
-1.2734
-0.690909
-0.256013
1.60085
-5.02329
0.311279
-0.148584
-3.20667
18.0902
-0.441271
-0.0169398
-1.53283
5.69579
-5.62367
0.337705
0.25798
-2.87105
-2.37703
0.332685
-0.97281
0.584539
-0.343132
-0.317112
1.38842
-0.322398
0.0387039
-2.00055
10.872
-1.38896
0.928697
2.57064
0.45269
-0.143785
-8.88173
-0.91235
-0.832095
0.0546034
-1.01624
0.522782
-0.401777
-1.77181
0.393555
5.03273
1.24392
1.54418
0.931625
2.62486
-0.613662
-0.0299746
2.88099
-8.59351
-0.654247
-0.0822587
2.75748
-2.9278
-1.08183
-15.8852
-0.231365
1.4834
-1.73193
0.659453
0.548047
-2.02438
-0.425552
-0.548385
-0.222398
1.55865
6.98782
-0.458834
0.232891
-2.98966
0.521806
0.6778
0.749736
-1.47927
1.81053
3.19889
31.2499
-1.84851
-0.481488
-0.0485344
-1.1972
-0.511757
1.33454
-27.1149
0.167143
0.559004
0.618695
-0.783367
-1.83238
-4.46076
-0.0847821
-0.212216
7.35281
-0.967637
-10.4324
1.30242
-4.41962
-7.9359
-0.514499
0.447551
1.01356
4.44313
-0.177462
-1.31099
1.58962
-3.5081
-0.408392
0.81566
4.36411
1.08178
-0.715574
1.21261
3.68671
0.989585
0.109835
-0.647018
1.43324
-7.8169
2.90196
1.3747
1.00336
0.170149
3.83177
1.02866
2.40283
-1.01648
-0.514943
-0.663704
0.266196
-4.78474
2.86967
3.15455
6.37428
1.3044
-1.1883
0.0643263
-107.106
-14.3803
0.963343
-0.317786
0.767041
0.0469029
0.630877
-0.97027
2.0976
-1.96256
-1.1395
-9.11066
-59.5761
0.288806
0.511158
-0.501746
-0.844879
12.997
2.37141
1.12377
-1.51751
0.427798
1.0392
1.25847
-4.49569
-1.79691
0.0273712
4.41328
0.0843635
4.39005
-2.17395
-0.494117
0.125026
0.37723
-0.227819
-3.62785
0.811435
-0.535539
-0.443177
-1.61951
-0.950469
4.32952
0.409806
3.54713
1.64895
1.61426
-1.42747
0.49455
1.47128
-0.0502308
0.712382
3.25561
0.00503454
-0.199594
-3.84209
-0.0339806
-4.46156
-3.26094
0.319143
-2.7695
-0.440008
5.98583
3.57579
11.0619
2.6739
1.05131
-0.13638
0.708028
-0.0820493
-0.557756
-1.39949
-0.904177
-8.12453
-0.718309
-1.18805
-0.285919
2.5671
0.773145
4.923
-8.3406
9.89831
-7.77361
-0.306942
0.40394
-0.253525
0.193784
4.67843
-1.24225
-0.355419
-142.063
1.13144
462.25
-0.91826
7.43401
-0.117649
0.0142691
-0.787939
-2.71918
3.7483
0.0737425
-0.566913
0.583292
0.959345
-1.07105
6.7803
0.544804
0.0859885
0.0564531
4.32334
0.543433
5.64387
-0.181682
1.5246
1.53142
16.8633
-0.632406
0.174016
-0.234306
-1.26194
-0.620732
1.12062
0.305843
-2.22193
-180.243
-0.0547038
-0.434744
-1.12723
4.91336
-9.33257
1.86265
-46.9756
0.0541529
-6.773
-0.0421938
1.2163
0.323144
0.403568
-0.415194
-1.40816
-0.335962
9.13738
0.277455
-3.23667
-1.05958
0.997735
0.345589
0.621676
0.795636
0.191496
-2.11069
-2.74172
0.200353
-0.242101
0.996279
21.0154
1.47109
0.100683
0.246893
0.644099
-0.371102
0.863224
-0.401561
0.528738
-8.74632
-0.485486
-0.191348
4.59485
-0.754376
1.27398
0.928347
6.42074
0.131122
0.951311
0.598854
1.2783
0.533226
-2.81745
-1.01532
-0.0650802
-0.80008
1.21557
1.13794
0.301901
3.52541
4.12018
-0.0730888
-0.720181
1.19265
2.70393
-1.2538
-2.87976
1.7964
-5.67197
-0.323881
0.697987
-0.944601
-1.8354
1.67064
0.54134
-0.261934
-0.765191
1.84236
-3.75886
1.52235
0.34092
0.559256
0.673041
-1.67932
-2.45552
5.44788
-0.371259
-2.02525
-1.65007
0.0742696
0.00626849
-0.486856
-1.04768
0.527356
-0.453521
0.229737
6.43539
1.5514
0.779424
3.60484
1.59589
0.66841
1.11797
-0.106838
0.278012
13.2884
0.454243
-9.44962
3.38159
1.2538
-1.41194
-0.699426
-24.8507
0.632383
0.859304
0.0147278
0.893342
0.222017
1.00289
2.98835
0.55825
-0.875113
-1.84395
0.114855
0.66663
-3.33669
-38.9014
3.31778
-1.23161
3.21141
-0.205875
0.771692
0.350399
0.963517
-0.214092
-1.07401
-9.05115
-1.28079
0.612792
0.17287
-26.5712
-2.79862
-0.0753052
0.465547
-1.10692
-1.11754
3.31978
0.0202937
1.22434
-1.28268
3.40331
-3.96689
0.534663
-0.731118
-0.741807
-0.411347
-0.0582082
4.52806
-3.28406
-5.54529
-14.2442
-0.297785
-0.277839
-0.678481
0.107839
2.44435
0.18582
-1.63903
1.74833
-1.48879
0.538195
0.717416
-3.32075
13.9442
-1.57678
0.678811
0.504816
0.217536
1.0195
0.571579
-0.601483
-0.585972
-0.0538036
0.652052
-0.0145255
-1.9049
0.186448
0.0253175
0.666946
3.03407
1.63978
1.25694
-0.950081
4.93902
5.12484
1.8475
5.9223
-0.356471
2.76686
1.11175
1.27797
-3.51717
3.91187
-1.25117
35.7979
1.20169
-6.26978
1.48073
-0.767615
-1.07605
-0.712963
-0.455266
-1.21498
0.814079
-4.16212
1.9447
0.282291
-1.52216
1.15839
0.878642
1.37378
0.304761
-0.87141
21.902
-1.05579
0.365643
0.733998
-3.78054
7.42194
-0.681285
1.0341
0.339323
0.628338
-1.4055
1.59141
-0.658925
-2.09008
1.57415
-0.245743
-0.0771084
-2.47873
0.00459217
7.37272
2.79765
-1.72057
0.334014
0.19325
-0.594184
-1.14927
-3.81437
-2.90178
0.842314
-3.49957
-1.22563
-2.22248
2.93143
0.782797
-2.13498
-0.338478
-0.334022
-0.888058
675.274
12.1014
-0.133001
-1.0267
2.58407
-0.182312
-0.546908
0.681091
-1.78673
-7.4971
2.60606
-1.10519
-1.45568
-1.41857
-1.00609
-1.68234
4.19755
0.672141
0.695881
-0.314889
-0.0827953
-1.23219
-1.66596
-40.6868
1.22059
0.111914
-0.539948
0.549891
1.62763
-0.989797
-2.35139
14.8147
-0.643413
1.80012
-7.04679
0.290885
-1.4681
3.99541
0.0576343
-10.1798
2.42606
1.42675
534.347
0.383777
-8.00041
0.482566
0.650496
-2.18882
0.770238
-1.88264
17.68
0.70765
0.333438
0.499689
-0.390154
-0.29129
1.4072
-0.0164585
3.09479
0.0714059
-0.652816
-0.774892
4.09904
0.17938
1.41775
0.463409
-0.213965
-0.2645
0.640263
-0.159747
0.138087
1.41519
-2.65753
5.04891
0.0166082
-1.88552
8.97394
2.06973
-0.419572
0.237003
1.56152
0.329432
-6.35951
-0.924157
5.13056
-1.29118
-0.244612
0.243243
-6.85048
-6.21929
0.104608
1.12853
0.21629
-0.0862001
-2.12596
38.8111
-0.635141
-1.85042
-20.8853
-0.579001
-0.783582
1.18559
4.89442
2.52194
-4.85591
-0.52783
0.727037
2.26792
2.16825
-1.33032
-1.77465
-1.21727
4.55738
1.98336
2.25107
1.56076
0.409366
-2.81309
-1.32895
-0.348354
7.21951
0.722647
0.597275
1.18472
0.0517851
0.325376
-0.331955
0.39547
-2.65745
0.107236
2.53319
-0.86786
-1.18481
-1.12743
1.1159
-3.04361
-1.12908
-0.507684
0.804869
-0.390172
-0.24486
0.590872
1.68817
0.23838
-0.401148
-1.58095
-0.0380027
-8.92093
0.106882
-22.7355
0.896861
3.78998
1.31558
-1.71826
-0.187258
1.01874
-1.67148
0.417347
4.47562
0.175464
0.286475
1.68672
1.0971
0.634348
0.35004
-0.477906
-2.35831
0.972764
-0.972398
-0.288856
-0.0221272
0.87892
-0.942198
1.67562
0.795563
5.37458
1.71827
0.286147
0.685383
0.68488
1.75648
0.236787
-0.251113
1.44736
0.379636
0.951588
1.0184
5.82943
3.74918
-18.3602
-0.113716
2.47351
3.34047
-0.0599019
8.32012
0.23046
1.42044
-0.864779
1.21513
6.20749
-2.07029
-3.07377
0.0564617
0.546682
-8.86015
-0.782911
0.670621
-1.50892
5.89734
-9.78448
-1.21109
-2.01258
0.750462
0.568999
2.97954
-12.1589
2.10507
0.0677577
0.0125963
-0.146588
-1.96414
-0.961778
0.361475
-0.548871
1.57361
1.24309
1.54401
-1.2577
1.05585
-0.0584252
-1.24517
1.63333
1.63753
3.91434
2.73569
-3.79283
1.31999
0.353186
0.603228
-0.229629
-0.336088
-1.75276
0.733214
-0.281461
0.511635
3.90941
1.23995
1.97277
0.849224
1.60509
-0.428692
6.53698
0.229696
0.533631
0.554062
8.41552
0.365022
0.235443
2.11819
0.95146
-0.639218
-1.22488
-0.337645
-0.808844
1.12711
-0.255164
1.53294
0.474152
-4.6453
-0.72514
-0.567151
1.88282
0.711074
-0.0235389
-1.47682
0.0402888
-0.413872
4.01653
-5.65495
0.677689
-1.27218
0.459874
-37.0008
-0.97622
0.506029
0.288863
2.41453
1.29283
2.04891
-0.429587
-1.78194
-1.75773
0.718602
-0.00588697
-2.56808
0.399494
1.14101
-0.311762
0.235788
-1.69665
0.866836
-0.2532
-0.305415
-0.159911
-0.580475
-0.252952
-2.80062
-4.73382
-1.75935
-0.587755
0.185561
-51.1253
0.41127
3.85646
2.45427
-107.66
-0.259818
-1.12762
8.0078
2.51825
1.97421
0.23042
1.55257
1.02474
0.581927
56.3563
0.349079
-2.27176
-1.31216
-1.0966
7.39146
-0.184193
0.487891
-2.47505
3.33716
-0.35368
0.0712482
4.53707
4.3335
-1.30101
1.0108
-0.190388
-0.0617832
-2.1563
3.74432
-2.42655
-0.322882
6.21675
0.172629
0.579716
2.74262
4.25594
-0.216397
-1.57114
-0.781684
1.09604
4.33231
0.0793117
1.75814
0.0643602
1.13399
-1.06305
3.56931
1.90618
-0.882633
-2.0408
-3.63407
-0.781721
-0.490149
0.691088
0.879804
-0.165571
-0.60648
-0.815759
-9.07771
-4.71152
0.208785
2.0245
-0.52908
0.0674023
-0.469723
1.92778
-0.372112
0.747895
-0.717499
-0.141696
25.273
-0.352946
-0.0726232
0.964194
1.65339
-0.814244
0.408839
-1.2699
0.418539
0.268205
-2.87464
-0.593413
-0.133397
-0.883526
-0.139594
-1.17832
1.06013
-6.59404
-0.398057
-0.0416514
0.106367
-0.763265
0.279269
-11.3212
-6.85636
0.326024
-1.54686
-1.39509
-0.183102
-1.66194
-0.949665
-0.511721
18.5133
1.18246
-2.39635
-31.4338
-2.18392
-0.110328
1.30011
-0.405888
0.694186
0.616267
-1.71301
-1.91899
-0.533275
-0.326245
0.734727
0.0851341
0.0472993
-0.76753
-1.52891
0.000793818
35.9152
-0.226469
0.0626066
3.64399
0.195291
-0.686687
-7.01236
0.983995
0.926323
0.515105
-0.781553
-0.870448
-1.05622
-1.46966
19.2423
-15.3438
-0.194514
0.827301
7.49632
-0.0537713
-1.50615
0.81726
4.6108
-1.02012
0.599918
0.770031
0.425804
0.771438
2.62467
0.295391
0.765716
-6.93062
0.134992
0.149187
-4.44158
0.316962
2.14261
0.0347177
-0.980387
-0.221229
-0.069104
1.27548
-3.79586
0.525664
1.13161
-3.15863
-0.727833
-1.22788
-23.8441
-8.26369
11.6662
-1.17147
-6.47803
-3.10146
-0.302806
-0.802598
3.34158
-1.54026
1.49211
2.33688
-2.67548
-0.750434
1.59146
-1.58267
1.76233
-0.68609
-1.99716
0.219969
6.01973
0.843945
-0.288503
1.25179
-0.648354
-1.06158
-1.08802
-0.5036
-1.02899
0.729036
-0.0771925
1.25563
2.08491
0.242816
-1.11796
-0.251361
0.338067
0.0514092
1.56154
0.972629
-4.46429
-3.78604
-0.379345
-1.43306
-4.885
0.43168
-0.502809
0.0894386
1.12249
-0.136014
4.25361
1.43372
-0.88377
-18.9976
2.86339
-0.666849
-1.3086
-0.38231
-1.64737
1.01181
-0.716451
5.52376
0.69486
4.35858
-9.05242
1.74158
0.410312
-1.10363
-0.0091317
-0.0390515
0.00923258
1.07069
0.0634278
0.30204
-0.149467
-0.239633
2.46903
3.18167
-0.0948458
4.45835
-2.32334
-6.02172
-10.0605
-0.855915
0.0190198
0.485086
-0.184287
-1.13965
0.971996
0.224959
0.414576
3.39311
0.094429
0.425893
-1.08541
-1.37984
-8.16568
-1.28781
0.417748
-0.389688
-14.8504
0.29284
0.202995
-1.46208
0.19716
0.810077
0.253747
1.47337
1.14312
3.74197
1.21189
1.32465
2.02256
0.827329
-0.218689
1.3661
-11.2613
-0.800505
-0.515218
-0.31732
0.815787
-1.06521
-0.0142456
3.51331
0.358392
-0.922412
0.314416
-0.371109
0.0643484
-0.48934
-1.33587
-0.182444
7.15143
0.287533
0.470404
-2.7577
0.475208
-1327.03
-0.758761
-0.0747651
0.22432
1.72045
-0.431426
-0.978692
-4.38341
1.13242
-1.48526
-0.384033
-1.13128
-0.288839
-0.934274
1.15585
-3.13003
-1.05181
7.97527
0.51722
-1.24979
-2.90263
-0.193792
-0.422905
-6.37548
-0.283185
4.39475
0.0977532
-0.598492
-8.86376
0.0359419
-1.04646
-1.47975
0.229715
1.76123
0.0564651
5.03842
0.180378
1.27155
-11.88
0.293284
0.911142
-0.0166419
-31.9548
0.669525
0.0601533
-0.753525
-0.240011
0.440221
-0.821965
-2.47904
-0.668179
0.786767
-10.7542
0.227278
-1.14207
-0.960645
0.289818
1.49937
1.88221
1.79722
118.344
17.34
6.38642
4.24109
0.688396
-0.490333
0.498823
-0.142568
-0.0887306
-0.740224
0.192211
-0.346368
0.64269
-1.03927
-5.18242
0.812467
34.1627
-6.3336
0.579514
0.354451
-1.13893
-3.53994
0.142024
-0.233874
2.62794
-2.19689
1.72096
-5.92182
-0.435468
4.70901
-3.79331
-1.0303
0.234045
-2.06429
-0.378946
-0.516069
0.293349
-0.744973
2.37032
-0.569083
-3.62658
-1.08601
-1.04709
-4.8741
7.97457
-1.65026
-0.0867536
0.375685
-0.732635
0.557863
2.06372
-0.454487
0.234991
-0.728339
-35.0778
-0.628471
-1.20581
-1.26962
-3.2168
-0.219321
-2.52934
-0.756142
-0.0641247
-0.899404
0.114234
-7.27833
-17.6786
1.14681
-0.318991
1.13386
-1.22388
-4.2661
0.600251
-0.259043
-1.09973
0.447925
-3.13201
-4.35698
1.20444
-0.669791
-0.335535
-1.6207
0.0650936
-0.00330238
1.97515
2.75461
1.09507
-0.25236
-0.723065
-2.94227
1.11015
-1.05767
3.54028
0.548561
1.34106
0.248324
-5.00453
-0.137538
1.27593
1.09998
-0.840286
-7.19662
0.365967
7.64384
-0.121448
-60.0859
-0.483739
0.381226
5.42686
13.9189
0.504589
-0.593498
22.6615
0.812363
4.17082
1.318
-0.100277
3.42002
0.555288
-0.759443
-2.81357
-1.14647
-1.22359
1.19805
4.15356
17.2852
-0.308059
0.631365
-2.77909
-1.30443
1.23579
1.14802
-1.07318
0.0129646
-1.366
0.522507
1.75866
-8.03351
1.98785
-1.41254
-0.505307
-1.21978
-0.138002
-3.51322
-0.637689
4.86138
-3.81198
-1.41491
2.2164
2.07931
0.767253
0.154046
-0.296305
7.88677
1.16296
0.280624
3.97769
-1.00979
-0.821478
12.5441
5.79847
-0.134178
4.73794
-9.15314
4.54344
0.161819
-0.180002
0.533892
1.32754
-0.354248
1.46003
-1.57625
-0.802678
-12.009
0.368011
-1.39535
5.69399
27.3458
-0.0504778
41.8811
-6.11027
1.98714
-0.247118
0.0221414
0.26692
-0.267969
-3.26478
2.93467
1.38544
-0.449254
1.70357
-0.685098
-1.307
-1.63298
0.0126083
9.06683
1.28553
-1.91593
-0.489054
1.05458
-0.360971
0.642866
0.282083
-2.42285
-3.80685
0.31426
11.8304
2.58877
0.14657
0.420016
1.07773
-0.562685
-0.127764
1.08589
0.687351
0.160113
-0.943257
6.51849
6.46451
0.708448
0.479881
5.93381
0.103148
2.59469
1.27448
-0.72575
-1.60528
-17.2821
2.55509
-0.125987
-0.556744
-0.0201276
0.270099
-0.766884
0.28969
-5.29533
12.8536
-0.0969924
-0.767468
-2.5937
-0.317253
-1.83826
0.526111
-0.0215737
2.0681
-0.102673
-5.32796
11.0597
-0.077442
-33.9535
2.03244
0.575171
-8.5174
-0.336162
-1.00122
15.0718
-7.3419
5.84427
0.761723
2.49239
-3.22488
2.10674
25.1734
1.04949
6.24216
7.36932
0.856328
-0.168354
2.29237
-1.32316
2.66268
-2.30076
-1.76083
-2.25158
0.248327
-4.44103
3.93302
0.361491
-0.957817
6.87259
0.870252
0.978797
-33.3475
1.02736
-6.24424
-1.12778
-0.17957
0.19927
-1.07804
20.4406
1.12609
2.16037
0.000521729
-6.87302
-0.869124
-2.2146
-2.91956
-17.6323
-0.497215
-13.9261
0.174144
0.0876074
0.113404
-0.409331
-0.356818
-0.661988
36.2422
1.48165
0.626776
-0.104046
-4.62823
0.895035
0.239726
0.0128677
8.38042
0.327816
0.206052
2.75849
-0.926441
-0.457815
-0.355577
2.54004
0.823176
-4.63117
-3.99677
-37.6718
2.7661
-5.36222
-0.241882
-1.13296
0.341454
2.46206
0.531041
-0.653557
2.90806
-0.409866
-1.87698
1.38725
-15.6496
-1.27572
0.91905
1.78763
0.464142
-6.41459
14.3883
-15.9404
1.12081
0.281985
0.914657
-2.91349
-11.86
-5.24678
-1.3375
1.62172
0.586056
0.0940315
-0.315714
-5.01172
-0.386277
39.8471
-5.72048
1.21078
-1.93689
-1.07108
0.328374
2.73836
0.740649
-0.189148
-1.46376
0.18357
1.87888
-0.493305
0.915119
-0.47902
-0.162444
6.25676
-0.0972832
3.82553
-0.618929
1.1698
-0.689445
-1.36064
0.00121436
1.4354
-0.610138
-1.23849
3.87574
-10.2373
4.73748
-1.62647
-0.342633
0.317407
2.89116
-0.941923
-0.675146
0.441729
-0.682889
-1.14178
2.96132
-25.5453
-0.638684
0.292711
0.134098
0.138994
0.234334
-0.220575
0.0968134
0.107552
1.69803
-0.341009
-0.697345
-8.1144
0.854685
-0.121435
-2.0544
0.45499
1.8168
-0.452974
0.465588
-0.529217
-0.635121
-0.253815
0.00107231
-19.1201
0.651434
2.42409
3.47065
-0.0318152
5.94424
-0.17433
-1.35599
-0.983463
0.957828
-10.3337
-0.248842
4.83707
-0.629677
1.16306
1.87791
-0.187168
-0.0853876
0.2866
0.70151
4.04051
-0.695592
32.6376
3.41302
0.313668
22.4987
69.2266
-16.2736
-1.2138
0.200626
-0.408706
0.945732
-1.90976
-0.140655
0.459861
-0.00381518
-3.81605
0.395135
2.80328
-0.245793
-1.22509
0.344057
-4.10972
-0.43148
-2.59411
0.776166
-1.10993
-0.177615
-1.91791
-5.14149
12.8457
0.0479348
-1.89048
0.442002
-1.98037
0.332795
1.72205
1.82075
-5.53842
3.99253
-0.832234
-0.285631
-0.565912
-0.870765
1.62777
-14.8812
-0.370068
0.068263
-1.84506
0.225401
1.45808
-7.22256
2.61687
0.668217
-0.28661
0.923452
-1.31683
0.849851
-1.31946
-0.647576
-21.9295
-1.84212
0.714193
-2.12564
1.68894
0.26227
-19.4923
2.94694
-0.476988
0.300968
0.786646
-0.201078
0.418182
-0.830573
-16.6301
-1.48886
-0.385427
-9.05079
0.259997
-0.847439
-1.1475
2.38989
1.90956
0.862224
0.0718793
-0.904328
2.21116
0.13851
-1.06403
-1.41728
0.139942
0.0158017
2.6705
1.74446
0.435379
13.4914
-1.19852
-0.698666
1.26862
-0.916605
0.222293
-0.410299
-0.138886
-2.30876
-1.20634
-5.36508
6.57589
-7.87521
-8.76051
-4.58847
0.729421
-0.388062
-0.166975
-1.65854
0.106333
-0.555494
1.59803
0.957482
-9.93755
3.72729
-0.350977
-0.891677
2.23998
-1.58826
1.47871
1.16638
4.07318
-0.178773
-1.19213
1.98415
-0.422853
0.868048
-0.179281
-7.97907
-0.125497
-0.809219
3.32281
-11.9739
-0.745333
0.289669
-1.61216
-0.612909
-6.69194
0.283792
1.08323
-0.752605
-2.21258
5.45404
0.0220172
-0.222211
0.738859
1.74304
6.17182
0.241657
0.28934
0.0234918
0.564679
-0.607309
-3.78485
-4.30789
2.4814
-0.419134
1.09746
0.927995
-1.44727
-7.81799
-0.00385267
-12.4255
-4.81023
-2.42465
-3.52336
-0.0268467
6.53321
-0.966489
43.5445
1.40377
-0.180248
3.18188
0.305049
-0.762527
0.816486
-0.894624
0.789628
-10.2744
0.176822
-0.388851
0.734375
-1.31025
0.444096
-0.359588
7.23171
0.0368978
-0.80154
4.45435
1.66776
-8.41629
2.35328
-113.819
1.65879
0.470825
0.600219
0.634908
0.642438
-0.63142
-0.207084
10.1697
-0.212509
-10.3557
-2.34015
1.01194
-0.610287
-0.491099
-2.98932
-4.79178
-2.29921
0.214555
1.90857
14.5344
0.550609
1.71464
-0.0241162
-23.7209
-0.543785
1.24046
1.68219
-0.514812
-0.691608
-0.498284
-0.098899
0.460388
-34.6736
-6.8678
-0.213456
3.93479
0.64855
3.53925
1.12244
-5.87304
-0.133296
1.18222
-14.6903
0.781655
-0.00949194
1.18245
1.00903
5.77053
-1.13606
-53.254
-0.227645
0.318234
0.524171
-0.612104
1.35537
-0.566958
1.46846
-3.91083
1.14343
1.65604
1.01294
-3.71261
0.0616394
1.59156
-0.657709
3.02163
0.540635
6.22754
0.249886
-0.908544
12.974
-0.780074
0.583472
-0.384758
0.518472
16.5995
0.629258
0.819931
0.401592
-2.53991
-27.6427
-0.887454
18.2402
-2.07625
-1.33286
-2.77237
0.391475
0.880966
0.665329
-0.650321
1.21454
-0.177636
-0.0295153
-2.47696
4.91904
1.71564
-0.30892
-0.330314
3.07386
-8.48253
0.716543
1.71283
1.28664
2.5271
-0.00990743
-2.28217
0.0179448
2.1894
-5.42758
1.59084
0.643073
0.0909688
7.4604
5.23103
-49.36
23.99
-1.53006
0.547324
0.318069
9.96981
-0.27886
-4.74225
1.15103
1.14478
-0.0153344
-0.255561
4.27546
-0.606818
-35.6695
0.322677
-4.15928
-1.028
-0.0954844
-5.253
-3.73578
-0.067996
-0.288391
13.7815
-1.13524
1.65267
-0.388595
-3.56278
0.327339
0.247749
0.600092
-0.00298433
-1.32717
-6.12254
-2.12258
-0.768522
-0.000436327
0.742337
0.545011
-6.25944
3.01586
0.482859
8.46677
0.0915791
-0.0800515
0.843457
0.941821
-0.732604
-5.45803
-1.61336
1.01824
-0.343539
-0.0736418
-1.90604
9.24331
1.30885
0.654444
-0.579579
-4.86936
9.67338
-0.0108744
0.0319866
0.0166723
-0.278014
1.12582
0.194077
0.588551
4.33981
1.42076
0.282913
-1.37167
4.13937
-0.94193
-16.342
2.52329
2.12007
-1.68062
-0.220614
4.59077
-4.43968
-0.828249
0.0943833
0.397902
0.539385
0.00104191
-0.331846
-0.848206
-0.68247
0.500161
-0.123891
-0.435871
5.00791
0.00936408
0.421643
-6.02186
20.4441
-0.316709
-4.49203
3.18498
-0.040084
2.37182
0.407708
0.697062
-2.07949
0.154918
0.164421
0.261886
-9.87802
-0.20752
0.552313
-3.63356
1.27018
-0.890914
-1.66337
3.93651
1.02554
0.472466
-11.5885
-0.500688
1.87162
1.43702
-4.82521
-0.334701
-1.76894
1.48907
-0.468759
-0.360984
-0.114636
-0.829512
-0.252032
0.402837
-0.740384
-0.869031
0.5855
-1.70574
0.822591
5.92166
-0.277031
-0.212235
0.675615
0.0790594
0.467088
1.1887
1.22258
0.143428
1.52061
-0.782913
-7.09165
0.57978
0.414557
-25.9716
0.16931
1.33421
-1.95011
-0.155796
0.624902
-0.230174
-2.64024
-0.318651
-1.09468
1.13012
0.0465565
-0.240494
-4.13151
-15.5649
31.7428
0.706777
0.532157
0.726633
-0.704245
3.01674
-0.216961
-0.549466
240.71
-1.42797
-0.520387
-0.387635
1.77702
-2.25545
0.00900395
-0.853889
-0.304618
-0.0690796
-9.53745
-0.499636
-1.26782
3.29479
-1.62324
4.48629
11.1656
0.660049
0.733337
2.09848
-16.9137
-0.680867
0.662336
-0.0953885
-0.649381
-0.60098
0.0709418
0.356547
-0.390726
-0.420152
3.52967
0.571127
-3.92259
-0.672624
-0.850635
0.633175
12.798
-0.424008
-3.69636
0.979919
-0.0456891
-4.15533
-0.932777
-1.9477
-5.5646
-0.998521
-0.490487
-1.884
0.68505
1.89861
0.181481
1.66187
0.37045
1.25515
-0.764495
-1.58041
1.09323
-1.79393
1.98181
-3.47789
-0.398851
1.28599
-0.580002
0.140635
0.896234
12.119
4.06873
1.84758
1.19548
0.526821
-0.420785
0.268476
0.0727241
-0.3367
-4.85601
0.830573
-0.77639
0.684512
1.29453
-0.505628
-0.274766
-0.298239
0.0713459
-0.954829
-5.93619
-0.229051
-0.260306
-0.440373
-2.587
1.7628
0.0930326
-2.13282
3.43234
-2.79934
0.509718
-0.147019
1.16235
0.994658
0.0616319
-3.56612
8.66731
0.00720567
-0.244629
-3.95605
-0.728147
-0.919894
-1.00724
1.81159
-0.143494
1.48091
-0.184402
-0.0293814
0.0654949
0.808108
3.15097
0.107862
-0.40527
0.593246
-1.93518
-0.463528
1.4355
1.12901
-1.58459
-1.07659
-0.767166
-0.790945
3.58379
-1.14201
2.97871
0.806415
0.456507
-0.194418
7.21176
0.52549
1.79863
-1.16443
31.436
0.392105
0.992602
0.851861
0.667298
-0.328531
0.135413
-0.204357
1.62875
0.351533
-0.953462
-0.235434
-9.63921
-0.607969
1.56055
-0.125185
1.05766
-1.74738
4.85975
-0.666134
0.688855
1.07428
0.658554
-3.71457
-0.569419
-1.33136
25.1916
0.32757
-0.215979
0.638484
1.00998
-1.80464
0.211902
0.220737
2.05605
-0.537641
-8.02938
-1.26751
1.36857
1.6149
-1.17565
-0.803182
1.33697
2.07613
0.103001
-28.3988
7.03406
0.243187
0.304946
-0.247663
-0.728467
-1.30976
7.12088
-0.221771
2.0666
-1.1657
2.53694
-5.85016
-0.655088
1.60208
1.16814
-830.869
0.816086
-1.48793
-0.438507
-1.56193
0.572941
1.02072
97.1102
-1.7344
-0.240115
1.33403
-0.325227
-0.709704
-3.2283
2.22199
1.0289
2.02593
-0.00932021
-0.181757
-2.25044
3.46323
-3.18823
-0.229152
-0.519553
-0.528274
0.401107
-0.951161
-0.286713
-0.23764
-0.446526
1.9551
-0.326192
2.84342
0.172725
0.507209
0.060589
2.12174
-5.21854
1.22895
-3.25514
-12.969
-0.988575
-0.0662107
1.04776
0.81864
0.720662
-3.34101
-1.35574
-4.79173
0.836528
0.179971
0.155976
-1.56842
-1.79627
-33.689
-1.72259
2.60729
-0.497477
1.47289
0.347526
2.71631
-1.1971
0.675626
-1.89934
-0.789915
-1.2733
5.34381
0.129175
-2.67105
0.0296313
-3.01846
-0.19193
1.38169
6.25766
-0.720651
-3.15124
-5.47193
-0.329621
-17.894
0.971963
-1.53731
0.606883
-144.268
2.62393
0.197519
0.35981
-1.01584
-2.08559
-1.07778
-11.9136
-3.70454
-0.663094
-1.92202
1.41021
0.566323
-1.24983
-33.5932
0.193881
3.31748
0.692304
-16.4963
14.3131
-0.646196
0.960838
-0.199729
-0.476288
0.86199
-0.549327
-0.495479
2.54704
-4.59404
0.210676
-0.529167
-1.05745
-1.68497
-0.559253
-19.5329
-1.65047
-0.333417
1.23789
-5.10505
-2.66465
-3.05261
-1.72126
3.38654
-0.732453
1.77986
0.436409
-1.4647
-1.66281
0.501537
1.9905
-5.13097
-0.145832
2.19596
-1.11551
1.99579
0.665841
-4.65222
-0.938834
-3.03585
0.147495
-1.12184
0.033696
0.24734
0.429845
-0.693888
2.30852
-0.832748
0.694038
0.814985
0.0374064
0.769128
0.00178766
7.99206
0.0665484
-0.381872
-0.0064974
-0.786773
11.748
-0.594078
63.4291
-0.909085
-0.0614542
0.459988
0.0524083
3.85879
-1.55897
1.96695
0.489522
-0.348251
-1.57239
0.377476
1.02897
-1.77737
-0.90189
0.278508
-0.267562
59.1549
1.85063
0.523942
-1.22179
-0.0778094
-7.33991
-0.78732
0.92385
0.925779
2.951
1.0625
-0.591757
-0.108878
-0.428266
-4.10344
-8.50877
0.290573
-0.371953
0.503117
0.336591
0.300919
5.19045
0.460436
-8.58061
-0.507777
-3.96593
0.237598
2.14693
-0.00588855
-0.908015
7.0029
-2.22033
-0.551516
-0.30458
-1.24014
0.06445
-2.23331
1.08228
0.223486
-2.73234
-0.282154
3.90224
-0.871125
1.16586
-0.500201
5.30066
-1.80641
0.43886
0.205999
-6.55733
-1.05306
-0.400301
-6.0088
-0.130034
-0.505919
2.93872
-1.00123
0.44483
0.383422
0.950304
0.0412763
-1.27892
12.3576
0.0518794
-0.839096
1.50687
3.35661
0.929094
-0.156443
4.73332
-0.657347
-0.176853
3.76376
-8.91279
10.5466
0.984189
4.57513
0.874759
1.36989
-2.97262
1.33843
0.365259
-0.207971
8.36417
-1.46836
0.595601
8.97375
0.107644
-2.38265
0.25209
0.212735
0.179998
-0.679613
0.987361
-0.962634
-1.25443
-0.0210621
0.95447
-3.51876
-0.413591
0.963131
-0.635358
2.10357
2.59454
2.30483
-0.5479
1.57908
0.0803352
-0.608726
0.515277
-1.96986
0.358285
3.4267
0.358952
6.16107
-1.29769
4.19351
0.146336
3.1978
-29.5341
1.03769
-0.0156188
-6.99178
3.08031
-0.203004
-0.796335
-4.13035
1.03349
0.708968
-0.257327
4.50561
1.61609
-0.07694
0.622737
0.347735
0.514757
3.23991
-0.267799
-1.81842
-0.922085
45.0154
0.175818
-0.175775
-1.69878
-0.881863
-0.0112924
0.666958
0.570247
0.245984
-2.69173
0.320028
10.0648
-2.89211
-2.52485
15.3878
-1.29808
-13.1643
-0.330495
0.0997129
-0.958485
-1.06866
-0.790585
-0.0757626
-0.919235
0.546077
-4.39401
3.08459
-1.8933
-0.122082
1.60644
-0.572821
-0.632029
-1.22757
-0.596744
-0.763586
5.04842
0.26487
-0.200969
1.04626
-0.159028
2.04038
0.218261
-0.311249
-0.822759
-0.0113213
-4.33454
-4.76817
2.07154
-0.543532
7.5405
-1.36096
-0.131188
3.95161
1.0055
-0.375284
19.5959
7.54235
-10.3306
0.787003
-37.6212
-1.99634
0.84195
0.896313
0.805886
-0.0148057
0.635312
1.25218
-0.149099
-1.48567
0.410283
-0.517543
-1.67527
2.17588
0.622685
0.0138393
1.50557
-1.33888
18.0236
-0.0289434
1.11069
-0.0350299
1.55942
0.480712
-6.19894
-22.3772
2.90912
0.345902
18.4184
-0.160393
-0.749766
0.125682
-2.44192
-1.51727
-0.532884
-6.05741
0.618268
0.129045
-1.38336
-1.77792
-6.94313
-0.445712
-6.99568
-0.953897
18.6874
-1.20633
2.41581
-0.532712
3.74441
-1.38454
0.00508867
1.06567
0.694538
-0.0807136
-0.470176
0.876092
0.414844
-0.397415
0.933825
2.97386
0.0282383
-7.51803
0.0450992
0.351152
2.42027
-1.53972
1.35843
3.95867
1.12322
0.295098
0.141023
3.19661
-2.533
-0.604794
-1.07873
0.47495
-2.75674
0.916294
-7.34043
-0.00596357
-1.3795
-0.692984
-8.48252
3.19974
20.1752
13.7102
0.101736
1.57806
1.87134
-194.633
-1.37819
-0.269527
1.08017
-0.251586
14.9108
0.753597
10.7404
3.32609
-0.593602
-499.059
-7.22489
0.220057
3.16716
-9.30984
2.16584
1.64577
-0.207038
-0.74276
9.79396
0.870682
-4.07113
-1.04244
1.20764
-3.22751
-4.20695
-0.463982
0.693193
1.6033
-3.84114
-0.3911
-4.26583
-0.569673
-0.0491152
0.372913
2.69157
-0.561401
-3.42348
7.27119
-10.0655
1.18234
-1.46955
1.21853
-1.2617
1.08996
-3.51913
0.609098
-6.19215
-0.0914391
3.10858
1.0193
-0.504313
-11.3291
-3.4359
0.810683
-10.4825
-0.0858592
-0.910649
1.50676
-0.849652
-0.89366
0.140201
-0.603483
-0.643203
-0.188746
2.03279
-0.528728
0.592286
-2.24922
22.6502
1.82397
5.38994
-1.37646
0.926286
1.33157
0.246969
0.49838
-0.450879
-0.601347
-0.0900825
-0.0403121
0.0716775
-1.07122
-17.4669
-0.404201
-4.5273
-0.976419
0.0921888
4.71546
-1.87341
-0.3201
-0.0447078
-6.32955
-1.39073
-19.2132
-0.295901
-0.292521
0.105957
0.863164
0.760228
-1.24937
-0.728923
44.833
-0.264528
-2.98123
-0.159955
-0.876397
-1.96778
-2.82782
-2.93788
8.80452
-0.158773
-0.338782
0.704744
-0.775803
0.271411
1.13715
0.129938
-1.22143
-0.389065
1.36289
-0.254123
-0.244819
-4.73073
0.483111
13.046
3.05062
0.185869
1.35974
1.0531
8.09238
6.93075
-1.20071
1.8455
-0.727364
0.476869
0.588356
-0.502054
3.20066
-3.57867
1.78914
0.200316
-0.295414
4.06398
4.94924
-1.9617
-1.23708
0.83556
1.67118
6.9594
0.501606
-0.0320524
1.10104
1.69705
-0.011062
4.00659
-0.708998
-7.34415
0.393772
-0.434105
-1.80473
-9.78006
-19.5175
0.474236
-0.905892
-1.7742
-0.0618127
-3.59689
0.311445
6.1509
1.5161
1.29059
-0.216002
0.262738
2.17208
1.7964
0.447682
0.423126
-25.2267
-0.0787145
-2.99151
-4.58498
0.423775
0.418598
0.543032
0.704394
-0.00261202
-0.977055
7.26135
4.16527
0.040951
4.04569
-1.41526
0.516556
-0.807536
-0.536755
-1.08772
0.406163
-1.96825
0.246794
0.794279
-3.76994
-1.16787
-0.3138
0.387074
1.03039
1.94472
0.986844
0.200055
2.27331
0.21834
2.36453
-1.26033
8.02801
-2.0145
9.68791
0.699475
-1.26591
-0.288194
0.224175
-3.06896
1.0123
-2.85466
-0.45311
-0.192204
3.40426
5.90558
-0.079458
-32.6406
-2.9522
3.45076
0.682672
-2.0144
5.653
1.11205
0.210721
-0.136399
0.417868
-0.27153
-0.31266
-1.04732
-0.706542
1.08524
-0.324909
0.168038
-3.43825
-0.115054
-0.0930665
0.231388
-1.77112
-0.243437
-1.70562
1.10935
0.258051
-0.0394129
1.5905
-0.392596
-3.16945
0.0994709
1.12238
-14.1499
1.15336
2.51184
-0.743161
0.718292
0.343859
0.279336
1.82081
0.777201
4.1696
-13.6357
0.509377
1.49643
0.0195299
0.507841
0.242414
-42.7933
0.615811
16.2107
1.00519
-0.131893
7.01296
-0.389927
0.214421
-1.25866
0.90794
0.624196
-10.006
-1.1505
-0.815387
0.271885
-3.15574
0.662858
-1.71722
-0.276168
2.24426
-9.23434
0.563697
1.85274
-0.949207
-2.80667
1.98419
-1.2175
1.45911
-0.244858
0.395009
-1.71833
1.68133
1.33434
-4.69701
-2.09892
-0.130059
0.685949
-2.07128
-0.681121
-0.268474
0.147063
2.99545
0.178192
0.18052
-1.25838
1.32909
9.20015
0.287583
-12.9421
11.2199
-1.72705
-4.5028
-1.7762
1.12586
2.80574
4.37588
-3.18277
0.415409
-1.1343
-0.309663
-1.3101
2.42896
0.146182
1.29269
1.09766
-0.617733
0.285669
-7.69068
1.48482
-2.79512
3.36491
0.621801
0.695104
5.36064
0.112959
3.06136
0.0639905
-14.0951
11.4412
-0.58907
2.59729
3.87292
0.599589
0.24181
0.0356176
0.0970339
-2.56265
-1.23091
-0.407278
1.99563
0.590121
1.22715
1.20029
-1.3956
-0.699649
-6.80974
0.182188
0.524851
-0.417963
-0.875408
1.59849
-7.54084
-1.06344
0.901128
-0.405722
-0.0205374
-3.25872
-0.484347
14.3567
6.30977
0.091158
0.31045
-2.69023
-1.47198
0.2443
24.6875
0.0314243
0.533764
-1.38745
3.0214
2.89247
-3592.58
24.7649
-1.81221
3.29173
0.749805
129.249
-1.7709
0.621066
-1.23164
10.1407
-0.471461
0.465549
-0.0376312
0.457941
-0.264531
1.93213
-6.44869
0.999431
-0.813348
-0.939834
1.53306
-0.272019
0.571621
-5.86038
1.65302
-1.29435
-0.518307
0.0660686
0.407361
-2.52535
-0.465355
-9.14827
2.46796
2.61328
1.07325
-12.0716
10.5453
-0.500995
1.32489
-3.89299
0.970206
1.5793
-2.01278
-2.4845
-0.33958
-1.59969
0.679601
1.84086
1.1139
3.33148
4.03102
0.114724
-0.0462731
-0.0662458
-1.18792
-3.8721
2.11494
0.114793
1.56622
0.41481
2.44256
4.45898
0.35417
0.0842207
0.763924
-0.852049
-1.17812
1.37772
-2.9125
1.37845
0.322874
0.190522
-8.84933
-1.93478
0.977863
-28.3516
-0.149384
0.0556252
0.905796
-0.124412
-0.355607
-8.76937
0.505796
-1.24351
-0.875045
-0.946922
1.83364
0.124737
-0.345557
-0.527823
-0.848513
1.42004
0.477889
0.082083
-0.0313208
6.98319
1.78794
-0.117737
0.852759
-0.366108
0.2342
-0.240619
-2.2595
-1.67105
-0.442178
-0.727562
-0.568068
-3.04499
-0.242994
0.222833
0.175056
-1.79752
-0.728462
9.17284
-0.123756
0.288261
0.181785
0.280813
-0.63944
0.19491
-3.33299
-4.82136
-0.45223
-2.96366
-0.857925
-0.982497
0.455269
-0.376937
1.99602
2.31793
-4.47146
-1.85722
-1.93971
0.761207
-3.17335
2.40506
-0.283972
-0.210226
-0.310704
4.85205
3.47608
-0.804646
1.85811
-1.12295
-0.222369
279.276
-4.50095
-0.163364
0.513294
1.2393
-1.21584
4.22576
2.6019
-0.0593306
-0.114063
1.36061
-0.149242
-0.810591
0.352474
-1.07598
0.994562
-2.65862
-0.0955938
-0.486627
5.13234
-1.45941
-0.40418
2.67248
0.407661
-0.61914
-0.399984
-0.620557
2.34829
-0.415554
-1.61354
-2.23222
-6.97179
1.75709
0.842349
0.411253
-0.547177
-0.794402
-0.271178
-0.174232
-268.595
0.990828
-0.725403
0.0120636
1.03993
-0.0395016
1.19023
-0.395116
28.1988
-1.87276
-0.0167545
-42.907
-2.61223
-0.665971
0.938072
20.2962
-0.741129
0.385785
-3.50576
3.49571
-0.0939051
-1.96664
-1.15014
0.398676
-0.474743
1.58155
-2.90348
0.86075
-0.864514
1.06515
0.721822
-0.714093
0.0826285
0.567288
-0.18857
1.1613
0.473922
-6.38055
-0.244544
-6.04996
0.153817
8.7735
0.0901481
0.794268
48.2116
-0.20433
-4.39336
-0.280106
0.516702
-5.69382
-4.22632
-0.0878856
-0.590521
0.233946
0.842731
-11.6097
0.92871
1.16571
-2.25448
0.59932
-1.57466
37.2818
-2.13831
-0.973505
-1.5591
1.56966
-2.89871
0.254642
0.0247013
-9.67146
0.379397
0.380483
-0.0655752
0.97962
-0.0670904
-0.160117
2.35927
0.669953
1.1908
-0.698626
-2.54772
-2.30126
0.218688
9.18424
-1.29925
0.977168
-0.161505
0.249429
2.62661
-1.46363
-31.1533
19.5054
-0.534906
0.464594
-0.141258
11.8326
-2.0009
-0.393302
3.23535
-1.64942
0.710874
-0.175917
-0.209878
0.465291
3.81928
0.162815
-0.92821
-0.331671
1.22444
-2.64973
0.712413
-0.260086
14.1386
0.0887137
0.353566
-8.71419
0.399484
-2.41411
-3.97442
-0.632746
-0.558379
1.42994
-0.211945
0.204164
-0.628701
-2.33172
-1.1221
-1.53453
0.356081
1.08581
2.0551
-2.32768
-0.311279
-1.11136
0.250257
-3.2592
0.230294
0.447115
-0.178692
-1.8689
-0.253222
0.23675
0.34493
-0.413517
-1.4976
-0.537014
0.170668
-0.361957
-3.06512
0.495618
1.90847
3.37303
0.680026
1.87082
1.79754
-0.18489
0.0451463
-0.689383
-0.268451
0.139798
2.56766
-1.33508
-0.782539
-0.992596
0.020715
-5.8059
1.37342
0.568263
0.726739
0.638021
1.36598
7.381
0.93072
0.358391
64.5308
-2.53307
1.78278
0.266556
-1.89948
5.64804
1.24147
-1.64917
0.627923
-0.874634
0.947249
-0.174166
-1.17919
2.72893
-26.9809
-2.06007
2.1295
1.42259
6.63828
-0.070896
-3.44606
-1.05899
0.180091
0.925103
-0.368762
0.480462
-0.520654
0.392259
-1.63052
-1.50405
-6.20026
7.23513
0.468444
4.11907
-4.95766
-16.1792
-0.480003
0.38117
-1.92259
-0.688853
0.475715
0.766631
-2.50294
1.85861
-2.8843
-0.304555
4.90161
-5.69649
-0.636457
0.738288
-0.147867
1.23469
-6.46984
1.15656
-7.43747
-3.42005
28.6053
-3.32586
-2.11443
-12.7923
0.694071
-0.144868
-0.374449
7.18969
-0.597533
-244.233
125.498
3.27869
-0.305988
-1.71186
-18.4055
-5.23014
1.05347
-0.983906
-1.55768
-1.3613
-2.7422
0.145268
-0.209428
0.267253
0.227511
7.72537
-0.554742
1.49592
-0.477587
-2.86449
0.821233
-0.935455
2.29243
1.23257
3.07518
0.487157
4.64324
-3.09231
1.46641
0.529738
-0.0278454
-0.0171675
-2.13327
0.204288
0.684908
11.8551
-0.312498
0.480033
11.6381
-0.432888
-6.83678
2.43089
1.06672
0.62637
0.872551
1.05212
49.8437
-0.986196
1.42119
6.63001
1.19019
1.19137
0.431192
1.79806
-1.73514
-25.3927
-60.933
0.790829
-0.449603
0.275612
0.663063
-2.89202
4.1774
-0.540554
2.46495
-1.25318
-0.121551
-1.14009
0.648282
-0.695137
-2.9716
3.16111
-6.88067
2.04889
-1.3066
-0.322718
0.426077
1.07812
0.225393
-0.203441
0.599685
3.63835
-0.0564786
-2.43592
-1.02703
0.276004
2.78315
8.4809
-7.43804
6.20205
-6.01936
-2.46081
-9.96348
-0.0484896
4.1455
0.0693479
0.306335
1.41489
0.117932
0.463939
-0.441442
0.305322
0.912817
-2.05964
-2.14345
1.41054
0.472034
-3.14326
-0.698697
-2.23163
-2.27854
0.589177
-1.81675
0.340926
1.37792
-7.63506
8.59605
1.07545
0.611966
0.0919892
1.15058
183.747
0.0882109
-2.16102
-0.996942
-0.323809
-0.0857263
0.167039
-4.91508
1.03644
-0.368993
1.47279
4.78876
0.799051
-2.70316
-163.593
1.04805
0.809456
-0.385309
-0.699986
-0.388884
-1.0056
-7.89706
1.4816
0.168851
-1.5699
1.81794
-0.887394
-1.51752
-44.2459
-0.488882
-1.58665
1.31606
78.3004
0.385678
0.386824
-13.0986
0.703536
0.226668
0.940757
3.72246
0.842023
0.283779
0.777084
0.242608
-0.118346
0.609334
-0.781967
0.869665
-1.09284
14.4261
-1.09654
-0.444683
2.28787
3.87859
0.834428
-0.793215
-0.191624
-0.108057
-1.31881
-0.536783
2.42937
-0.290794
-3.19199
-0.851825
-5.66779
-9.55485
-0.0635369
-5.06737
12.0761
0.163042
-0.81332
-0.364668
-5.17801
0.494583
1.1263
0.284242
1.06491
1.64818
1.2337
-0.749739
-0.41383
0.0554149
0.469388
-22.1992
-1.98651
0.84914
3.52815
0.950032
3.07538
-5.61446
-0.516725
1.05719
4.78534
-0.212682
-2.81838
-2.087
-0.840671
5.5616
-1.91957
-1.48793
-4.77743
1.07824
-4.25458
1.7292
0.539596
-1.49512
2.44432
-0.988009
-21.5883
1.26253
4.6269
5.91897
-0.275209
1.86088
-0.350242
0.121027
0.642082
-1.17054
1.58325
-33.3395
5.59279
0.400491
-1.10229
-1.78106
-0.782063
-0.280601
0.359777
-30.3652
-0.337575
0.74161
1.3224
0.250899
0.744172
10.9024
0.725021
-0.384274
-1.30202
0.647261
-10.5908
0.00769223
-3.39005
3.07334
-0.815251
-0.3908
-0.254417
2.45395
-0.306892
1.10463
0.490304
0.824074
0.155137
-0.608183
0.35917
1.57922
0.0389734
-0.235641
3.6491
-0.846105
-3.95372
-0.244315
-0.830122
-0.720307
-7.58278
0.384826
0.454998
-0.249516
-0.651751
1.7145
0.23618
-23.0518
-1.14602
-0.0214493
-0.599344
-0.535067
-8.97467
0.0330391
-0.64756
-0.37043
-0.391923
-1.93231
-4.11324
-0.649147
0.313107
1.31701
-0.527787
-2.08219
0.48561
2.40772
-0.307086
1.77547
0.635744
2.71551
3.0474
0.20463
-0.0164374
-2.12067
8.31244
-15.4574
0.161789
-1.7415
-3.93442
0.686947
0.92053
-0.0927363
-1.24903
0.391396
-0.615068
0.458294
0.0504368
-2.21897
0.373626
-0.534185
0.946255
0.0897269
-0.578096
2.86914
-0.00150185
0.22915
0.227643
-1.96536
44.7072
1.10998
-0.65466
1.28673
0.134102
0.273887
-0.213934
0.145486
1.51065
-1.65263
0.0360929
0.179291
-0.679556
0.0907683
-1.00261
-0.352454
3.52468
-8.47109
1.02753
-0.107412
1.9723
0.841549
-0.139224
-4.26775
-0.206316
-1.91883
-0.770509
-1.43618
-0.0482085
-0.31461
-2.0835
-0.798962
-0.306927
-0.182842
0.401426
-0.690281
0.88388
5.60266
-12.9348
2.56595
-1.02263
-0.66168
-0.520336
1.11242
13.6951
0.418064
0.0513595
-5.65156
0.195495
-0.0635321
1.53945
-0.195873
-1.69837
-0.42878
-4.06939
9.22244
1.91067
0.70756
-0.842029
-0.554993
0.135387
0.0568737
-0.19979
-0.978065
-0.742529
1.75414
0.360103
-0.602724
0.926097
0.269752
-0.0617665
-0.73239
-0.0951573
0.801959
1.73673
0.350421
1.14168
-0.00777316
-4.13969
-2.11421
-0.235571
-3.30168
-0.133099
-1.38173
1.52776
44.3179
-4.75404
-1.30373
0.383358
0.331293
0.171056
-2.02613
-2.28843
-0.845355
-1.11625
-3.01545
-7.4578
-2.85361
0.0328494
0.304282
1.64389
0.474256
-0.257387
-10.8402
-0.484764
1.34997
-0.499476
0.823789
-0.887738
0.106733
-11.5919
-2.29761
0.109131
-1.26315
0.239667
0.578607
2.75313
2.78856
-0.272702
-4.05165
-10.6937
0.814554
0.32322
-1.17846
-4.7744
8.20794
-1.72534
-1.65893
0.61703
-0.971553
-0.932683
1.60697
7.32111
5.80768
0.205403
0.169402
0.0463222
-0.663054
-5.52422
0.1339
0.23754
-1.13359
-1.376
0.0860315
5.65395
1.03683
7.92628
-0.925291
2.12606
0.456617
-2.27111
-0.187618
-1.87146
0.546465
11.7417
-0.00217824
0.702281
-0.430861
4.40248
-3.91871
0.132755
7.33918
2.62528
1.21642
2.20423
-1.49895
0.420039
2.18729
-0.459095
-0.322408
0.0794072
-0.950432
-2.25487
-0.832036
0.997396
242.507
0.108179
0.220784
-2.03014
2.27672
-2.4677
-1.76799
-0.3904
0.356048
1.09345
-3.69817
0.484077
1.03971
-0.605101
2.96751
-1.30293
1.56367
0.381715
-1.01616
-0.236124
3.7586
-4.59342
-0.546228
-0.152617
-0.638583
2.17332
0.00156438
-1.03206
0.833972
-2.29615
9.64359
-0.783542
-0.264225
36.9172
-5.47522
1.4134
0.339918
0.5172
0.708256
-1.97877
2.74857
-0.345019
-4.26792
0.0311194
0.847174
5.14836
-0.923228
1.50699
0.439843
0.293959
4.12778
-0.25327
0.538488
-0.164048
5.89946
1.56729
-0.790382
0.410383
0.0669828
1.52095
1.46577
0.0724924
1.73099
1.68054
1.352
0.618285
0.471829
-1.23584
-1.2306
9.50153
1.67679
0.0873433
80.7324
10.5422
-0.089639
8.96265
2.45825
1.14467
-0.0755324
0.244348
98.3713
0.21723
-0.00211295
-0.182585
-1.25546
-7.39539
-0.190255
-1.00806
0.16425
3.74015
-2.75792
-7.8942
2.00983
2.55797
6.76791
0.642721
0.548885
-2.77957
0.476205
1.43132
0.236431
1.38401
0.774325
0.346464
-0.0860719
1.0057
-0.420255
0.0368761
-1.53565
0.52979
-0.23872
12.3622
0.0208692
1.60183
0.782467
-0.880678
1.80317
2.80717
-0.189854
-1.35131
-0.394038
0.199108
-1.55003
-0.253205
0.149784
-10.9455
-0.0854686
1.81339
-22.6842
-5.09725
-25.9149
0.446175
1.10543
-0.846789
-0.787997
-0.0444431
-9.07922
0.71602
-1.59569
0.197234
-5.14851
-4.60552
-1.74633
-1.10128
1.09021
0.057581
-0.841987
1.31519
0.193801
0.100795
0.0694272
0.555848
-5.10678
9.42494
3.19636
-1.99471
-0.441296
-1.75041
5.79425
-2.34137
0.28702
0.0551284
-1.21635
-1.10423
-0.909839
-0.0538616
10.5996
-1.71348
-0.0753838
-0.153894
0.59994
4.02896
-1.58931
-0.500674
0.645907
0.731881
-0.791394
4.41705
-0.0303906
-0.439121
-2.33273
-0.41636
-1.62507
0.760209
0.987757
1.20507
5.08904
-3.41523
21.066
-0.0649196
3.07184
1.24163
1.0212
1.52552
-0.611225
16.3658
-0.682162
-0.258697
1.10474
-0.920712
-0.355378
-0.736452
-15.1594
0.600632
-0.943425
-0.605197
0.35471
-0.172494
-0.33142
-2.00611
0.0569981
-5.83624
-1.27131
-0.100996
1.98055
-0.44471
-0.498477
0.542989
5.65666
43.115
-4.60478
0.516061
0.707859
12.1482
-0.112247
0.00962382
-0.935581
-41.9772
1.5966
-12.181
0.170972
-0.669792
0.663717
-1.09249
-0.188445
-0.60414
0.93324
2.55042
-0.0392305
-0.196556
0.657458
0.226608
-0.293815
1.8325
-0.748044
0.275353
0.321381
3.91616
1.32483
-0.399288
-5.79232
0.292869
-0.764832
0.926022
1.34771
-2.62854
-0.523641
0.0844688
-0.0584822
0.805834
0.783023
-0.20072
1.22719
-0.546966
-0.790251
-18.5586
6211.09
-0.600327
0.498039
5.46014
-9.04914
22.3677
-4.07276
0.751133
-1.0347
1.99723
0.585559
1.82392
-0.484899
50.0598
0.623855
0.371754
0.129943
0.0503887
1.70716
-2.12569
-1.54112
0.677484
-1.37095
-0.149019
-1.08446
-1.95053
-2.78007
0.546074
-0.0115052
0.305837
1.15182
-0.162554
-1.30325
4.23657
-0.706306
0.774747
-1.09247
-0.29165
2.38944
2.61731
-13.0776
2.33273
-8.49033
0.16131
0.350649
3.91701
5.19839
-0.971682
-1.96028
-0.597272
0.82775
-2.19627
-0.257731
1.16972
-0.239188
0.2642
0.36146
0.431795
-8.23641
-0.182096
2.54094
0.922608
0.64922
-0.271323
-0.986692
-1.06868
0.6258
0.960824
-0.503317
0.0885147
-2.19053
1.91409
0.678059
0.0683818
0.386965
-0.663383
-2.48186
1.06237
-0.0704885
0.439702
2.44004
0.637282
-0.919411
-2.6195
-1.95847
-3.61902
-95.2659
117.521
1.69123
0.627744
-0.0843479
-1.57457
-4.3968
-2.01988
0.246968
0.903685
0.163255
-0.699085
2.22273
-0.579959
0.554772
0.999138
0.689544
0.557806
28.0557
-4.97249
3.74905
-0.0748612
0.0445187
-10.2894
5.64527
0.407256
-1.28339
-1.09325
-1.62787
-2.34979
0.0639244
-3.98549
3.10202
-6.91209
0.870253
-0.463734
11.1254
-0.17452
-2.15885
0.625791
-5.99174
0.34296
-0.618517
-0.839484
-1.25491
12.0583
2.41338
6.79391
8.16899
0.596841
1.67865
0.128954
2.1051
2.38393
-4.5685
0.120423
2.10174
-1.81176
-8.59419
-0.230357
-0.857918
3.04712
-0.359325
0.0291729
0.968588
0.0254928
-4.16977
-2.61986
1.11959
-0.602391
-0.130802
-1.02228
17.713
-0.28457
0.112281
-0.539523
0.830363
0.071375
-0.658683
2.99607
0.0527516
1.8339
0.266982
-0.534831
-0.535859
-7.18008
3.22371
-1.71742
3.26402
2.46834
-0.876838
1.64414
-0.946901
-1.09147
-0.626944
0.445407
-0.350766
-1.48533
-1.15767
0.314091
0.330599
-0.862447
2.12736
-1.68861
0.101008
3.57899
-2.57816
-0.205675
0.334564
-56.9748
0.120392
-2.13024
-1.06402
1.37612
-1.13447
-0.877423
0.28218
0.288593
3.25247
0.727755
0.573214
1.98009
-0.713078
0.122571
-0.260278
-0.386126
-6.19785
0.797995
1.9419
0.45615
-0.573272
0.529903
-1.97007
1.61626
-0.336658
-0.0373736
1.01944
2.39573
1.19793
-3.15369
-1.49586
0.18063
15.5316
6.81057
-1.72898
-2.79853
-2.50904
-17.5656
-0.65131
-0.769906
-0.535143
-2.62569
-3.71329
-0.712397
4.0146
-6.88371
-0.73602
0.948306
0.307983
1.1377
1.1134
-8.57333
2.64633
57.391
2.12932
-2.99067
-1.95531
-0.349927
-0.262135
-1.54534
0.097996
-2.2124
3.12681
-1.57515
3.96812
-6.20794
16.4438
0.243739
1.82442
2.42553
-0.57099
0.426019
0.482358
-0.227067
1.35869
0.191049
-1.8203
0.44059
-3.43865
-0.0031595
-0.873525
-0.0179547
0.838014
-0.16475
2.95098
1.66314
-0.143593
0.113426
0.668177
0.171939
0.0596717
0.187796
-0.0705857
0.671574
0.95832
1.02739
-0.0884695
-2.91915
-0.506345
0.185209
0.103918
1.79898
-0.318213
1.01306
138.294
-0.693708
-9.75679
-2.07008
0.106341
1.21292
-0.563126
0.197074
-0.467292
0.0789704
1.86584
-0.525259
-0.529838
1.10659
-0.244896
0.332246
6.75955
0.0719642
-0.259145
-0.244879
-3.12591
-1.8474
-0.0625427
44.9181
47.4194
0.371849
0.44646
-22.2004
-1.42432
5.88331
-4.37735
-0.505838
1.24737
-0.217809
-1.28245
4.53801
0.122168
-0.833955
4.36982
-0.500615
0.190056
-0.191225
0.339761
0.736896
-0.559735
-6.84157
-4.00396
15.7974
-2.60482
-0.41698
0.375666
0.568544
37.8581
0.191699
-0.800298
-1.08152
0.548105
-1.04826
-3.87699
0.311106
-0.936865
-0.176153
-0.171924
2.26395
-2.12175
-35.167
0.234171
-1.82135
0.908302
-2.20713
-2.62806
-10.7226
0.500545
-3.42773
0.505607
0.555677
1.59584
0.784753
-1.85322
-0.333387
-0.415332
-454.798
2.9633
-1.79628
-0.356712
-0.991192
0.588576
-1.98803
1.82423
-0.444046
0.422957
0.665966
-10.7867
-3.0222
0.468584
-0.239212
-8.02243
88.7349
0.300064
-1.31582
3.87364
0.693974
-0.159361
4.82926
-35.1741
-3.65053
1.32859
0.726301
-1.34573
0.927761
0.273878
-0.476813
-0.964382
0.0556345
0.350795
-2.85967
1.49796
-7.55544
0.399588
-4.01953
2.23717
-4.01392
3.04654
-3.56462
-4.8148
0.733624
-1.1473
1.51141
-0.752201
-1.59374
-2.13137
-0.380353
-0.302268
-5.64192
0.877603
0.00124722
-1.15838
2.11691
-0.140693
-5.13325
0.20835
15.7242
-0.978896
1.42226
3.21954
-0.460005
-0.242894
-3.99128
-0.364024
-2.31278
-0.24933
-0.996371
-0.837653
-2.11153
-2.10382
5.15734
-12.0293
0.525374
-0.34399
16.4891
-0.21351
-0.891368
-2.92865
1.92097
0.486588
-0.891409
12.4877
-1.7066
16.5993
0.0509119
0.281391
-2.06927
2.14703
0.437441
0.338902
-0.568647
1.54456
-4.37116
0.43414
-3.51444
2.41704
-7.64237
0.229287
-3.30541
-5.06603
1.40798
0.241148
1.46283
-0.62914
-1.69868
0.269866
0.669019
-0.762376
0.717896
-0.242356
0.59059
0.423568
-1.82387
-0.811426
-0.6208
-15.8574
0.320689
1.09683
-0.082412
0.129777
0.0996292
-0.680407
-0.0661403
-0.802901
1.14395
2.95095
-1.41462
6.38557
0.173356
-0.0832008
-1.04326
1.08834
1.92985
1.06939
11.3274
-0.639197
-1.86919
-0.276575
-2.16646
6.16214
-5.45135
8.7896
1.78482
13.3694
-7.52498
-0.118769
8.55738
-0.408428
0.751721
0.272366
-2.82629
0.819306
-1.07908
1.10668
-6.21276
7.2162
-0.0504545
1.3753
1.7356
2.59754
-12.6204
0.961041
0.123791
0.968791
6.85082
2.87553
-0.420208
1.4172
0.354208
2.73427
0.188436
1.6266
-5.68165
1.24998
2.46665
0.116662
0.597168
0.985115
-0.189297
-0.353799
3.65583
1.16856
-3.10953
-5.01157
-0.099223
-2.11851
1.68355
52.5682
0.217474
1.93121
-2.31165
-0.138976
2.38227
2.29249
5.43926
3.02632
-0.404035
0.996462
5.05284
-0.826001
0.825385
-3.1344
3.68349
1.03434
0.218937
35.5739
1.0772
-0.038622
-0.7972
0.328057
-2.05672
0.341667
2.00497
-1.73894
3.13653
0.488894
-1.65305
-1.05065
-0.10288
0.220267
-0.449894
-0.299126
-7.22898
74.3713
-0.889028
-3.8925
-1.25052
0.569346
1.04797
1.53156
1.33066
-1.50004
-1.33008
0.549231
1.5411
83.6036
1.22696
-3.98725
3.43028
-0.388345
1.73625
0.308431
1.46197
0.932716
-4.02774
-3.77807
-0.574446
0.495126
93.24
8.20165
1.52479
-1.57775
-0.00302216
-0.289003
-0.463447
-0.221745
0.67769
-0.330558
8.60168
-1.21382
16.8034
0.531467
-2.2758
-5.12589
0.765114
1.77112
-1.41374
-0.0662565
3.27251
-1.21454
-0.122485
-0.843875
-1.269
-0.673351
83.5741
-1.21559
-2.13534
0.810594
-1.61918
-0.455004
-0.953505
-1.19951
-2.80959
8.29657
1.80344
-0.323635
4.02859
-1.35083
0.455734
2.05317
-1.04182
-0.625438
4.87494
6.08545
0.20057
2.01988
-1.0096
-0.362889
0.564472
-13.5095
-0.458194
1.77282
-0.552154
-0.3142
-0.450065
-0.181488
6.85151
0.0565542
3.80875
9.48451
0.913186
-0.0221286
23.718
-45.8318
0.341924
4.67205
-0.106597
0.521519
-0.894827
9.74052
2.40269
-0.224536
-0.915852
-6.68496
0.411219
4.80454
-1.10458
-0.871881
0.166939
-0.122106
0.307657
1.35707
3.97435
-0.920037
0.530428
0.846794
-0.221207
-0.584639
-9.08766
-1.6789
3.55784
-0.146713
2.89039
-0.146313
0.393272
-3.47004
-0.770234
0.591149
0.688441
-6.97501
2.9261
1.28519
0.0470484
6.4685
1.4122
-0.45822
0.168189
-1.58596
2.09841
5.16674
1.98187
-0.993385
0.217278
-0.35522
2.14759
-3.6353
-4.24012
2.16374
-0.758796
2.08208
-2.81551
-4.6309
-12.8192
0.0971194
-0.935904
-2.29419
-1.32984
-0.217719
1.23416
-3.17737
-0.0594184
1.56955
-0.521922
-0.296838
3.24751
0.0117114
-0.459562
4.77298
0.992326
-0.853919
2.49608
1.51826
-3.34957
-1.0705
0.126032
1.97899
5.1531
-909.62
0.245391
2.71129
-0.594917
-0.0463221
0.00745072
-1.5471
-0.0396703
3.30206
-0.532382
-3.13393
-0.912091
2.24968
0.19066
-0.84749
0.0234235
7.85819
4.68233
-0.012797
-0.113854
-1.06571
0.775034
-0.842721
1.03551
16.8395
-4.80457
0.586231
4.61236
28.0243
-4.3378
-5.31332
0.042286
-0.322758
-0.211089
-0.390274
0.935709
0.1509
0.504287
1.86051
-2.29209
8.55888
-0.609245
-20.4228
-2.30096
1.42017
1.75912
-0.543098
0.185441
1.71989
-0.237083
-6.43026
6.6287
6.02244
-2.55004
-0.342554
2.40629
5.53247
0.0246351
0.245113
-0.132509
-0.538085
1.28495
-5.41185
-3.3941
0.069227
-0.212951
-0.148635
3.17739
3.82676
0.313869
0.524693
2.44207
-0.76363
0.918326
-0.752929
0.62119
-0.0406985
0.32093
0.96765
0.274136
-0.198203
-4.76427
1.9994
-4.60905
0.338568
-0.654496
0.149336
0.101086
1.33796
-1.38579
0.734958
-2.04673
0.461166
-0.432698
-71.1171
109.066
-0.858214
1.44344
-0.214554
-2.02843
5.63683
3.27095
-1.18318
-9.59851
-1.26899
1.14197
-0.901355
-0.941575
-1.82269
0.244231
1.3748
-0.12768
1.02575
-1.84358
0.263464
2.00639
1.06572
-3.10513
0.723703
3.09216
-0.359995
0.312185
-3.32337
4.76202
1.17843
-0.110007
-0.538259
2.06343
-7.25875
-0.932042
2.31385
-2.65294
0.00383378
1.55546
-13.5013
0.939135
-0.811667
0.289971
-2.17925
11.3868
-0.0645654
0.795406
-1.24264
0.438221
0.403247
-0.268808
0.49258
2.94593
0.734823
-10.4287
-1.52836
-0.0422766
0.541007
6.00518
0.324421
-0.0842812
0.264516
6.39913
-1.19331
-2.38117
5.4156
-4.44088
0.556592
-0.766526
-1.13474
0.601212
1.07595
-1.01972
-1.04279
0.0581432
0.114327
-0.08399
0.791009
1.52704
3.8944
-0.589278
1.3754
1.44807
2.7897
1.12227
0.249191
0.33684
-0.254552
-0.753364
-0.608433
-0.347228
-2.68689
-111.428
-1.00783
-0.685691
-0.265249
0.993659
1.47827
0.34148
-0.92535
6.759
8.00238
-0.251333
35.8537
1.17668
0.0690079
-0.506609
0.730823
1.31868
0.124491
0.0376581
-6.84176
-5.67252
4.87615
-7.99004
0.826521
-5.43926
-6.40335
0.231998
-0.102234
0.750852
26.0335
-0.416725
-2.41887
0.631425
-2.57989
-0.109412
-0.0603175
1.9416
0.00184299
-1.68785
3.63483
-0.495833
-4.95517
-0.274664
0.182541
-2.32488
0.538759
-1.94975
-2.94583
-0.238841
-2.96592
-0.70014
-0.735506
4.15004
-1.07669
3.7804
-1.60657
1.90013
4.14357
2.73447
-0.0345971
1.69107
-1.11942
-0.869314
0.161325
3.40461
2.67404
-1.21155
0.635598
-4.67146
-0.331572
11.2397
-31.9346
-1.06216
-0.407059
-4.30605
1.1306
37.1155
0.367896
-0.767168
-0.231063
0.967044
-0.517078
-5.84096
-0.416968
-0.121444
-0.231622
-3.03965
0.216843
0.770986
-0.211053
-4.44553
4.66658
8.87437
-0.327617
0.163605
0.384099
-1.36676
-0.0922538
0.423248
-1.21634
0.420449
-1.28439
0.153798
0.707373
-11.0935
-0.905389
-0.078248
0.306621
0.161736
1.36041
0.780763
1.20552
-1.00564
0.209147
-1.32059
-376.901
-0.0997155
0.693735
-0.441655
-1.10246
0.815656
-0.970992
-0.901734
0.0190578
-0.287343
4.93029
1.36315
0.794712
-0.81442
-2.02824
-0.0179152
-0.934075
-1.7225
-0.71066
-0.607961
-0.326033
1.37479
-0.258693
-2.98124
2.89497
-0.0539448
-0.8393
0.981778
1.00574
0.585957
0.157876
-0.540886
-0.875587
0.175933
0.142706
9.09669
-0.750781
-1.90298
1.66874
-0.568457
-2.42235
-0.157942
-0.138062
-1.0958
-13.2571
0.975102
0.678329
-1.29636
1.40364
0.848598
0.410825
0.594298
-0.448902
0.298827
0.728836
-0.7855
-2.96641
0.68525
1.44495
-1.55762
0.0931621
0.0468271
-2.9586
-0.72556
-1.3428
-3.37174
-0.0648125
-9.60666
-1.28415
-0.465895
0.368085
-0.307517
0.790903
80.3683
-0.974262
-1.86168
-35.0342
4.00688
3.0246
-0.451996
-0.572417
-0.0581985
0.205607
-0.957851
1.0961
0.442589
-0.221498
1.05482
0.369977
0.747924
-9.3938
-0.349419
1.58107
0.148846
-0.402293
-3.96978
-0.687111
-118.555
0.691513
-0.610509
-2.31167
-0.10573
-0.559321
-2.16037
2.581
-0.167848
168.394
2.52102
0.281111
-5.14711
-0.624006
0.19433
-0.36902
-1.97289
0.162567
-0.357248
-0.507084
0.706469
-0.146142
1.74385
1.33011
-9.89846
0.763431
-1.15897
-0.210729
-5.82368
-2.86399
1.37786
25.4669
0.773657
-1.93922
21.4419
-2.09725
-9.21085
0.890293
-1.02348
-1.93963
-1.64829
-2.35902
3.08941
-4.65388
11.3754
0.524082
-1.22257
3.48849
0.531679
1.69741
-1.91805
2.39626
0.507534
0.327901
-2.10007
-1.33673
-3.16457
0.700195
0.458772
0.47675
-2.05988
-2.14656
-1.93398
-0.527402
1.18698
-1.07751
5.06954
-0.783141
1.60676
-0.618899
-0.346101
2.02452
-0.0327064
-107.677
-46.8449
0.0944013
0.525341
-1.83521
0.108019
3.48134
3.06353
-0.514973
-1.29276
-1.1316
3.07318
1.65632
1.15924
-0.135783
-0.103527
0.422594
0.47815
7.21242
-1.14304
-2.26075
-0.365692
-0.72491
-2.56217
-8.6217
0.193895
2.12083
-0.392075
-1.0452
2.25654
0.612904
0.35725
-0.731792
2.77871
4.73115
2.0984
3.2146
-0.127036
1.34879
0.0900814
0.19894
-0.318689
0.787696
-0.287824
-0.427176
-1.91907
-25.5392
2.38263
-0.102983
1.44422
-6.60364
0.859554
1.15826
3.3649
-0.484795
0.681051
-2.06834
4.22365
-5.22612
9.64536
-0.911512
-0.429683
1.57367
0.047161
0.1268
0.393258
-0.27674
-0.659377
4.75212
-0.510799
0.736534
-0.0932288
2.70821
-0.27154
-0.800523
-2.14909
0.35206
0.906829
-0.532094
1.89034
-0.33005
-11.7459
-0.454619
1.35288
1.15419
1.0902
-0.768758
-1.03529
0.395023
10.676
-0.283665
-0.0316746
0.843598
-0.504686
1.8298
1.17205
0.773087
-1.48419
27.8381
-0.258558
-0.54247
0.24881
-0.127063
1.53034
-1.18551
-0.292839
-0.77221
0.349295
-2.42331
-0.214781
2.84582
0.886102
-1.5622
0.896102
-0.233123
-166.769
-2.36388
1.31175
0.140475
-0.068274
-0.693067
-0.496227
-1.44223
0.257972
-0.759744
0.854914
-8.92274
0.19909
-1.12842
-9.79919
0.986116
-0.279232
5.91517
0.994449
0.0854084
0.759269
-0.401076
-1.42174
-2.2752
-0.191215
0.589196
-20.7393
-0.778768
0.242172
1.60327
0.901013
-1.24787
-8.10924
-3.96805
-2.48335
0.191659
-3.94622
-6.05403
-0.71387
6.858
4.5055
0.843238
-2.07374
15.5552
-0.921729
2.03933
0.153047
1.22019
-0.0990007
-2.2969
-0.770109
1.77487
-0.536614
0.0688596
-1.00349
0.940256
-3.04715
-1.13024
0.998141
-0.0230683
1.35309
0.705924
-0.40559
0.169894
0.108916
-0.77651
0.185483
-0.712573
-0.443409
-0.250356
-1.09022
1.47573
0.0259896
0.439274
4.37969
-0.787735
-0.0157513
-3.46945
-7.40206
0.640555
-0.246549
-2.22204
-0.179332
-16.2472
0.171858
0.274626
-0.707338
0.283109
1.06505
3.80082
-1.78227
1.52742
-1.14528
-0.583864
181.443
2.21403
-1.81486
2.51123
-9.47321
5.12577
0.123101
1.66376
-0.223362
0.477313
0.418003
0.640293
-6.53346
-2.37331
0.494876
-0.506752
0.28916
-0.613189
0.218406
1.84696
-0.87022
-0.562743
-7.73273
-1.14316
0.620138
0.905862
0.0914943
-0.21077
0.058895
-4.10156
-0.420971
0.74208
0.376623
0.0753766
0.44962
0.894841
-1.63889
3.50228
-1.0161
0.398614
-0.0182
0.984462
0.173632
1.33229
0.149702
0.628911
0.980068
0.407082
-0.479608
0.371079
1.20257
0.861084
2.34402
0.958728
-0.0149875
3.58581
-0.16113
-0.829693
2.12346
-0.481295
-2.40253
-20.9674
4.38649
0.890832
1.33396
5.82229
0.0985151
0.260089
-1.41033
0.678189
-5.44451
-3.85871
-0.217861
-2.52256
0.640081
1.73467
4.08608
20.1547
0.329723
121.842
0.0483041
-2.05765
-0.960163
-0.338538
3.28175
5.08855
-1.75916
0.893882
13.6736
1.11785
-0.923305
-1.56199
-0.461503
-8.02299
-2.65379
0.663004
-0.276397
-0.412741
-0.307929
-5.41439
-0.0506279
0.209673
-1.01369
5.0877
-4.80298
1.06323
-0.52592
0.414532
0.100616
-0.976463
0.822677
-0.0268272
1.11945
-0.190641
-1.89778
-0.246401
0.719887
0.291051
70.1266
-0.453096
0.119245
2.77161
-2.24307
-1.55346
-4.19904
-0.0715292
0.0796913
-0.147223
2.70449
3.06435
-0.491612
0.818294
0.404746
-0.127671
0.0632819
1.36978
0.676974
2.7762
20.9039
1.28165
18.4455
5.26738
-1.28448
0.111733
-0.69518
-0.695229
-3.89698
0.390835
-55.1536
0.0292117
-0.0344308
0.772932
0.473802
-1.67232
-1.2281
-0.640344
1.06983
0.113514
6.1115
8.72633
-16.0342
-1.35855
-0.871243
0.902452
0.133212
-1.64626
-5.86688
2.65823
-1.03109
0.148553
0.15735
0.744051
0.914899
-20.6881
0.515168
-1.70897
336.49
-0.115892
-0.937052
0.114744
-0.217842
3.50421
-3.3077
7.88366
-0.622026
1.14562
-1.53619
0.400091
-0.914513
0.324368
9.2412
-0.110372
-0.865487
-4.08955
78.5204
-4.18828
-1.34409
-0.0687066
0.190883
17.2565
1.18087
-0.248684
1.59841
-2.3826
1.16193
-13.398
-0.925732
0.158792
-2.35141
0.000339226
-0.782477
-0.611093
0.900247
-2.91974
-1.67939
-7.9633
7.33352
0.0907342
3.3036
2.69131
-2.50598
-0.827182
-0.0642762
-0.0729939
0.267028
0.387397
1.07544
53.3019
-4.47189
5.05018
0.28314
-3.19331
0.0287847
-0.585983
-0.0226153
0.113493
-1.2498
-0.62164
1.43865
2.7968
0.522185
-0.527341
4.11321
-4.16277
-198.367
-0.0227576
-0.0957853
0.256748
0.797056
-3.56743
-0.453279
0.291967
2.77367
-1.36705
-0.0996526
-3.62484
-0.0284998
-0.13075
-13.5339
3.504
-0.422973
1.03395
-1.19107
0.532706
1.46994
-6.48527
1.30449
-0.37453
-6.13944
-0.38323
-1.0274
1.35295
-1.71259
1.36838
-15.3695
2.69992
-1.05217
-0.145097
-11.9704
0.264649
-0.679125
-1.14653
-1.70637
0.19409
-0.00377285
-1.6265
-1.95374
-1.06554
-0.358609
0.534211
2.72888
0.867547
-1.15706
5.46683
0.317908
3.40645
3.88763
-0.388809
-5.54065
0.138346
1.82443
-3.62161
-0.733083
1.71592
-0.486855
1.52727
-5.01666
-0.639401
0.0317514
1.45646
1.58373
-0.872181
0.87394
0.708785
-0.486989
-0.450363
-1.14363
-1.01626
-0.655665
0.53095
1.42053
-0.73294
4.9279
2.28139
-1.7056
0.951239
0.596452
13.2051
2.38128
1.31257
1.74326
1.18012
-0.555024
2.69647
-0.434532
1.68066
-1.72956
-0.212404
1.65561
-4.77188
1.94169
-2.54681
-0.278227
-0.234316
1.69686
0.136689
0.0760879
-8.85352
0.521121
-0.465409
-2.86982
-1.027
0.0043713
0.699639
-0.379869
0.769828
0.150681
-6.14663
-2.99762
-0.0940136
0.103063
0.0514734
-0.160061
0.0240895
0.489066
0.168106
1.1182
0.400696
11.4983
2.23491
-0.161058
79.6902
-0.0321485
0.424587
-0.685002
-1.33857
-0.793759
-0.563122
1.08664
0.209607
-4.13245
-6.51376
-16.5594
0.690748
0.0705659
0.580202
0.0938526
-0.808339
0.265206
-3.87523
-0.884003
0.246201
7.9554
-2.09585
0.0952409
6.07066
-0.350373
0.189816
-0.148391
6.56332
1.22669
-0.814126
0.842008
1.25305
-0.0500785
-1.75829
1.07807
-34.4645
-0.945872
0.186131
1.0196
-0.779554
-2.17621
2.48753
-0.154106
0.877896
-0.357287
-1.41968
-1.39388
0.888353
-0.437238
1.86816
0.943394
14.0127
-0.344549
-1.9268
0.609086
1.01755
0.240738
-0.425358
0.553303
0.300153
-0.667838
4.33208
-72.7819
-0.292812
0.850119
2.93064
0.404187
12.2042
4.01955
0.478839
-1.05521
-0.66738
3.18057
-0.285949
-0.513438
4.88322
-0.592558
-0.180548
0.738954
1.65259
-1.03499
-0.379639
-1.87159
1.12242
-0.306123
0.331624
-5.06664
10.7719
28.1465
1.51449
3.57696
-0.871379
0.847724
-0.206202
-2.02051
1.33483
-2.42159
33.5424
-0.61266
0.868468
0.88121
0.305662
0.0271832
-0.425727
-1.46347
0.00468507
-1.65262
0.223873
-258.534
-7.75782
-0.00786404
-1.59356
-1.67943
2.31486
5.2612
0.127985
1.8828
0.71316
-0.129265
-2.62243
8.20151
-0.00845341
-1.09565
-1.59028
23.5351
-0.823492
0.158651
6.46972
-1.34718
2.41336
1.77936
-6.40085
1.34635
-0.384807
4.51693
0.224664
-0.906155
0.78388
1.29702
-0.0605773
-0.574154
1.22672
0.295064
-0.233515
0.326206
1.26547
-15.1013
-0.270966
1.34671
-0.218528
-0.0206751
3.34142
0.233871
-0.025657
-3.19648
5.4528
6.72115
-3.68074
2.37608
0.112862
0.0702286
-1.10687
-16.9556
23.6332
3.37937
-0.885899
0.125427
2.29595
0.113989
1.50425
0.888778
0.482629
-14.3482
-1.37042
-0.561012
14.4415
0.17552
-0.989654
-3.76334
0.182422
-3.13139
-0.195217
-0.109805
-0.198234
-0.494442
0.717793
0.219983
1.04312
-0.259728
0.232758
-0.227911
-10.2748
-0.160635
-1.95641
9.5213
0.10059
-8.16502
1.27235
-1.91448
-1.04063
0.819784
0.282596
1.19664
0.44828
0.772754
-0.63414
-0.341825
4.2175
0.548718
-0.916354
0.959611
0.154218
15.6745
-37.3521
0.740435
12.5962
-0.565136
-2.00456
-2.82887
-0.738561
-16.5217
-1.08446
5.34095
0.884099
-0.719549
-1.70078
0.333489
-0.150789
0.10436
0.90214
0.426128
-0.645081
-6.36098
-0.276901
0.670863
16.9194
2.05903
5.12212
-0.179307
0.0134547
-0.409285
1.40083
5.66969
0.471853
-0.0749406
2.20335
-3.54889
-0.447903
-0.774907
0.63181
0.588004
-0.330759
0.174288
-12.784
4.92442
-0.298542
1.55417
2.91044
-0.429856
-1.27514
0.524414
38.4594
-5.0887
1.38115
3.79428
7.52085
0.29453
0.633084
-0.867359
0.168538
1.52484
0.324288
-0.395331
-1.69054
-5.19691
-12.3397
6.00576
-0.0640669
0.692196
-0.522474
0.625342
-1.10444
0.796354
-1.21591
8.16055
0.483638
-0.335683
-0.266109
0.966394
0.751028
0.916525
-12.2377
0.433621
-1.43478
-0.741709
0.630931
-1.17641
-8.20738
-0.535867
1.03027
0.174603
0.0681605
-1.87817
-1.02633
1.48802
-0.229305
1.71896
0.363236
0.854649
1.04968
1.07133
0.0495676
-0.610221
1.2852
-1.78485
-0.587162
-0.696867
-2.29803
-2.40992
-2.81713
1.70956
0.000927094
0.25317
-0.308728
-1.2645
0.427391
-0.406808
-2.66382
8.78489
0.0541222
-4.23503
0.30778
6.09416
-1.19288
-1.98282
-1.42436
0.30726
-5.33524
-0.590669
-0.803716
0.424067
2.20811
0.0978627
0.200787
-3.71854
-0.62559
0.163184
-0.725873
-0.0208514
-1.68146
-4.24396
-2.26073
3.86013
0.409192
0.533407
-8.82913
1.10848
-0.00394972
5.49943
-51.5034
-0.470557
-0.257601
-0.0928184
0.868768
0.68927
4.04682
1.5679
-0.288845
1.57403
-1.15973
63.9251
0.309329
2.2765
-0.602381
3.34123
-1.57119
-1.10725
-1.53417
1.21674
-2.13754
3.01474
0.728969
-0.971973
-1.38098
-1.28018
0.509733
-5.00092
-0.697812
-1.4688
2.18378
1.78298
-0.0486622
-0.805065
0.658635
1.31434
0.336332
-32.1644
-0.164743
-0.733945
0.239023
1.35345
0.167001
-0.0651793
0.155134
0.928026
-1.99617
0.251806
1.63142
7.82306
-0.520009
-2.44635
0.211846
1.65715
1.30092
0.902501
1.58592
0.201299
1.08212
-4.48908
-7.6074
0.134511
5.86961
-0.612045
10.8182
-1.31202
0.784326
-0.111362
3.6329
2.72022
-5.12697
-0.948634
-1.50706
8.49423
7.72305
0.26208
-1.3077
0.0864697
-10.9429
11.724
0.701627
1.4834
1.72386
0.019585
0.211713
-18.3642
1.95125
1.87992
21.9339
-12.6023
0.33525
4.0323
-0.190128
0.668121
-6.36549
-0.0666684
-0.866285
-0.958208
-0.201996
3.40408
0.355514
18.7163
23.3945
0.0120854
-2.43672
0.271159
-1.53244
0.692856
-1.17691
0.894898
-0.476322
12.4628
-2.16757
0.463529
-2.3457
-1.20245
0.17025
611.196
-0.673948
-3.52417
-0.682415
-0.573186
-3.144
1.57268
2.58874
-2.09853
-1.75803
-9.57102
2.32085
-0.995325
2.27754
1.13155
4.32398
-5.24873
1.90263
-1.66331
0.0392994
0.784948
0.122041
-0.456138
-0.905911
-11.2491
0.710108
3.57802
-0.129439
-0.0214473
0.205221
-0.784701
-0.593189
2.5354
0.313321
-0.845906
-0.914765
-0.123868
0.269687
0.0768932
-1.04942
-0.801524
-67.9051
-4.08345
-0.560558
0.801716
2.13408
-0.517513
-2.43953
1.06201
7.94104
-2.44234
0.54486
0.0289586
-0.459909
6.55028
-152.112
-0.418505
-0.968953
0.308148
-3.91664
-0.321016
1.788
-13.7166
8.30776
0.766067
2.89667
-2.38988
-2.05024
-0.498116
-1.70535
4.93205
0.618106
9.23958
8.49756
-9.81972
7.82406
0.106558
3.94088
-4.18776
2.52038
0.120361
-1.92355
0.80037
-2.80907
-0.682155
-0.909651
1.04382
0.445245
0.196154
0.189591
-1.60032
-9.19513
4.24593
-0.692043
4.56117
0.49373
1.611
-25.2728
1.3149
0.0741167
-0.573839
0.264784
1.16132
0.0879097
-0.638264
-1.26588
-3.60134
-77.4288
0.766848
6.22752
152.837
-0.565927
1.3295
11.454
3.65833
-2.56939
1.77209
-0.311848
0.0625002
0.74086
-0.301238
-0.354887
0.771959
-1.39991
3.73586
-0.0769699
-1.34181
-0.269693
-0.183756
0.984033
9.94488
-5.1895
2.37674
-0.620515
1.15941
0.207039
21.6522
-0.234713
0.954603
40.8072
-2.15025
2.93548
1.13212
4.7651
0.714532
-0.688536
0.308054
-3.34312
2.25673
2.15171
0.0842531
0.947982
-1.85492
-0.318041
-18.7682
-0.190208
-2.63559
-1.8357
0.840643
-0.976544
-0.326452
0.290586
0.314322
0.371193
2.26415
0.39112
8.60135
-2.47725
0.322114
0.0565524
-6.01136
-6.1869
0.240485
7.71938
-0.617544
-0.113698
-0.539088
0.665321
-0.174161
-1.64589
4.4911
0.737113
31.4831
1.79252
0.523366
0.0552574
0.752807
0.793208
-167.199
-0.658362
-1.32292
1.27991
-0.542738
-6.94451
-4.87659
1.37634
-2.21802
1.69552
0.0511369
1.45706
0.488269
1.1789
-0.165404
0.322289
-4.33424
-1.56254
-0.126971
-0.236811
0.586292
3.81387
-0.107789
5.4049
-1.05021
37.8216
-0.436547
-0.27682
-0.126323
4.80937
0.735365
0.821877
-1.99881
-0.238392
0.409179
-4.31377
0.751279
-0.362375
-1.29652
0.540102
-0.465428
-0.943971
1.17498
-1.11301
-2.50548
-1.54408
-7.4522
2.88167
1.41882
-1.28504
1.25609
-0.0901892
1.42672
1.94048
0.661759
0.651905
2.05013
0.17976
1.25619
-18.4734
-1.92308
1.19108
-2.02577
4.94396
-1.2081
-1.76909
-0.0279019
-2.98907
0.396087
0.953697
-0.432928
0.631189
-0.19318
1.64431
0.349053
-14.759
0.454881
-1.29268
-1.0473
-1.86031
-2.06627
8.70846
0.506823
-0.641852
-0.626416
2.52565
0.871384
0.844602
-0.394876
1.58436
1.63069
-0.255786
4.11102
-0.0641843
-0.00287
-2.03336
-1.7854
-0.369811
-1.76598
0.359526
1.48741
6.5758
-6.56747
-0.934762
0.627962
0.252791
3.50404
-11.0984
28.1283
0.499418
-4.2053
0.588579
0.0861178
0.601483
0.564577
0.251501
-1.31449
0.322895
5.6689
-0.180436
0.859143
-1.97239
0.311214
-0.227889
0.796938
0.52872
-0.120846
-0.324181
-1.01715
-0.367852
-0.91161
0.779329
2.95861
-1.28424
2.20099
-0.0971591
1.69013
1.44526
1.99176
-0.380966
1.90824
0.0958913
0.862982
-4.78473
0.782689
2.29493
2.45714
1.52062
1.52801
2.67716
-0.330549
0.231135
1.5192
-0.787699
0.0972173
-6.21823
-0.620862
-0.64933
-0.73967
0.317225
-0.0515419
-0.421947
-0.8247
-0.856205
-1.28922
-1.61196
0.0305877
0.34788
5.33661
0.640035
-3.93908
-0.429333
0.138216
-0.147855
2.38296
1.28322
-1.34974
-0.368331
-2.0483
-2.25117
-73.3528
-2.18393
0.333376
-0.0151098
1.61973
0.887073
-0.145832
1.45109
1.61969
0.694005
2.44337
0.0732775
80.967
-1.08105
5.11648
1.68654
-0.928904
-9.69332
-0.0822635
-54.2157
-0.327423
-3.58253
-0.188345
1.04285
4.50526
1.09497
-5.93426
0.224894
0.433511
0.0105062
-34.4098
-2.60442
1.23478
0.0894647
0.164268
1.5786
18.583
335.884
-3.05646
-0.112906
0.600881
-1.82384
0.438362
-1.98073
2.69719
-15.0476
-44.0972
-12.3914
-1.95991
-0.115102
-0.000471957
0.303305
-0.0305114
-0.998621
7.05476
-0.774052
1.17167
-2.30197
17.7421
0.653912
-1.57607
-0.0420953
-36.8721
0.924064
-0.812827
-3.17894
0.107297
-2.66459
0.459226
-17.9309
-0.83771
-1.65685
5.05978
-2.81535
-0.356541
-2.81552
2.62953
5.85626
-0.389398
-0.282271
-10.3966
-15.9333
0.904906
-2.70801
-0.324288
-0.202442
-1.34799
0.0155049
-0.753128
0.502278
-0.0468615
0.63595
2.02242
-0.242048
1.72091
-2.23574
0.035732
-0.129072
-0.138802
0.136202
-1.08174
-0.550831
0.0428876
0.486018
-0.332691
0.304042
-0.670182
-1.26994
0.25512
2.90689
0.488387
-0.754712
7.92879
-0.765545
1.1962
-0.520684
-0.867856
1.10549
1.53973
0.332816
-2.59054
9.74852
3.74754
3.67728
-3.19774
41.6519
-0.611303
16.873
-9.77103
0.678887
9.0678
-0.404784
3.68161
0.532631
-0.200118
0.837174
2.39629
2.90108
1.25381
1.28238
1.88276
-72.98
0.452968
0.998469
-0.651658
-56.177
4.38805
-4.95461
1.57261
1.90727
5.5929
2.55556
-2.7291
-0.347378
0.197139
2.00808
-1.20208
0.054655
-0.984876
1.03252
-0.613888
-3.95309
1.33748
-0.118353
-1.33469
0.0855859
-1.45102
-0.282106
-1.38245
-0.0679712
-0.954596
1.6833
-1.63451
-0.409953
1.459
1.23072
1.41438
-1.3122
-1.97298
2.83046
0.783943
-0.982244
0.347099
-0.496977
-3.78465
-3.27226
-0.984706
1.8279
-4.97366
4.45874
1.23029
1.3852
0.295359
-0.278081
-1.02732
0.983454
0.116741
-3.43966
-0.651548
-1.02489
-0.147955
0.381713
-0.755879
1.39496
1.66545
-0.0217554
-0.164828
0.832365
1.20641
1.23334
1.32643
1.09845
-6.48977
-0.245951
-0.360405
1.85225
0.330161
-0.620592
1.28899
-0.303118
-11.136
-1.23056
1.19269
1.51111
-1.95669
1.388
-0.213836
-2.72682
20.88
-1.08358
-3.86578
5.57018
0.446158
-0.923328
5.54814
-4.04272
-1.00544
6.36154
-0.656045
3.94391
-37.2282
-1.05927
-0.986463
-0.315866
-1.08818
1.50115
-1.66351
-0.576173
-2.83548
64.419
-3.9809
1.23534
-0.633228
-0.0143486
0.031824
-0.178653
0.267034
-0.146679
-0.673361
3.37651
-5.02813
-1.0702
-1.08483
0.535123
-0.816928
0.576521
-0.393402
2.98048
0.198293
1.91729
-0.00805334
-1.66769
0.373562
-2.02147
1.59017
1.28243
-2.42108
0.157199
0.202307
0.157563
0.648299
-3.79853
0.38559
2.77395
-1.36236
-0.893761
-0.763567
0.552358
-0.77097
-14.9122
0.420377
2.62064
-0.87645
-15.7491
-0.069711
-6.5072
-1.32494
0.589282
-0.673825
-0.375708
-0.842668
-0.982559
1.12431
-0.193486
-0.228583
0.0919664
0.22476
2.39897
-2.06493
0.357159
-10.5293
0.887009
1.62766
-0.521724
-0.230224
-0.868524
0.821402
0.0314953
-4.65356
-0.660606
-1.43078
0.190275
0.264612
3.36425
-0.784143
0.111291
1.01837
0.812885
0.772091
-1.87928
18.5182
-0.260011
0.875994
-0.387058
0.424065
-0.140131
-0.563244
-0.951755
-0.427001
0.73562
0.894166
0.396907
-3.56839
0.88184
-0.337645
0.0215202
-0.425891
2.23666
0.0804512
2.30481
0.102569
-0.772091
0.660532
-1.70445
0.918063
-0.665858
-0.244449
1.12973
4.13937
280.213
-0.786578
-0.936398
0.449732
1.20259
-0.649103
-3.71935
22.4359
0.927286
-0.255241
-4.17324
1.41232
0.950884
0.0667063
2.43596
1.09888
1.38395
2.00456
-0.909976
-15.964
-1.18359
1.84579
-1.09663
0.584614
3.41291
-2.06417
3.28479
-11.5498
-32.7735
-2.29364
-3.4257
-0.428131
-1.16779
2.06155
-0.988736
-3.57898
-2.809
0.424541
0.620348
1.80681
2.1602
2.22143
-0.19701
2.49821
1.21522
-0.803743
12.9767
0.26696
1.03943
0.154395
0.097385
-3.40065
-0.365869
-3.30932
-0.0731141
-0.195284
0.432017
1.57926
-0.157354
0.925287
-0.810621
0.870661
-0.99587
-1.18002
-0.751929
-2.52983
-4.01626
0.228833
-4.34509
-0.0931118
6.98934
0.630149
-0.679196
0.373309
0.219286
0.383832
-3.97444
-0.374403
-0.0656122
0.599453
0.0193921
-0.599177
-3.1503
28.0334
-1.28701
1.31108
5.4758
-0.919552
-0.269316
-1.44927
0.00440677
-0.137031
-0.079797
3.70475
0.0278613
-0.599549
-13.7784
2.68684
4.78003
7.93719
6.88706
0.665177
20.5651
1.59841
-3.48415
-0.29589
-0.526709
0.736089
-0.384174
3.72979
0.0705626
4.62492
0.671535
-0.859305
1.59277
7.41366
0.951343
-2.17117
1.5373
-29.4485
2.93513
15.0529
2.76499
1.69313
-0.547843
0.340141
-4.45188
3.04718
-0.425541
0.177569
-1.94579
0.0248134
0.16129
2.69053
-0.223781
2.54443
0.578123
2.44807
-0.483749
2.3628
-1.8286
0.59488
0.060944
-0.796832
0.00411434
0.331527
0.153537
0.192523
-0.568567
0.271135
-0.675573
-4.07978
1.59363
-1.17329
-0.191648
0.783341
-0.380231
-4.50653
0.390514
0.845102
0.0207765
-0.785403
-0.438235
-1.74689
-0.460609
-0.605441
-38.1145
-0.169561
-0.416073
0.141391
2.03123
-0.289327
0.35335
0.0735311
2.09816
-1.4971
-7.4682
-0.888206
-13.2811
-0.117702
0.269845
-17.6747
-0.162889
-0.07358
2.21299
-0.608739
0.803137
-2.12152
-0.992731
0.979368
-0.0154391
-2.04166
2.704
3.42307
-1.34113
-0.712404
0.534843
-25.8052
0.00464305
1.19184
-2.51248
2.22518
-0.883381
1.07319
-0.728994
-6.11583
-4.13578
0.472849
0.916956
0.297546
4.21296
-0.177909
0.32579
0.526423
0.38412
-0.259273
133.859
-2.4677
0.118119
0.481958
-0.141586
3.37369
-0.757075
-1.05145
-1.17096
0.258582
-0.569886
-5.08302
-0.0968465
12.4185
1.13117
-0.35781
-20.1612
-0.184059
0.0143815
0.387048
-0.217549
0.527648
0.917682
0.465128
-0.445682
1.25851
1.05709
-0.799862
-0.0817994
1.36332
-0.173925
-0.68109
-0.0707655
-1.58738
0.974931
-1.33824
0.837412
-22.2583
0.591648
0.184881
6801.89
0.909293
1.85163
-3.77284
3.26391
-0.713127
0.501207
-2.96792
-0.790411
-1.66695
-0.407077
0.546533
0.035065
-0.709494
-2.01323
-8.37207
0.639348
1.68402
0.452117
-0.11642
-34.851
-0.761035
-0.0131573
-1.26439
-5.38665
1.82744
-1.66236
-1.64894
4.53666
-0.130659
0.51421
-0.0446602
9.6001
-0.686107
-0.00106749
-0.621052
-1.07153
-2.41505
0.122988
1.76279
0.791261
-0.107181
-0.130869
-0.166014
-0.285213
-2.53816
0.293661
-1.41493
1.87011
0.122076
-1.18351
3.97187
-0.444397
-0.0144608
-0.25027
1.4517
0.335016
-2.81797
-0.299807
-4.48739
0.0204361
0.717251
-3.89919
3.8505
0.0953161
-0.926231
7.77689
-2.2807
1.69344
2.31502
-2.16339
2.05675
-0.858623
-1.61708
-8.81385
1.82781
-0.529927
-0.544458
-0.7766
0.120666
0.659526
1.44196
-0.316649
-0.317005
1.12602
-0.716971
0.733721
0.459882
1.15891
0.0569255
-0.345278
-1.5385
0.457937
0.73028
6.07074
-1.02335
-2.80823
0.912159
2.30364
4.65257
-2.61984
0.505846
0.403818
-8.52541
0.931408
-2.06358
-0.691867
-0.132004
-4.0158
-1.06493
-2.24328
0.304204
0.160667
-0.0625431
8.53119
-0.955038
0.418471
-1.58533
-0.425859
0.506229
0.869501
-3.74123
-1.46146
4.61636
0.220751
1.86306
-2.46838
1.37963
-13.0932
-3.20783
0.631841
-0.251501
0.211807
-15.8752
1.46264
0.495428
18.4968
1.57367
-0.746729
-3.21013
-2.03244
0.413142
-3.69408
0.394405
-0.842004
-0.982619
-1.21989
-0.695996
-17.6584
-0.357263
-1.47541
0.0306303
-0.331751
-387.091
2.34931
-0.764973
5.31443
0.533564
-3.43274
-4.80444
3.37731
0.554434
-0.14795
3.13918
0.739782
-0.00584613
-1.28389
0.754981
-3.0039
1.64039
0.81868
-0.337541
-1.17393
-0.648868
1.85345
2.06116
-1.88408
12.0466
1.74441
0.477098
-1.55488
-1.55366
2.16023
0.442298
0.202805
0.404048
-13.4241
-25.5081
-0.0321136
0.367321
-0.542603
2.45151
-64.4866
-4.8356
-9.80701
29.0358
0.544063
-0.337959
1.06583
1.98529
2.16239
0.344701
0.354863
-0.0171942
-0.0728378
-0.730755
0.865093
0.716939
68.0448
1.13995
-0.642835
0.830898
-0.297216
1.43643
-0.427621
-2.5768
0.856758
0.12252
4.26532
-0.53562
0.0352251
0.964806
-1.62509
6.74892
1.45872
23.0829
3.04097
5.92903
0.101785
-4.33162
1.07969
-0.0265404
-0.615086
0.750877
-0.36914
-2.41424
-5.75287
-0.961366
1.96698
-0.0615634
-3.06567
4.08027
0.918106
-0.414176
-2.59623
-1.24549
-2.0142
1.27513
-2.09074
-0.551786
0.758164
0.00111367
-0.56384
-0.304187
2.80778
-0.0724456
1.72117
-0.430355
0.19208
-0.754894
0.232002
-1.25362
0.524017
-1.42858
-0.215792
-1.00407
0.175568
-0.348391
2.8634
-0.329838
8.09895
-5.09711
-3.37252
-0.281454
8.9478
0.480638
0.188528
-1.11732
-1.50496
-1.85362
0.257318
48.1945
0.0197154
0.537301
4.93221
-0.805253
3.18909
0.453449
-0.0631415
0.514344
-5.94952
0.412533
-1.92698
0.662571
-0.150426
-27.5158
0.14041
-0.0502937
8.28826
1.57043
0.491372
-0.148509
-0.969742
0.850614
1.37737
3.83216
71.9701
0.0324869
-1.90133
-0.321828
-2.71104
0.0974062
0.905742
-1.00558
0.727223
-7.8656
0.0678451
-1.56446
-1.39158
1.53287
-0.617213
0.516115
-0.887062
-0.790238
-0.877195
-0.170967
0.109424
0.39573
-13.8155
-1.89456
2.50898
-0.0152461
-0.383425
-0.415311
-2.63139
0.0939747
42.6206
2.46593
3.21012
3.4204
0.688301
0.299915
-6.55579
2.69373
-0.604293
-0.125027
4.20389
2.37611
-0.160433
-0.392308
0.283518
-0.235988
-0.273267
-6.17123
1.33987
0.0719894
1.16322
1.48812
11.3397
-1.54703
0.403875
3.34854
0.39681
1.43028
-1.7625
-0.79974
-0.67373
1.31211
-0.651919
-212.121
0.649619
-0.773962
4.24041
0.390744
-0.561063
-0.00291431
0.0422269
7.5439
0.273947
0.440462
7.71757
-1.29671
-1.34672
-3.08183
-32.2368
0.657766
-0.139349
0.991289
-1.38272
-0.119743
-0.917361
1.0074
-0.44896
-0.87804
-0.47419
-2.62434
1.86472
-1.41869
-0.88549
-0.536234
-0.258938
-6.75492
1.1021
-0.808805
3.05207
0.0544128
-2.65582
-1.25532
-12.4538
-0.935913
-0.288362
-22.6027
-0.897101
-0.444461
-0.0805115
2.60427
1.34008
38.101
0.73831
5.51795
-16.4741
0.0749943
0.407385
-0.392454
-1.68867
4.15782
0.370385
-0.112005
-0.617302
-29.1809
9.90008
4.8833
3.00364
-1.55044
0.684912
0.433999
1.34497
0.616898
1.66153
0.0575429
0.295921
-4.19848
-0.680519
0.930777
0.400544
-11.9984
0.780237
-2.65068
117.553
-0.227948
2.11985
-0.354775
0.34423
0.0355537
0.761344
0.798982
-0.396659
3.03364
0.332458
-3.44928
0.909924
5.29491
-19.1013
0.213022
-1.03552
-1.62634
3.31569
-1.62617
2.88579
-6.22838
1.5523
0.786713
-9.16884
0.291988
-3.13934
12.906
0.329304
-0.423929
-0.850442
2.31961
-0.190599
-4.09519
-0.125594
-1.70626
1.53845
0.530595
0.0488153
0.0487976
-0.877271
-2.68166
1.07075
1.34364
-1.82069
0.141329
0.138666
0.175697
1.60092
-0.0242618
2.74905
-1.44955
-0.0618544
-0.941507
-0.300455
-0.993407
0.17886
0.750048
5.31962
-7.68596
4.84413
0.206082
-1.15234
4.19702
0.371282
-1.06789
0.236318
-5.94323
1.10608
0.211893
1.91295
-1.99138
3.30137
-4.46994
-0.456674
-0.577048
0.974686
1.61915
1.49251
33.6395
0.137118
-3.55672
0.338482
0.888946
-0.416468
-0.407473
-8.20163
-0.950859
57.8917
-3.14886
-0.213264
-0.374336
0.232335
0.0376664
1.08905
1.03485
1.69716
1.00071
-0.53997
2.24509
2.42784
0.477551
-2.29739
2.09361
15.6659
-0.703706
0.324236
-2.69637
0.408145
0.303784
-1.33675
-2.41388
-0.660037
2.07018
-0.353677
-2.06146
2.48862
0.0990272
7.03645
0.205973
-1.34015
-0.648723
0.429917
1.40894
-8.14096
-5.29782
-5.16151
1.0768
-3.52285
2.24367
-1.1065
-0.389139
0.871094
-2.94007
0.727045
5.10255
8.5064
-0.95772
-25.6003
2.03621
-0.298208
1.43055
-1.34054
-1.35651
1.19686
1.59479
2.90641
4.73934
1.11143
1.89979
1.27435
-0.937775
1.54495
0.108809
-4.85219
-5.70239
-1.41817
-37.4545
1.64928
1.10206
1.24627
-0.184232
2.59027
-0.734854
0.434516
1.08156
-0.2663
-0.585842
0.170046
0.915438
-0.804435
4.94735
-0.145178
0.507533
0.241128
0.218805
0.247926
0.618906
-0.685098
0.647439
-3.27069
1.83029
0.65874
0.452711
-111.315
1.91238
-2.23041
-32.2075
-0.760722
-1.67059
-0.710256
-1.89041
1.17702
-3.80931
-0.651416
0.0746351
2.62187
-78.8657
-0.0535621
0.667701
-12.7814
0.0369317
16.8354
-3.34609
-4.33306
0.920127
-0.31673
-0.0165785
-0.615006
0.158802
1.39087
7.68908
0.803418
-1.60364
8.79546
-1.07034
0.351026
15.7919
-2.05874
1.71091
85.0868
-0.353389
-0.304106
2.52438
-1.3395
-0.0598403
0.720325
-0.362131
-0.200795
-47.5271
-1.0299
0.614336
-4.82887
-0.153259
9.53893
0.021806
1.43348
-0.754581
-3.86854
-0.598058
-0.337013
-2.37575
-5.94829
-2.48511
-2.78748
-4.96522
1.74943
-8.99032
-0.00558429
-0.412943
-2.02667
0.528666
-0.579106
0.015439
-0.0371227
2.0043
0.164978
-24.1133
0.573329
-2.42897
-8.04937
-0.740016
0.579019
0.951306
14.4646
4.79427
1.66355
1.7379
0.201344
-0.620622
0.951573
-0.598755
-7.50482
-2.50867
9.90527
-2.47668
2.47234
-0.155566
-6.09466
-0.105978
-0.139424
1.14262
-2.23421
0.383774
0.00553346
-0.126768
-3.90208
0.802481
0.937497
0.640326
-0.232137
-1.3411
-3.75797
1.00083
0.0181129
0.484728
-0.954912
-1.5451
1.35837
-8.20524
-0.407407
-0.975326
-1.65031
0.954231
-0.35182
-27.923
-0.554082
0.334606
0.00621553
0.915064
3.45291
-24.9957
-0.834096
2.70525
-1.25768
-4.51274
0.252931
10.0959
0.0778853
1.96148
-0.820691
-1.55109
0.423391
-0.637875
-0.249038
0.452472
0.37352
-0.596612
-0.62332
0.338894
-0.0499474
-0.461533
-0.144153
2.79915
-0.678764
0.0372897
-2.25709
0.686797
-3.16685
0.33967
-0.0369425
-0.572953
0.630067
2.65323
0.21745
0.109929
1.04879
0.673204
-1.80763
0.184944
-1.74332
-5.48247
0.710635
-54.6255
-0.525067
1.55981
-0.034901
4.12616
4.27285
1.23546
0.224886
1.04208
-7.38698
-0.801075
-1.37025
2.63024
-36.8726
-1.15413
-12.0289
1.90373
0.809322
4.76326
-0.557288
-4.08536
0.84009
-1.83965
-0.220145
1.08388
2.41779
-5.51971
-0.105697
1.097
-0.389626
-4.09195
3.12244
7.34529
0.821577
0.455265
0.679268
-0.646061
0.669491
1.44782
-0.477189
-2.74824
-1.90206
0.267673
-0.665231
-2.43632
0.383251
-0.73745
0.853568
14.1328
-1.67606
0.585013
0.891617
-1.05565
0.494279
-2.02176
0.0393382
93.993
-0.0624859
-0.839465
0.362893
0.815877
-1.76107
2.75762
-0.223823
-0.036083
0.688036
2.0132
-0.534951
6.50246
0.239382
-0.330773
-5.22031
-1.13138
-0.632539
0.495562
-0.452802
0.0264791
0.228361
1.51687
1.4823
-11.951
-0.543819
2.11613
-0.206828
2.55451
-1.2596
-1.11113
2.77642
0.584555
-0.414088
-7.07142
-0.819387
-1.29347
-1.16623
1.86634
1.01813
0.641924
1.31736
-2.81934
-4.72854
-0.678425
-0.444694
-0.646749
-2.59466
-1.09127
-0.78868
0.905407
33.0858
-1.02248
4.47423
2.07575
-0.580297
-1.86171
-1.56167
-1.19114
-0.271526
-8.10505
-0.186108
0.762561
-0.813203
0.369492
-0.380764
0.0468941
0.378889
-0.281937
1.01743
3.10837
2.36281
-0.356082
0.0417962
-3294.77
0.0619207
-7.78596
3.1943
6.03451
-1.4126
-10.2862
-13.8613
0.473102
0.177231
-1.91274
4.59577
-9.46069
1.24283
2.80813
1.0394
0.540236
0.340605
0.780801
-0.00199492
-1.17925
13.3475
-2.94223
5.45453
-1.44755
6.70982
3.05703
0.964422
-1.00084
-0.719997
2.89
-0.397957
-0.771469
0.406102
-1.42305
1.23016
-2.40889
-0.69072
-0.366058
-0.847435
-0.51362
0.538658
59.0403
-0.249036
0.737072
1.80267
-1.05022
-0.929429
1.84592
0.359715
18.0764
3.0169
-0.337446
-0.6771
9.72067
2.15727
-0.975403
-0.190793
-1.29709
44.9236
0.947901
-0.0129707
-2.4636
-0.0203459
-0.0208708
-1.85144
-0.0760119
0.181678
-2.58057
38.8815
-0.308214
-1.73543
-0.106014
-0.0301656
-0.232401
-15.0899
-0.612028
2.88785
2.30906
0.582934
11.6489
-2.98348
-1.23339
4.36578
0.792132
0.383796
0.251909
-0.910524
-1.24509
0.782813
0.23731
-0.768507
-3.23992
-1.37017
2.00501
-0.997689
-1.27222
-1.34809
-3.63472
-0.292318
1.38732
-0.38701
-2.60406
0.745366
0.535742
1.77716
0.872376
0.657664
-0.645768
11.1816
8.61076
0.511314
2.00159
2.12303
1.02202
14.693
0.575649
-1.253
1.76151
-0.501878
-0.841551
-0.504733
1.9591
0.166002
-1.72008
15.4681
2.64089
2.02634
0.665368
-7.68009
-1.08517
-0.479021
0.51425
-0.349369
0.70124
-0.532327
2.2556
-4.10117
2.58408
-0.888613
0.487217
0.792534
-0.287889
-0.767659
0.402451
-1.5658
-0.471854
1.3327
-0.62795
2.20214
-0.168157
1.42434
-0.179332
0.00383157
-14.6553
-1.197
-1.30851
-1.74405
23.2708
1.98698
0.0835393
