0
1.28911
0.909932
1.38332
1.10239
0.9068
0.79418
0.688002
0.610182
0.563528
0.633203
0.589358
0.548785
0.508943
0.493444
0.473768
0.446864
0.421923
0.477182
0.460367
0.439739
0.420347
0.424669
0.406672
0.392191
0.381946
0.367931
0.356189
0.352255
0.340382
0.332867
0.323989
0.314186
0.306739
0.299246
0.294644
0.286626
0.279166
0.283247
0.276075
0.27161
0.266013
0.259755
0.260666
0.257855
0.252392
0.247188
0.242352
0.237804
0.238046
0.233376
0.229826
0.236709
0.233522
0.239851
0.235586
0.23621
0.232149
0.23204
0.230052
0.226256
0.222631
0.223371
0.219882
0.219357
0.222813
0.22009
0.217655
0.214743
0.211684
0.208783
0.205912
0.203336
0.201896
0.205936
0.203309
0.201438
0.198934
0.198479
0.195986
0.193762
0.192411
0.191491
0.189497
0.187528
0.186654
0.184736
0.185525
0.18343
0.181391
0.180258
0.178742
0.178773
0.176995
0.175195
0.173366
0.171569
0.169937
0.173656
0.171918
