0
0.0360136
0.0954406
0.0680276
0.0688028
0.0566908
0.0491498
0.0427174
0.0419001
0.040866
0.0372583
0.034714
0.0322069
0.0301133
0.0282589
0.0265193
0.0250943
0.0240341
0.0227719
0.0216054
0.0205512
0.0209057
0.0205684
0.0197081
0.0191155
0.0184903
0.0186322
0.0179554
0.0173318
0.0167487
0.0167141
0.0165052
0.0160779
0.0157254
0.0172347
0.0167492
0.0163017
0.0164462
0.0161085
0.0161563
0.0157574
0.0154159
0.0160454
0.015749
0.0155011
0.0151605
0.014924
0.0147182
0.0144156
0.0144039
0.0141257
0.013854
0.0136548
0.0139084
0.0137953
0.013651
0.0134775
0.0133676
0.0131551
0.0130355
0.0128681
0.0126606
0.0129405
0.0127371
0.01263
0.0126275
0.0124382
0.012254
0.0120843
0.0120048
0.0118367
0.0117
0.011542
0.0114388
0.0113119
0.0113063
0.0112028
0.0113341
0.0112192
0.0110845
0.0111253
0.0110805
0.0110512
0.0109333
0.0108065
0.0106819
0.0105585
0.010471
0.010418
0.0103373
0.010423
0.0103364
0.0103077
0.0102048
0.0101143
0.0100276
0.00992771
0.00982938
0.00972963
0.00963281
