0
0.0155039
0.0109028
0.00854659
0.0115883
0.0114942
0.0101512
0.0109509
0.00974168
0.00881544
0.00826374
0.00761814
0.00995143
0.00936271
0.010833
0.0119509
0.0112265
0.0110605
0.0108703
0.0103136
0.0100596
0.00964518
0.0110622
0.0106502
0.0102575
0.0101651
0.0098589
0.00950803
0.00966501
0.00968647
0.00936928
0.00920237
0.00896935
0.00879319
0.008539
0.00833331
0.00810534
0.00796262
0.00781967
0.00762495
0.0074402
0.00728584
0.0071202
0.00695661
0.00700913
0.00685568
0.00672719
0.00662679
0.00649912
0.00642498
0.00632384
0.00621873
0.00616058
0.00608515
0.00599652
0.00588863
0.00579143
0.00587571
0.0059218
0.00583482
0.00573947
0.00564909
0.00558995
0.00551781
0.00558472
0.00550736
0.00542455
0.00538706
0.00530886
0.00530151
0.00522642
0.00516081
0.00515144
0.00518875
0.00515868
0.00509109
0.00503515
0.00497031
0.00494633
0.00489007
0.0048294
0.00481746
0.00476264
0.00470576
0.00465675
0.00461518
0.00456362
0.00451188
0.00446167
0.00441214
0.00437629
0.00434642
0.00434115
0.0043089
0.00430794
0.00427262
0.00422915
0.00421851
0.00419139
0.00419243
