1.47567
1.46017
1.46639
1.47008
1.47959
1.48612
1.48317
1.47664
1.47537
1.47671
1.47888
1.47781
1.48488
1.48655
1.48011
1.48645
1.48657
1.48336
1.48631
1.48615
1.48838
1.4894
1.49552
1.4944
1.49533
1.49283
1.4916
1.49198
1.49503
1.49245
1.49235
1.49081
1.48986
1.49113
1.49101
1.49178
1.4917
1.49278
1.49178
1.49156
1.49179
1.49239
1.49268
1.49264
1.49094
1.49085
1.49135
1.49209
1.49243
1.49157
1.49215
1.49168
1.49254
1.49323
1.49376
1.49371
1.49343
1.49197
1.49328
1.49289
1.49301
1.49319
1.49378
1.4942
1.49549
1.4952
1.49519
1.49587
1.4958
1.49665
1.49669
1.49696
1.49617
1.49722
1.49658
1.49649
1.49617
1.4962
1.49683
1.49707
1.49704
1.49637
1.49618
1.49614
1.49589
1.49555
1.49542
1.49548
1.4954
1.49545
1.49512
1.49472
1.49532
1.49567
1.49505
1.49534
1.49526
1.49578
1.49542
1.49602
