4.89659
5.06422
5.06686
5.07783
5.06215
5.04685
5.02552
5.04113
5.04984
5.034
5.02262
5.01311
5.01404
5.00807
4.99986
4.99036
4.99099
4.98695
4.98108
4.97549
4.97804
4.97886
4.97982
4.9845
4.98695
4.98781
4.98116
4.98157
4.98399
4.98228
4.99139
4.99211
4.99298
4.99078
4.99367
4.99084
4.99303
4.99303
4.99237
4.99277
4.99102
4.99039
4.99127
4.99032
4.99218
4.99057
4.98835
4.9903
4.99132
4.9881
4.99085
4.99123
4.99221
4.99307
4.9912
4.99054
4.99299
4.99442
4.99334
4.99434
4.99753
4.9995
5.00064
5.00233
5.00256
5.00269
5.00565
5.00628
5.00542
5.00488
5.00725
5.00599
5.00797
5.00938
5.00903
5.00754
5.00658
5.00662
5.00458
5.00498
5.00599
5.00482
5.00528
5.00518
5.00698
5.00846
5.00723
5.00967
5.01005
5.00884
5.00857
5.00759
5.00842
5.00805
5.00823
5.00868
5.00921
5.01069
5.01209
5.01224
