0
0.0230863
0.0309161
0.0238828
0.0206063
0.0173692
0.0155438
0.0141091
0.0126099
0.0143428
0.013045
0.011949
0.0109966
0.0103006
0.0100296
0.00966904
0.00908734
0.00861574
0.00816249
0.0089522
0.0086835
0.0082854
0.00800836
0.00769001
0.00759207
0.00769234
0.00740441
0.00716193
0.00722699
0.00716271
0.00717943
0.00696678
0.00685531
0.00665531
0.00652201
0.00637793
0.00620336
0.00604578
0.00596009
0.00580929
0.0057501
0.00566015
0.0056448
0.00553639
0.00541721
0.00596474
0.00585332
0.00573908
0.00563729
0.00552778
0.00545333
0.00548561
0.00540429
0.00530718
0.00522451
0.00516721
0.00507582
0.00499555
0.00494162
0.0048603
0.00484475
0.00486312
0.00482051
0.00476133
0.00475805
0.00472294
0.00473399
0.00469338
0.00463041
0.00466138
0.0046477
0.0046888
0.00468671
0.00463695
0.00461092
0.00456546
0.00454256
0.00448539
0.00442868
0.0043735
0.00432599
0.00427554
0.00425663
0.00423561
0.00418735
0.00413849
0.00412556
0.00407889
0.0040355
0.0039905
0.00401228
0.00396928
0.00392929
0.00389105
0.00384988
0.00380962
0.00378658
0.00374776
0.00373069
0.00373993
