0
0.0445907
0.0257743
0.0237227
0.0486492
0.0592182
0.0539625
0.0477973
0.0443342
0.0396543
0.0358756
0.0328363
0.0306978
0.0299412
0.0297868
0.0287464
0.0287892
0.0275943
0.0272048
0.0266375
0.0257508
0.0249999
0.0250447
0.0239866
0.0238133
0.0231065
0.0222784
0.0220642
0.0221232
0.0215852
0.0211972
0.0206979
0.0200975
0.0197822
0.0195777
0.019029
0.0185258
0.0182667
0.0177922
0.0180562
0.0176212
0.0174444
0.0170355
0.016724
0.0163496
0.0160774
0.015756
0.0155508
0.0152689
0.0151464
0.0150167
0.0147528
0.0144889
0.0142356
0.014135
0.0138846
0.0136434
0.0134713
0.0132971
0.0133834
0.0133161
0.01337
0.0133897
0.0133501
0.0132091
0.0130149
0.0130159
0.0128527
0.0126673
0.0126353
0.0124757
0.0128554
0.0126783
0.0127493
0.0126734
0.0127936
0.0126717
0.0125382
0.012388
0.0124598
0.0123457
0.0125754
0.0124247
0.0122774
0.0121804
0.0120598
0.0119249
0.0117952
0.0116888
0.0116046
0.0115749
0.0115132
0.0114958
0.0113786
0.0114621
0.0113624
0.0113604
0.011346
0.0112391
0.0111386
