1.5068
1.52989
1.50199
1.49238
1.50145
1.49714
1.49203
1.49626
1.49421
1.50307
1.50171
1.50072
1.50039
1.49882
1.49588
1.49354
1.49325
1.49416
1.4937
1.49819
1.49989
1.50021
1.499
1.49959
1.50139
1.50383
1.50364
1.50302
1.50091
1.49931
1.49742
1.49788
1.4967
1.49645
1.49557
1.49486
1.49491
1.4946
1.49368
1.49365
1.49267
1.49193
1.49307
1.49259
1.49235
1.49509
1.49553
1.49586
1.49542
1.49564
1.49503
1.49625
1.49575
1.49595
1.49556
1.49618
1.49621
1.49592
1.49648
1.49635
1.49556
1.49459
1.49401
1.49361
1.49443
1.49502
1.4959
1.49643
1.4962
1.49715
1.49784
1.49884
1.4996
1.49924
1.49866
1.49904
1.49962
1.49973
1.49967
1.4996
1.49984
1.49999
1.50052
1.50002
1.49989
1.49986
1.5004
1.50034
1.50019
1.50021
1.50094
1.50086
1.50101
1.50084
1.50085
1.50087
1.50122
1.50123
1.50083
1.50142
