5.00644
4.97534
4.92848
4.99075
4.99778
4.9547
4.97415
4.97279
4.96345
4.97111
4.96928
4.95866
4.9657
4.97393
4.97853
4.96934
4.96711
4.96828
4.97895
4.97601
4.97594
4.97398
4.98028
4.97435
4.97664
4.97276
4.97274
4.97151
4.97745
4.98285
4.97931
4.97524
4.98263
4.98292
4.98377
4.9864
4.98735
4.98818
4.99105
4.98958
4.98994
4.98946
4.98984
4.98835
4.98842
4.98996
4.98564
4.98745
4.98562
4.98663
4.98431
4.98396
4.98146
4.9809
4.98065
4.97712
4.97875
4.97988
4.97844
4.97781
4.97663
4.97752
4.97686
4.97467
4.97752
4.98148
4.9789
4.98021
4.98121
4.98052
4.98009
4.98059
4.98271
4.98216
4.98346
4.98383
4.98436
4.98504
4.98534
4.98593
4.98646
4.98636
4.98561
4.98678
4.98564
4.9873
4.98823
4.9869
4.98764
4.9874
4.98685
4.98627
4.986
4.9861
4.98514
4.98414
4.98247
4.98209
4.98225
4.98168
